206.6	1.252233208	1.985916564
210.895083	1.288605017	1.975347792
215.279458	1.320539863	1.965977779
219.754982	1.348883362	1.958537185
224.323549	1.374628429	1.953474799
228.987094	1.398826114	1.950920549
233.74759	1.422485501	1.950679794
238.607055	1.44647562	1.952262268
243.567544	1.471443129	1.954942728
248.631159	1.497756689	1.957844209
253.800044	1.525483411	1.960031123
259.076386	1.554396291	1.960599229
264.46242	1.584006393	1.95875241
269.960426	1.613610812	1.95386084
275.572732	1.642347331	1.94549986
281.301715	1.669248583	1.933472781
287.1498	1.693291661	1.917823213
293.119462	1.71344306	1.898843489
299.21323	1.728703166	1.877084702
305.433684	1.738158646	1.853370482
311.783457	1.741053695	1.828810249
318.265237	1.73689001	1.804798493
324.88177	1.725557795	1.782976523
331.635856	1.70748408	1.765126293
338.530356	1.68376051	1.752969357
345.568188	1.656186961	1.747866314
352.752332	1.627155639	1.750458228
360.085829	1.599326336	1.760351216
367.571786	1.57512082	1.775982617
375.21337	1.556166255	1.794774542
383.013819	1.542873299	1.813569301
390.976433	1.53428803	1.829216179
399.104586	1.528235639	1.839129272
407.401718	1.521666028	1.841684565
415.871341	1.511076211	1.836416515
424.517043	1.492912261	1.824046326
433.342484	1.463903818	1.806403611
442.3514	1.421328741	1.786300322
451.547605	1.363237223	1.767395654
460.934994	1.288685306	1.754057295
470.517541	1.198031282	1.751171983
480.299302	1.09330562	1.763784716
490.284421	0.978523166	1.796397997
500.477123	0.859575064	1.851891923
510.881726	0.743288882	1.930467715
521.502634	0.635790656	2.029415843
532.344343	0.54109335	2.144082909
543.411445	0.460739155	2.269391063
554.708625	0.394373918	2.400972842
566.240666	0.340593025	2.535599919
578.012451	0.297605603	2.671127755
590.028964	0.263621057	2.806256887
602.295292	0.237028009	2.940283309
614.81663	0.216453835	3.07289809
627.598279	0.200765475	3.204042941
640.645649	0.189045342	3.33381143
653.964267	0.180559281	3.462383428
667.55977	0.174724391	3.589982618
681.437915	0.171079979	3.716849636
695.604578	0.169262728	3.843225689
710.065756	0.168986132	3.969343096
724.827574	0.170023837	4.095420338
739.89628	0.172196354	4.221659993
755.278255	0.175360582	4.348248437
770.980012	0.179401637	4.475356583
787.008198	0.184226512	4.603141181
803.3696	0.189759203	4.731746355
820.071146	0.195936969	4.861305208
837.119906	0.202707475	4.991941357
854.523099	0.210026622	5.123770363
872.288093	0.217856883	5.25690101
890.42241	0.226166054	5.391436431
908.933728	0.234926294	5.527475099
927.829885	0.244113394	5.665111665
947.118881	0.253706232	5.804437694
966.808882	0.263686345	5.945542278
986.908227	0.274037609	6.088512566
1007.425424	0.284745995	6.233434214
1028.369161	0.295799382	6.38039176
1049.748305	0.30718741	6.529468952
1071.571907	0.318901374	6.680749021
1093.849209	0.330934142	6.834314908
1116.589641	0.343280083	6.99024947
1139.802833	0.355935028	7.148635645
1163.498612	0.368896223	7.309556594
1187.687011	0.382162307	7.473095828
1212.378272	0.395733287	7.63933731
1237.582849	0.409610522	7.808365552
1263.311413	0.423796707	7.980265689
1289.574857	0.438295869	8.155123553
1316.384302	0.453113354	8.333025727
1343.751098	0.468255825	8.514059609
1371.686833	0.483731256	8.698313453
1400.203333	0.499548932	8.885876415
1429.312674	0.515719447	9.076838595
1459.02718	0.5322547	9.271291073
1489.359431	0.549167906	9.469325946
1520.322271	0.566473588	9.671036358
1551.928808	0.584187588	9.876516538
1584.192425	0.602327069	10.08586183
1617.126783	0.620910525	10.2991687
1650.745825	0.639957786	10.51653483
1685.063785	0.65949003	10.73805907
1720.095194	0.679529796	10.96384152
1755.854884	0.700100994	11.19398353
1792.357996	0.721228925	11.42858776
1829.619984	0.742940299	11.66775818
1867.656625	0.765263253	11.91160013
1906.484023	0.788227375	12.1602203
1946.118619	0.811863727	12.41372683
1986.577193	0.836204876	12.67222929
2027.876875	0.861284925	12.93583869
2070.035151	0.887139538	13.20466759
2113.069871	0.913805986	13.47883005
2156.999256	0.941323178	13.7584417
2201.841905	0.969731703	14.04361975
2247.616804	0.99907388	14.33448303
2294.343334	1.029393796	14.631152
2342.041279	1.060737362	14.9337488
2390.730835	1.093152366	15.24239726
2440.432615	1.126688525	15.55722291
2491.167664	1.161397547	15.87835304
2542.957462	1.197333194	16.2059167
2595.823938	1.234551345	16.54004468
2649.789474	1.273110064	16.88086962
2704.87692	1.313069677	17.22852594
2761.109598	1.354492838	17.58314989
2818.511318	1.397444616	17.94487957
2877.106384	1.44199257	18.31385492
2936.919604	1.488206836	18.69021773
2997.976303	1.536160215	19.07411165
3060.302332	1.585928262	19.46568222
3123.92408	1.637589381	19.86507679
3188.868484	1.691224924	20.27244461
3255.163041	1.746919289	20.68793673
3322.835819	1.804760024	21.11170607
3391.915472	1.864837934	21.54390734
3462.431247	1.927247191	21.98469706
3534.413001	1.992085446	22.43423351
3607.891209	2.059453947	22.89267672
3682.896983	2.129457653	23.3601884
3759.462079	2.202205359	23.83693195
3837.618916	2.277809819	24.32307238
3917.400583	2.356387871	24.81877625
3998.840861	2.438060571	25.32421164
4081.97423	2.522953315	25.83954806
4166.83589	2.611195982	26.36495641
4253.46177	2.702923063	26.90060885
4341.888547	2.798273801	27.44667876
4432.153661	2.897392328	28.00334063
4524.295329	3.000427804	28.57076994
4618.352565	3.107534559	29.14914309
4714.36519	3.218872234	29.73863723
4812.373858	3.33460592	30.33943015
4912.420063	3.454906301	30.95170015
5014.546166	3.579949795	31.57562587
5118.795406	3.709918691	32.21138617
5225.211921	3.84500129	32.85915989
5333.840769	3.985392036	33.51912573
5444.727941	4.131291656	34.19146202
5557.920388	4.282907281	34.87634652
5673.466033	4.44045258	35.57395623
5791.4138	4.604147874	36.28446709
5911.813626	4.774220257	37.00805381
6034.716488	4.950903698	37.74488956
6160.174423	5.134439152	38.49514575
6288.240549	5.325074644	39.25899169
6418.969089	5.523065358	40.0365943
6552.415392	5.728673713	40.82811785
6688.635959	5.942169419	41.63372359
6827.688466	6.163829533	42.45356939
6969.631786	6.393938493	43.28780945
7114.526018	6.632788137	44.13659389
7262.432509	6.880677714	45.00006836
7413.413883	7.137913863	45.87837369
7567.534063	7.40481059	46.77164546
7724.858305	7.681689207	47.68001357
7885.453218	7.968878265	48.60360184
8049.386798	8.266713453	49.54252757
8216.728453	8.575537475	50.49690105
8387.549035	8.895699902	51.46682519
8561.920869	9.227556996	52.45239495
8739.917783	9.571471502	53.45369697
8921.61514	9.927812414	54.47080905
9107.089869	10.2969547	55.50379968
9296.420502	10.67927901	56.55272755
9489.687198	11.07517133	57.61764114
9686.971786	11.48502261	58.69857818
9888.357796	11.90922836	59.79556523
10093.93049	12.34818819	60.90861721
10303.77692	12.80230534	62.03773697
10517.98592	13.27198615	63.18291487
10736.64818	13.75763948	64.34412835
10959.8563	14.25967614	65.52134156
11187.70477	14.7785082	66.71450498
11420.29007	15.31454836	67.92355514
11657.71067	15.8682092	69.14841423
11900.0671	16.43990241	70.38898992
12147.46196	17.03003802	71.64517507
12400	17.63902359	72.91684758
