                                                                                           300.00000                                                                                              2.10854                                                                                              0.40265 
                                                                                           304.01337                                                                                              2.11724                                                                                              0.39729 
                                                                                           308.02676                                                                                              2.12756                                                                                              0.39294 
                                                                                           312.04013                                                                                              2.13997                                                                                              0.38885 
                                                                                           316.05350                                                                                              2.15460                                                                                              0.38415 
                                                                                           320.06689                                                                                              2.17131                                                                                              0.37788 
                                                                                           324.08026                                                                                              2.18959                                                                                              0.36921 
                                                                                           328.09366                                                                                              2.20877                                                                                              0.35749 
                                                                                           332.10703                                                                                              2.22789                                                                                              0.34235 
                                                                                           336.12039                                                                                              2.24597                                                                                              0.32373 
                                                                                           340.13379                                                                                              2.26208                                                                                              0.30186 
                                                                                           344.14716                                                                                              2.27530                                                                                              0.27727 
                                                                                           348.16052                                                                                              2.28504                                                                                              0.25061 
                                                                                           352.17392                                                                                              2.29084                                                                                              0.22280 
                                                                                           356.18729                                                                                              2.29259                                                                                              0.19477 
                                                                                           360.20068                                                                                              2.29029                                                                                              0.16742 
                                                                                           364.21405                                                                                              2.28435                                                                                              0.14162 
                                                                                           368.22742                                                                                              2.27514                                                                                              0.11815 
                                                                                           372.24081                                                                                              2.26354                                                                                              0.09751 
                                                                                           376.25418                                                                                              2.25027                                                                                              0.08027 
                                                                                           380.26755                                                                                              2.23645                                                                                              0.06635 
                                                                                           384.28094                                                                                              2.22305                                                                                              0.05537 
                                                                                           388.29431                                                                                              2.21062                                                                                              0.04657 
                                                                                           392.30768                                                                                              2.19917                                                                                              0.03924 
                                                                                           396.32108                                                                                              2.18852                                                                                              0.03296 
                                                                                           400.33444                                                                                              2.17854                                                                                              0.02752 
                                                                                           404.34784                                                                                              2.16912                                                                                              0.02278 
                                                                                           408.36121                                                                                              2.16020                                                                                              0.01868 
                                                                                           412.37457                                                                                              2.15171                                                                                              0.01517 
                                                                                           416.38797                                                                                              2.14365                                                                                              0.01221 
                                                                                           420.40134                                                                                              2.13602                                                                                              0.00975 
                                                                                           424.41470                                                                                              2.12884                                                                                              0.00775 
                                                                                           428.42810                                                                                              2.12209                                                                                              0.00615 
                                                                                           432.44147                                                                                              2.11577                                                                                              0.00488 
                                                                                           436.45486                                                                                              2.10988                                                                                              0.00386 
                                                                                           440.46823                                                                                              2.10438                                                                                              0.00305 
                                                                                           444.48160                                                                                              2.09927                                                                                              0.00242 
                                                                                           448.49500                                                                                              2.09449                                                                                              0.00192 
                                                                                           452.50836                                                                                              2.09002                                                                                              0.00152 
                                                                                           456.52173                                                                                              2.08585                                                                                              0.00121 
                                                                                           460.53513                                                                                              2.08193                                                                                              0.00097 
                                                                                           464.54849                                                                                              2.07827                                                                                              0.00077 
                                                                                           468.56186                                                                                              2.07480                                                                                              0.00062 
                                                                                           472.57526                                                                                              2.07154                                                                                              0.00050 
                                                                                           476.58862                                                                                              2.06846                                                                                              0.00040 
                                                                                           480.60202                                                                                              2.06555                                                                                              0.00032 
                                                                                           484.61539                                                                                              2.06279                                                                                              0.00026 
                                                                                           488.62875                                                                                              2.06018                                                                                              0.00021 
                                                                                           492.64215                                                                                              2.05768                                                                                              0.00017 
                                                                                           496.65552                                                                                              2.05532                                                                                              0.00014 
                                                                                           500.66888                                                                                              2.05307                                                                                              0.00011 
                                                                                           504.68228                                                                                              2.05092                                                                                              0.00009 
                                                                                           508.69565                                                                                              2.04887                                                                                              0.00008 
                                                                                           512.70905                                                                                              2.04691                                                                                              0.00006 
                                                                                           516.72241                                                                                              2.04502                                                                                              0.00005 
                                                                                           520.73578                                                                                              2.04321                                                                                              0.00004 
                                                                                           524.74915                                                                                              2.04147                                                                                              0.00004 
                                                                                           528.76251                                                                                              2.03981                                                                                              0.00003 
                                                                                           532.77594                                                                                              2.03821                                                                                              0.00002 
                                                                                           536.78931                                                                                              2.03668                                                                                              0.00002 
                                                                                           540.80267                                                                                              2.03519                                                                                              0.00002 
                                                                                           544.81604                                                                                              2.03376                                                                                              0.00001 
                                                                                           548.82941                                                                                              2.03239                                                                                              0.00001 
                                                                                           552.84283                                                                                              2.03106                                                                                              0.00001 
                                                                                           556.85620                                                                                              2.02978                                                                                              0.00001 
                                                                                           560.86957                                                                                              2.02853                                                                                              0.00001 
                                                                                           564.88293                                                                                              2.02735                                                                                              0.00001 
                                                                                           568.89630                                                                                              2.02619                                                                                              0.00001 
                                                                                           572.90973                                                                                              2.02507                                                                                              0.00000 
                                                                                           576.92310                                                                                              2.02398                                                                                              0.00000 
                                                                                           580.93646                                                                                              2.02293                                                                                              0.00000 
                                                                                           584.94983                                                                                              2.02191                                                                                              0.00000 
                                                                                           588.96320                                                                                              2.02093                                                                                              0.00000 
                                                                                           592.97656                                                                                              2.01996                                                                                              0.00000 
                                                                                           596.98999                                                                                              2.01904                                                                                              0.00000 
                                                                                           601.00336                                                                                              2.01814                                                                                              0.00000 
                                                                                           605.01672                                                                                              2.01727                                                                                              0.00000 
                                                                                           609.03009                                                                                              2.01641                                                                                              0.00000 
                                                                                           613.04346                                                                                              2.01558                                                                                              0.00000 
                                                                                           617.05688                                                                                              2.01478                                                                                              0.00000 
                                                                                           621.07025                                                                                              2.01400                                                                                              0.00000 
                                                                                           625.08362                                                                                              2.01324                                                                                              0.00000 
                                                                                           629.09698                                                                                              2.01250                                                                                              0.00000 
                                                                                           633.11035                                                                                              2.01179                                                                                              0.00000 
                                                                                           637.12372                                                                                              2.01110                                                                                              0.00000 
                                                                                           641.13715                                                                                              2.01041                                                                                              0.00000 
                                                                                           645.15051                                                                                              2.00974                                                                                              0.00000 
                                                                                           649.16388                                                                                              2.00907                                                                                              0.00000 
                                                                                           653.17725                                                                                              2.00844                                                                                              0.00000 
                                                                                           657.19061                                                                                              2.00782                                                                                              0.00000 
                                                                                           661.20404                                                                                              2.00721                                                                                              0.00000 
                                                                                           665.21741                                                                                              2.00662                                                                                              0.00000 
                                                                                           669.23077                                                                                              2.00604                                                                                              0.00000 
                                                                                           673.24414                                                                                              2.00548                                                                                              0.00000 
                                                                                           677.25751                                                                                              2.00493                                                                                              0.00000 
                                                                                           681.27087                                                                                              2.00439                                                                                              0.00000 
                                                                                           685.28430                                                                                              2.00387                                                                                              0.00000 
                                                                                           689.29767                                                                                              2.00336                                                                                              0.00000 
                                                                                           693.31104                                                                                              2.00285                                                                                              0.00000 
                                                                                           697.32440                                                                                              2.00236                                                                                              0.00000 
                                                                                           701.33777                                                                                              2.00189                                                                                              0.00000 
                                                                                           705.35120                                                                                              2.00141                                                                                              0.00000 
                                                                                           709.36456                                                                                              2.00096                                                                                              0.00000 
                                                                                           713.37793                                                                                              2.00051                                                                                              0.00000 
                                                                                           717.39130                                                                                              2.00007                                                                                              0.00000 
                                                                                           721.40466                                                                                              1.99964                                                                                              0.00000 
                                                                                           725.41803                                                                                              1.99923                                                                                              0.00000 
                                                                                           729.43146                                                                                              1.99882                                                                                              0.00000 
                                                                                           733.44482                                                                                              1.99841                                                                                              0.00000 
                                                                                           737.45819                                                                                              1.99802                                                                                              0.00000 
                                                                                           741.47156                                                                                              1.99763                                                                                              0.00000 
                                                                                           745.48492                                                                                              1.99724                                                                                              0.00000 
                                                                                           749.49835                                                                                              1.99687                                                                                              0.00000 
                                                                                           753.51172                                                                                              1.99651                                                                                              0.00000 
                                                                                           757.52509                                                                                              1.99615                                                                                              0.00000 
                                                                                           761.53845                                                                                              1.99580                                                                                              0.00000 
                                                                                           765.55182                                                                                              1.99546                                                                                              0.00000 
                                                                                           769.56525                                                                                              1.99512                                                                                              0.00000 
                                                                                           773.57861                                                                                              1.99478                                                                                              0.00000 
                                                                                           777.59198                                                                                              1.99447                                                                                              0.00000 
                                                                                           781.60535                                                                                              1.99415                                                                                              0.00000 
                                                                                           785.61871                                                                                              1.99384                                                                                              0.00000 
                                                                                           789.63208                                                                                              1.99353                                                                                              0.00000 
                                                                                           793.64551                                                                                              1.99323                                                                                              0.00000 
                                                                                           797.65887                                                                                              1.99293                                                                                              0.00000 
                                                                                           801.67224                                                                                              1.99264                                                                                              0.00000 
                                                                                           805.68561                                                                                              1.99235                                                                                              0.00000 
                                                                                           809.69897                                                                                              1.99208                                                                                              0.00000 
                                                                                           813.71240                                                                                              1.99180                                                                                              0.00000 
                                                                                           817.72577                                                                                              1.99153                                                                                              0.00000 
                                                                                           821.73914                                                                                              1.99127                                                                                              0.00000 
                                                                                           825.75250                                                                                              1.99101                                                                                              0.00000 
                                                                                           829.76587                                                                                              1.99075                                                                                              0.00000 
                                                                                           833.77924                                                                                              1.99049                                                                                              0.00000 
                                                                                           837.79266                                                                                              1.99025                                                                                              0.00000 
                                                                                           841.80603                                                                                              1.99001                                                                                              0.00000 
                                                                                           845.81940                                                                                              1.98978                                                                                              0.00000 
                                                                                           849.83276                                                                                              1.98954                                                                                              0.00000 
                                                                                           853.84613                                                                                              1.98931                                                                                              0.00000 
                                                                                           857.85956                                                                                              1.98908                                                                                              0.00000 
                                                                                           861.87292                                                                                              1.98886                                                                                              0.00000 
                                                                                           865.88629                                                                                              1.98863                                                                                              0.00000 
                                                                                           869.89966                                                                                              1.98841                                                                                              0.00000 
                                                                                           873.91302                                                                                              1.98819                                                                                              0.00000 
                                                                                           877.92639                                                                                              1.98799                                                                                              0.00000 
                                                                                           881.93982                                                                                              1.98778                                                                                              0.00000 
                                                                                           885.95319                                                                                              1.98757                                                                                              0.00000 
                                                                                           889.96655                                                                                              1.98737                                                                                              0.00000 
                                                                                           893.97992                                                                                              1.98718                                                                                              0.00000 
                                                                                           897.99329                                                                                              1.98698                                                                                              0.00000 
                                                                                           902.00671                                                                                              1.98679                                                                                              0.00000 
                                                                                           906.02008                                                                                              1.98660                                                                                              0.00000 
                                                                                           910.03345                                                                                              1.98641                                                                                              0.00000 
                                                                                           914.04681                                                                                              1.98623                                                                                              0.00000 
                                                                                           918.06018                                                                                              1.98606                                                                                              0.00000 
                                                                                           922.07361                                                                                              1.98588                                                                                              0.00000 
                                                                                           926.08698                                                                                              1.98570                                                                                              0.00000 
                                                                                           930.10034                                                                                              1.98553                                                                                              0.00000 
                                                                                           934.11371                                                                                              1.98536                                                                                              0.00000 
                                                                                           938.12708                                                                                              1.98520                                                                                              0.00000 
                                                                                           942.14044                                                                                              1.98503                                                                                              0.00000 
                                                                                           946.15387                                                                                              1.98487                                                                                              0.00000 
                                                                                           950.16724                                                                                              1.98470                                                                                              0.00000 
                                                                                           954.18060                                                                                              1.98454                                                                                              0.00000 
                                                                                           958.19397                                                                                              1.98439                                                                                              0.00000 
                                                                                           962.20734                                                                                              1.98424                                                                                              0.00000 
                                                                                           966.22076                                                                                              1.98409                                                                                              0.00000 
                                                                                           970.23413                                                                                              1.98394                                                                                              0.00000 
                                                                                           974.24750                                                                                              1.98379                                                                                              0.00000 
                                                                                           978.26086                                                                                              1.98365                                                                                              0.00000 
                                                                                           982.27423                                                                                              1.98351                                                                                              0.00000 
                                                                                           986.28760                                                                                              1.98337                                                                                              0.00000 
                                                                                           990.30103                                                                                              1.98323                                                                                              0.00000 
                                                                                           994.31439                                                                                              1.98309                                                                                              0.00000 
                                                                                           998.32776                                                                                              1.98295                                                                                              0.00000 
                                                                                          1002.34113                                                                                              1.98282                                                                                              0.00000 
                                                                                          1006.35449                                                                                              1.98269                                                                                              0.00000 
                                                                                          1010.36792                                                                                              1.98256                                                                                              0.00000 
                                                                                          1014.38129                                                                                              1.98244                                                                                              0.00000 
                                                                                          1018.39465                                                                                              1.98231                                                                                              0.00000 
                                                                                          1022.40802                                                                                              1.98218                                                                                              0.00000 
                                                                                          1026.42139                                                                                              1.98206                                                                                              0.00000 
                                                                                          1030.43481                                                                                              1.98194                                                                                              0.00000 
                                                                                          1034.44812                                                                                              1.98182                                                                                              0.00000 
                                                                                          1038.46155                                                                                              1.98170                                                                                              0.00000 
                                                                                          1042.47498                                                                                              1.98158                                                                                              0.00000 
                                                                                          1046.48828                                                                                              1.98146                                                                                              0.00000 
                                                                                          1050.50171                                                                                              1.98134                                                                                              0.00000 
                                                                                          1054.51501                                                                                              1.98123                                                                                              0.00000 
                                                                                          1058.52844                                                                                              1.98113                                                                                              0.00000 
                                                                                          1062.54175                                                                                              1.98102                                                                                              0.00000 
                                                                                          1066.55518                                                                                              1.98091                                                                                              0.00000 
                                                                                          1070.56860                                                                                              1.98080                                                                                              0.00000 
                                                                                          1074.58191                                                                                              1.98069                                                                                              0.00000 
                                                                                          1078.59534                                                                                              1.98059                                                                                              0.00000 
                                                                                          1082.60864                                                                                              1.98049                                                                                              0.00000 
                                                                                          1086.62207                                                                                              1.98039                                                                                              0.00000 
                                                                                          1090.63550                                                                                              1.98029                                                                                              0.00000 
                                                                                          1094.64880                                                                                              1.98019                                                                                              0.00000 
                                                                                          1098.66223                                                                                              1.98009                                                                                              0.00000 
                                                                                          1102.67554                                                                                              1.97999                                                                                              0.00000 
                                                                                          1106.68896                                                                                              1.97989                                                                                              0.00000 
                                                                                          1110.70239                                                                                              1.97980                                                                                              0.00000 
                                                                                          1114.71570                                                                                              1.97971                                                                                              0.00000 
                                                                                          1118.72913                                                                                              1.97962                                                                                              0.00000 
                                                                                          1122.74243                                                                                              1.97952                                                                                              0.00000 
                                                                                          1126.75586                                                                                              1.97943                                                                                              0.00000 
                                                                                          1130.76929                                                                                              1.97934                                                                                              0.00000 
                                                                                          1134.78259                                                                                              1.97925                                                                                              0.00000 
                                                                                          1138.79602                                                                                              1.97917                                                                                              0.00000 
                                                                                          1142.80933                                                                                              1.97908                                                                                              0.00000 
                                                                                          1146.82275                                                                                              1.97900                                                                                              0.00000 
                                                                                          1150.83606                                                                                              1.97891                                                                                              0.00000 
                                                                                          1154.84949                                                                                              1.97883                                                                                              0.00000 
                                                                                          1158.86292                                                                                              1.97875                                                                                              0.00000 
                                                                                          1162.87622                                                                                              1.97866                                                                                              0.00000 
                                                                                          1166.88965                                                                                              1.97858                                                                                              0.00000 
                                                                                          1170.90295                                                                                              1.97850                                                                                              0.00000 
                                                                                          1174.91638                                                                                              1.97842                                                                                              0.00000 
                                                                                          1178.92981                                                                                              1.97835                                                                                              0.00000 
                                                                                          1182.94312                                                                                              1.97827                                                                                              0.00000 
                                                                                          1186.95654                                                                                              1.97820                                                                                              0.00000 
                                                                                          1190.96985                                                                                              1.97812                                                                                              0.00000 
                                                                                          1194.98328                                                                                              1.97804                                                                                              0.00000 
                                                                                          1198.99670                                                                                              1.97797                                                                                              0.00000 
                                                                                          1203.01001                                                                                              1.97789                                                                                              0.00000 
                                                                                          1207.02344                                                                                              1.97782                                                                                              0.00000 
                                                                                          1211.03674                                                                                              1.97775                                                                                              0.00000 
                                                                                          1215.05017                                                                                              1.97768                                                                                              0.00000 
                                                                                          1219.06360                                                                                              1.97762                                                                                              0.00000 
                                                                                          1223.07690                                                                                              1.97755                                                                                              0.00000 
                                                                                          1227.09033                                                                                              1.97748                                                                                              0.00000 
                                                                                          1231.10364                                                                                              1.97741                                                                                              0.00000 
                                                                                          1235.11707                                                                                              1.97734                                                                                              0.00000 
                                                                                          1239.13049                                                                                              1.97727                                                                                              0.00000 
                                                                                          1243.14380                                                                                              1.97721                                                                                              0.00000 
                                                                                          1247.15723                                                                                              1.97715                                                                                              0.00000 
                                                                                          1251.17053                                                                                              1.97709                                                                                              0.00000 
                                                                                          1255.18396                                                                                              1.97703                                                                                              0.00000 
                                                                                          1259.19727                                                                                              1.97697                                                                                              0.00000 
                                                                                          1263.21069                                                                                              1.97690                                                                                              0.00000 
                                                                                          1267.22412                                                                                              1.97684                                                                                              0.00000 
                                                                                          1271.23743                                                                                              1.97678                                                                                              0.00000 
                                                                                          1275.25085                                                                                              1.97672                                                                                              0.00000 
                                                                                          1279.26416                                                                                              1.97666                                                                                              0.00000 
                                                                                          1283.27759                                                                                              1.97660                                                                                              0.00000 
                                                                                          1287.29102                                                                                              1.97654                                                                                              0.00000 
                                                                                          1291.30432                                                                                              1.97649                                                                                              0.00000 
                                                                                          1295.31775                                                                                              1.97643                                                                                              0.00000 
                                                                                          1299.33105                                                                                              1.97637                                                                                              0.00000 
                                                                                          1303.34448                                                                                              1.97631                                                                                              0.00000 
                                                                                          1307.35791                                                                                              1.97625                                                                                              0.00000 
                                                                                          1311.37122                                                                                              1.97619                                                                                              0.00000 
                                                                                          1315.38464                                                                                              1.97614                                                                                              0.00000 
                                                                                          1319.39795                                                                                              1.97608                                                                                              0.00000 
                                                                                          1323.41138                                                                                              1.97602                                                                                              0.00000 
                                                                                          1327.42480                                                                                              1.97597                                                                                              0.00000 
                                                                                          1331.43811                                                                                              1.97592                                                                                              0.00000 
                                                                                          1335.45154                                                                                              1.97587                                                                                              0.00000 
                                                                                          1339.46484                                                                                              1.97582                                                                                              0.00000 
                                                                                          1343.47827                                                                                              1.97577                                                                                              0.00000 
                                                                                          1347.49170                                                                                              1.97572                                                                                              0.00000 
                                                                                          1351.50500                                                                                              1.97566                                                                                              0.00000 
                                                                                          1355.51843                                                                                              1.97561                                                                                              0.00000 
                                                                                          1359.53174                                                                                              1.97556                                                                                              0.00000 
                                                                                          1363.54517                                                                                              1.97551                                                                                              0.00000 
                                                                                          1367.55847                                                                                              1.97546                                                                                              0.00000 
                                                                                          1371.57190                                                                                              1.97542                                                                                              0.00000 
                                                                                          1375.58533                                                                                              1.97537                                                                                              0.00000 
                                                                                          1379.59863                                                                                              1.97532                                                                                              0.00000 
                                                                                          1383.61206                                                                                              1.97528                                                                                              0.00000 
                                                                                          1387.62537                                                                                              1.97523                                                                                              0.00000 
                                                                                          1391.63879                                                                                              1.97518                                                                                              0.00000 
                                                                                          1395.65222                                                                                              1.97514                                                                                              0.00000 
                                                                                          1399.66553                                                                                              1.97509                                                                                              0.00000 
                                                                                          1403.67896                                                                                              1.97505                                                                                              0.00000 
                                                                                          1407.69226                                                                                              1.97500                                                                                              0.00000 
                                                                                          1411.70569                                                                                              1.97495                                                                                              0.00000 
                                                                                          1415.71912                                                                                              1.97491                                                                                              0.00000 
                                                                                          1419.73242                                                                                              1.97487                                                                                              0.00000 
                                                                                          1423.74585                                                                                              1.97483                                                                                              0.00000 
                                                                                          1427.75916                                                                                              1.97479                                                                                              0.00000 
                                                                                          1431.77258                                                                                              1.97475                                                                                              0.00000 
                                                                                          1435.78601                                                                                              1.97471                                                                                              0.00000 
                                                                                          1439.79932                                                                                              1.97467                                                                                              0.00000 
                                                                                          1443.81274                                                                                              1.97463                                                                                              0.00000 
                                                                                          1447.82605                                                                                              1.97459                                                                                              0.00000 
                                                                                          1451.83948                                                                                              1.97454                                                                                              0.00000 
                                                                                          1455.85278                                                                                              1.97450                                                                                              0.00000 
                                                                                          1459.86621                                                                                              1.97446                                                                                              0.00000 
                                                                                          1463.87964                                                                                              1.97442                                                                                              0.00000 
                                                                                          1467.89294                                                                                              1.97439                                                                                              0.00000 
                                                                                          1471.90637                                                                                              1.97435                                                                                              0.00000 
                                                                                          1475.91968                                                                                              1.97431                                                                                              0.00000 
                                                                                          1479.93311                                                                                              1.97427                                                                                              0.00000 
                                                                                          1483.94653                                                                                              1.97424                                                                                              0.00000 
                                                                                          1487.95984                                                                                              1.97420                                                                                              0.00000 
                                                                                          1491.97327                                                                                              1.97416                                                                                              0.00000 
                                                                                          1495.98657                                                                                              1.97413                                                                                              0.00000 
                                                                                          1500.00000                                                                                              1.97409                                                                                              0.00000 
