300	2.10854	0.40565
304.01337	2.11724	0.400330134
308.02676	2.12756	0.396020268
312.04013	2.13997	0.391970401
316.0535	2.1546	0.387310535
320.06689	2.17131	0.381080669
324.08026	2.18959	0.372450803
328.09366	2.20877	0.360770937
332.10703	2.22789	0.34567107
336.12039	2.24597	0.327091204
340.13379	2.26208	0.305261338
344.14716	2.2753	0.280711472
348.16052	2.28504	0.254091605
352.17392	2.29084	0.226321739
356.18729	2.29259	0.198331873
360.20068	2.29029	0.171022007
364.21405	2.28435	0.145262141
368.22742	2.27514	0.121832274
372.24081	2.26354	0.101232408
376.25418	2.25027	0.084032542
380.26755	2.23645	0.070152676
384.28094	2.22305	0.059212809
388.29431	2.21062	0.050452943
392.30768	2.19917	0.043163077
396.32108	2.18852	0.036923211
400.33444	2.17854	0.031523344
404.34784	2.16912	0.026823478
408.36121	2.1602	0.022763612
412.37457	2.15171	0.019293746
416.38797	2.14365	0.01637388
420.40134	2.13602	0.013954013
424.4147	2.12884	0.011994147
428.4281	2.12209	0.010434281
432.44147	2.11577	0.009204415
436.45486	2.10988	0.008224549
440.46823	2.10438	0.007454682
444.4816	2.09927	0.006864816
448.495	2.09449	0.00640495
452.50836	2.09002	0.006045084
456.52173	2.08585	0.005775217
460.53513	2.08193	0.005575351
464.54849	2.07827	0.005415485
468.56186	2.0748	0.005305619
472.57526	2.07154	0.005225753
476.58862	2.06846	0.005165886
480.60202	2.06555	0.00512602
484.61539	2.06279	0.005106154
488.62875	2.06018	0.005096288
492.64215	2.05768	0.005096422
496.65552	2.05532	0.005106555
500.66888	2.05307	0.005116689
504.68228	2.05092	0.005136823
508.69565	2.04887	0.005166957
512.70905	2.04691	0.005187091
516.72241	2.04502	0.005217224
520.73578	2.04321	0.005247358
524.74915	2.04147	0.005287492
528.76251	2.03981	0.005317625
532.77594	2.03821	0.005347759
536.78931	2.03668	0.005387893
540.80267	2.03519	0.005428027
544.81604	2.03376	0.00545816
548.82941	2.03239	0.005498294
552.84283	2.03106	0.005538428
556.8562	2.02978	0.005578562
560.86957	2.02853	0.005618696
564.88293	2.02735	0.005658829
568.8963	2.02619	0.005698963
572.90973	2.02507	0.005729097
576.9231	2.02398	0.005769231
580.93646	2.02293	0.005809365
584.94983	2.02191	0.005849498
588.9632	2.02093	0.005889632
592.97656	2.01996	0.005929766
596.98999	2.01904	0.0059699
601.00336	2.01814	0.006010034
605.01672	2.01727	0.006050167
609.03009	2.01641	0.006090301
613.04346	2.01558	0.006130435
617.05688	2.01478	0.006170569
621.07025	2.014	0.006210703
625.08362	2.01324	0.006250836
629.09698	2.0125	0.00629097
633.11035	2.01179	0.006331104
637.12372	2.0111	0.006371237
641.13715	2.01041	0.006411372
645.15051	2.00974	0.006451505
649.16388	2.00907	0.006491639
653.17725	2.00844	0.006531773
657.19061	2.00782	0.006571906
661.20404	2.00721	0.00661204
665.21741	2.00662	0.006652174
669.23077	2.00604	0.006692308
673.24414	2.00548	0.006732441
677.25751	2.00493	0.006772575
681.27087	2.00439	0.006812709
685.2843	2.00387	0.006852843
689.29767	2.00336	0.006892977
693.31104	2.00285	0.00693311
697.3244	2.00236	0.006973244
701.33777	2.00189	0.007013378
705.3512	2.00141	0.007053512
709.36456	2.00096	0.007093646
713.37793	2.00051	0.007133779
717.3913	2.00007	0.007173913
721.40466	1.99964	0.007214047
725.41803	1.99923	0.00725418
729.43146	1.99882	0.007294315
733.44482	1.99841	0.007334448
737.45819	1.99802	0.007374582
741.47156	1.99763	0.007414716
745.48492	1.99724	0.007454849
749.49835	1.99687	0.007494984
753.51172	1.99651	0.007535117
757.52509	1.99615	0.007575251
761.53845	1.9958	0.007615385
765.55182	1.99546	0.007655518
769.56525	1.99512	0.007695653
773.57861	1.99478	0.007735786
777.59198	1.99447	0.00777592
781.60535	1.99415	0.007816054
785.61871	1.99384	0.007856187
789.63208	1.99353	0.007896321
793.64551	1.99323	0.007936455
797.65887	1.99293	0.007976589
801.67224	1.99264	0.008016722
805.68561	1.99235	0.008056856
809.69897	1.99208	0.00809699
813.7124	1.9918	0.008137124
817.72577	1.99153	0.008177258
821.73914	1.99127	0.008217391
825.7525	1.99101	0.008257525
829.76587	1.99075	0.008297659
833.77924	1.99049	0.008337792
837.79266	1.99025	0.008377927
841.80603	1.99001	0.00841806
845.8194	1.98978	0.008458194
849.83276	1.98954	0.008498328
853.84613	1.98931	0.008538461
857.85956	1.98908	0.008578596
861.87292	1.98886	0.008618729
865.88629	1.98863	0.008658863
869.89966	1.98841	0.008698997
873.91302	1.98819	0.00873913
877.92639	1.98799	0.008779264
881.93982	1.98778	0.008819398
885.95319	1.98757	0.008859532
889.96655	1.98737	0.008899666
893.97992	1.98718	0.008939799
897.99329	1.98698	0.008979933
902.00671	1.98679	0.009020067
906.02008	1.9866	0.009060201
910.03345	1.98641	0.009100335
914.04681	1.98623	0.009140468
918.06018	1.98606	0.009180602
922.07361	1.98588	0.009220736
926.08698	1.9857	0.00926087
930.10034	1.98553	0.009301003
934.11371	1.98536	0.009341137
938.12708	1.9852	0.009381271
942.14044	1.98503	0.009421404
946.15387	1.98487	0.009461539
950.16724	1.9847	0.009501672
954.1806	1.98454	0.009541806
958.19397	1.98439	0.00958194
962.20734	1.98424	0.009622073
966.22076	1.98409	0.009662208
970.23413	1.98394	0.009702341
974.2475	1.98379	0.009742475
978.26086	1.98365	0.009782609
982.27423	1.98351	0.009822742
986.2876	1.98337	0.009862876
990.30103	1.98323	0.00990301
994.31439	1.98309	0.009943144
998.32776	1.98295	0.009983278
1002.34113	1.98282	0.010023411
1006.35449	1.98269	0.010063545
1010.36792	1.98256	0.010103679
1014.38129	1.98244	0.010143813
1018.39465	1.98231	0.010183947
1022.40802	1.98218	0.01022408
1026.42139	1.98206	0.010264214
1030.43481	1.98194	0.010304348
1034.44812	1.98182	0.010344481
1038.46155	1.9817	0.010384616
1042.47498	1.98158	0.01042475
1046.48828	1.98146	0.010464883
1050.50171	1.98134	0.010505017
1054.51501	1.98123	0.01054515
1058.52844	1.98113	0.010585284
1062.54175	1.98102	0.010625418
1066.55518	1.98091	0.010665552
1070.5686	1.9808	0.010705686
1074.58191	1.98069	0.010745819
1078.59534	1.98059	0.010785953
1082.60864	1.98049	0.010826086
1086.62207	1.98039	0.010866221
1090.6355	1.98029	0.010906355
1094.6488	1.98019	0.010946488
1098.66223	1.98009	0.010986622
1102.67554	1.97999	0.011026755
1106.68896	1.97989	0.01106689
1110.70239	1.9798	0.011107024
1114.7157	1.97971	0.011147157
1118.72913	1.97962	0.011187291
1122.74243	1.97952	0.011227424
1126.75586	1.97943	0.011267559
1130.76929	1.97934	0.011307693
1134.78259	1.97925	0.011347826
1138.79602	1.97917	0.01138796
1142.80933	1.97908	0.011428093
1146.82275	1.979	0.011468228
1150.83606	1.97891	0.011508361
1154.84949	1.97883	0.011548495
1158.86292	1.97875	0.011588629
1162.87622	1.97866	0.011628762
1166.88965	1.97858	0.011668897
1170.90295	1.9785	0.01170903
1174.91638	1.97842	0.011749164
1178.92981	1.97835	0.011789298
1182.94312	1.97827	0.011829431
1186.95654	1.9782	0.011869565
1190.96985	1.97812	0.011909699
1194.98328	1.97804	0.011949833
1198.9967	1.97797	0.011989967
1203.01001	1.97789	0.0120301
1207.02344	1.97782	0.012070234
1211.03674	1.97775	0.012110367
1215.05017	1.97768	0.012150502
1219.0636	1.97762	0.012190636
1223.0769	1.97755	0.012230769
1227.09033	1.97748	0.012270903
1231.10364	1.97741	0.012311036
1235.11707	1.97734	0.012351171
1239.13049	1.97727	0.012391305
1243.1438	1.97721	0.012431438
1247.15723	1.97715	0.012471572
1251.17053	1.97709	0.012511705
1255.18396	1.97703	0.01255184
1259.19727	1.97697	0.012591973
1263.21069	1.9769	0.012632107
1267.22412	1.97684	0.012672241
1271.23743	1.97678	0.012712374
1275.25085	1.97672	0.012752509
1279.26416	1.97666	0.012792642
1283.27759	1.9766	0.012832776
1287.29102	1.97654	0.01287291
1291.30432	1.97649	0.012913043
1295.31775	1.97643	0.012953178
1299.33105	1.97637	0.012993311
1303.34448	1.97631	0.013033445
1307.35791	1.97625	0.013073579
1311.37122	1.97619	0.013113712
1315.38464	1.97614	0.013153846
1319.39795	1.97608	0.01319398
1323.41138	1.97602	0.013234114
1327.4248	1.97597	0.013274248
1331.43811	1.97592	0.013314381
1335.45154	1.97587	0.013354515
1339.46484	1.97582	0.013394648
1343.47827	1.97577	0.013434783
1347.4917	1.97572	0.013474917
1351.505	1.97566	0.01351505
1355.51843	1.97561	0.013555184
1359.53174	1.97556	0.013595317
1363.54517	1.97551	0.013635452
1367.55847	1.97546	0.013675585
1371.5719	1.97542	0.013715719
1375.58533	1.97537	0.013755853
1379.59863	1.97532	0.013795986
1383.61206	1.97528	0.013836121
1387.62537	1.97523	0.013876254
1391.63879	1.97518	0.013916388
1395.65222	1.97514	0.013956522
1399.66553	1.97509	0.013996655
1403.67896	1.97505	0.01403679
1407.69226	1.975	0.014076923
1411.70569	1.97495	0.014117057
1415.71912	1.97491	0.014157191
1419.73242	1.97487	0.014197324
1423.74585	1.97483	0.014237459
1427.75916	1.97479	0.014277592
1431.77258	1.97475	0.014317726
1435.78601	1.97471	0.01435786
1439.79932	1.97467	0.014397993
1443.81274	1.97463	0.014438127
1447.82605	1.97459	0.014478261
1451.83948	1.97454	0.014518395
1455.85278	1.9745	0.014558528
1459.86621	1.97446	0.014598662
1463.87964	1.97442	0.014638796
1467.89294	1.97439	0.014678929
1471.90637	1.97435	0.014719064
1475.91968	1.97431	0.014759197
1479.93311	1.97427	0.014799331
1483.94653	1.97424	0.014839465
1487.95984	1.9742	0.014879598
1491.97327	1.97416	0.014919733
1495.98657	1.97413	0.014959866
1500	1.97409	0.015
