256	2.17912	0.63637
261	2.17048	0.61447
266	2.16194	0.59263
271	2.1535	0.57084
276	2.14515	0.54912
281	2.13689	0.52747
286	2.12873	0.50589
291	2.12067	0.48438
296	2.11269	0.46296
301	2.10482	0.44163
306	2.09704	0.42039
311	2.08935	0.39924
316	2.08176	0.3782
321	2.07426	0.35727
326	2.06685	0.33644
331	2.05954	0.31572
336	2.05232	0.2951
341	2.0452	0.27458
346	2.03816	0.25414
351	2.03122	0.23377
356	2.02437	0.21345
361	2.01761	0.19323
366	2.01095	0.17324
371	2.00437	0.15723
376	1.99788	0.14221
381	1.99149	0.12823
386	1.98518	0.11534
391	1.97897	0.10356
396	1.97284	0.09292
401	1.9668	0.08343
406	1.96085	0.07506
411	1.95499	0.0678
416	1.94922	0.06158
421	1.94353	0.05634
426	1.93793	0.052
431	1.93242	0.04846
436	1.927	0.04563
441	1.92166	0.04342
446	1.91641	0.04173
451	1.91125	0.04049
456	1.90617	0.03963
461	1.90118	0.03908
466	1.89627	0.03879
471	1.89145	0.0387
476	1.88672	0.03877
481	1.88207	0.03893
486	1.87752	0.03914
491	1.87304	0.03936
496	1.86866	0.03952
501	1.86437	0.03959
506	1.86016	0.03954
511	1.85605	0.03934
516	1.85203	0.03898
521	1.8481	0.03844
526	1.84427	0.03774
531	1.84053	0.03689
536	1.8369	0.03591
541	1.83337	0.03485
546	1.82994	0.03372
551	1.82663	0.03258
556	1.82343	0.03144
561	1.82036	0.03035
566	1.81741	0.02934
571	1.81459	0.02842
576	1.81191	0.02763
581	1.80935	0.02698
586	1.80692	0.02646
591	1.80459	0.0261
596	1.80219	0.02587
601	1.79985	0.02577
606	1.79757	0.02576
611	1.79534	0.02584
616	1.79316	0.02596
621	1.79102	0.02611
626	1.78892	0.02627
631	1.78687	0.02642
636	1.78485	0.02656
641	1.78286	0.02669
646	1.78092	0.02681
651	1.77901	0.02691
656	1.77714	0.02699
661	1.77531	0.02706
666	1.77351	0.02712
671	1.77176	0.02717
676	1.77005	0.02721
681	1.76838	0.02723
686	1.76675	0.02725
691	1.76516	0.02726
696	1.76362	0.02726
701	1.76211	0.02726
706	1.76065	0.02726
711	1.75923	0.02725
716	1.75786	0.02723
721	1.75654	0.02722
726	1.75526	0.0272
731	1.75403	0.02719
736	1.75285	0.02717
741	1.75171	0.02715
746	1.75063	0.02713
751	1.74959	0.0271
756	1.74861	0.02708
761	1.74766	0.02706
766	1.74677	0.02703
771	1.74592	0.02701
776	1.74511	0.02699
781	1.74434	0.02697
786	1.74361	0.02695
791	1.74292	0.02693
796	1.74226	0.02692
801	1.74163	0.02691
806	1.74103	0.02691
811	1.74045	0.02692
816	1.7399	0.02695
821	1.73936	0.02698
826	1.73883	0.02704
831	1.73831	0.02711
836	1.7378	0.0272
841	1.73728	0.02731
846	1.73676	0.02745
851	1.73623	0.02762
856	1.73569	0.02781
861	1.73513	0.02803
866	1.73454	0.02828
871	1.73392	0.02856
876	1.73327	0.02887
881	1.73259	0.02922
886	1.73185	0.0296
891	1.73107	0.03002
896	1.73024	0.03047
901	1.72934	0.03095
906	1.72838	0.03147
911	1.72735	0.03202
916	1.72624	0.0326
921	1.72505	0.03322
926	1.72377	0.03387
931	1.72241	0.03455
936	1.72094	0.03525
941	1.71938	0.03599
946	1.7177	0.03674
951	1.71591	0.03752
956	1.71399	0.03832
961	1.71195	0.03913
966	1.70977	0.03996
971	1.70744	0.0408
976	1.70497	0.04165
981	1.70235	0.04251
986	1.69956	0.04338
991	1.69661	0.04425
996	1.69348	0.04512
1001	1.69018	0.046
1006	1.6867	0.04689
1011	1.68304	0.04777
1016	1.67918	0.04866
1021	1.67514	0.04955
1026	1.6709	0.05044
1031	1.66646	0.05132
1036	1.66181	0.05221
1041	1.65697	0.0531
1046	1.65191	0.05399
1051	1.64665	0.05487
1056	1.64117	0.05576
1061	1.63548	0.05664
1066	1.62958	0.05751
1071	1.62347	0.05839
1076	1.61714	0.05926
1081	1.6106	0.06013
1086	1.60385	0.061
1091	1.59689	0.06186
1096	1.58972	0.06272
1101	1.58235	0.06358
1106	1.57479	0.06444
1111	1.56703	0.0653
1116	1.55909	0.06617
1121	1.55096	0.06703
1126	1.54267	0.0679
1131	1.5342	0.06878
1136	1.52558	0.06967
1141	1.5168	0.07057
1146	1.50788	0.07148
1151	1.49882	0.07242
1156	1.48963	0.07337
1161	1.48032	0.07435
1166	1.47089	0.07537
1171	1.46134	0.07641
1176	1.4517	0.0775
1181	1.44196	0.07862
1186	1.43213	0.0798
1191	1.42222	0.08102
1196	1.41223	0.08229
1201	1.40218	0.08361
1206	1.39206	0.08499
1211	1.38189	0.08642
1216	1.37167	0.08791
1221	1.36141	0.08946
1226	1.35111	0.09107
1231	1.34079	0.09273
1236	1.33045	0.09445
1241	1.3201	0.09622
1246	1.30974	0.09804
1251	1.29939	0.09991
1256	1.28905	0.10181
1261	1.27872	0.10375
1266	1.26842	0.10571
1271	1.25815	0.1077
1276	1.24792	0.10971
1281	1.23774	0.11173
1286	1.22762	0.11375
1291	1.21755	0.11578
1296	1.20756	0.11781
1301	1.19765	0.11983
1306	1.18782	0.12183
1311	1.17808	0.12383
1316	1.16844	0.1258
1321	1.15891	0.12777
1326	1.14948	0.12971
1331	1.14017	0.13163
1336	1.13097	0.13354
1341	1.1219	0.13544
1346	1.11296	0.13733
1351	1.10415	0.13921
1356	1.09548	0.14109
1361	1.08695	0.14297
1366	1.07856	0.14485
1371	1.07031	0.14674
1376	1.06221	0.14865
1381	1.05426	0.15057
1386	1.04646	0.15251
1391	1.03882	0.15449
1396	1.03132	0.15649
1401	1.02398	0.15853
1406	1.0168	0.16061
1411	1.00977	0.16273
1416	1.00289	0.16489
1421	0.99617	0.1671
1426	0.98961	0.16936
1431	0.9832	0.17167
1436	0.97695	0.17402
1441	0.97086	0.17642
1446	0.96492	0.17886
1451	0.95914	0.18134
1456	0.95351	0.18386
1461	0.94804	0.18642
1466	0.94272	0.18902
1471	0.93756	0.19165
1476	0.93256	0.19432
1481	0.92772	0.19701
1486	0.92304	0.19973
1491	0.91852	0.20247
1496	0.91416	0.20524
1501	0.90997	0.20804
1506	0.90594	0.21085
1511	0.90208	0.21368
1516	0.89839	0.21654
1521	0.89486	0.21941
1526	0.89151	0.22231
1531	0.88832	0.22522
1536	0.8853	0.22816
1541	0.88245	0.23112
1546	0.87977	0.23411
1551	0.87727	0.23712
1556	0.87493	0.24016
1561	0.87275	0.24323
1566	0.87074	0.24634
1571	0.86889	0.24948
1576	0.8672	0.25266
1581	0.86567	0.25589
1586	0.86428	0.25916
1591	0.86304	0.26248
1596	0.86194	0.26586
1601	0.86098	0.2693
1606	0.86015	0.2728
1611	0.85945	0.27636
1616	0.85888	0.28
1621	0.85842	0.28372
1626	0.85808	0.28752
1631	0.85785	0.2914
1636	0.85772	0.29537
1641	0.85768	0.29943
1646	0.85773	0.30359
1651	0.85786	0.30785
1656	0.85807	0.3122
1661	0.85834	0.31666
1666	0.85868	0.32121
1671	0.85907	0.32586
1676	0.8595	0.33061
1681	0.85998	0.33545
1686	0.86048	0.34037
1691	0.86102	0.34538
1696	0.86157	0.35047
1701	0.86214	0.35563
1706	0.86271	0.36087
1711	0.86329	0.36618
1716	0.86386	0.37156
1721	0.86443	0.377
1726	0.86498	0.38251
1731	0.86552	0.38809
1736	0.86603	0.39375
1741	0.86652	0.39948
1746	0.86698	0.4053
1751	0.86741	0.4112
1756	0.86779	0.41719
1761	0.86814	0.42328
1766	0.86844	0.42947
1771	0.86868	0.43576
1776	0.86887	0.44216
1781	0.869	0.44866
1786	0.86907	0.45528
1791	0.86907	0.46199
1796	0.869	0.46881
1801	0.86885	0.47573
1806	0.86863	0.48274
1811	0.86833	0.48985
1816	0.86794	0.49705
1821	0.86748	0.50434
1826	0.86692	0.51172
1831	0.86628	0.51918
1836	0.86555	0.52673
1841	0.86474	0.53438
1846	0.86383	0.54211
1851	0.86284	0.54993
1856	0.86176	0.55785
1861	0.86059	0.56586
1866	0.85934	0.57396
1871	0.858	0.58214
1876	0.85658	0.5904
1881	0.85508	0.59873
1886	0.8535	0.60713
1891	0.85184	0.61559
1896	0.85011	0.62409
1901	0.8483	0.63264
1906	0.84643	0.64123
1911	0.84449	0.64984
1916	0.84248	0.65848
1921	0.84042	0.66715
1926	0.8383	0.67584
1931	0.83612	0.68456
1936	0.83389	0.69332
1941	0.83161	0.7021
1946	0.82928	0.71093
1951	0.82692	0.71981
1956	0.82451	0.72875
1961	0.82206	0.73775
1966	0.81959	0.74684
1971	0.81708	0.75603
1976	0.81454	0.76533
1981	0.81198	0.77476
1986	0.80939	0.78434
1991	0.80678	0.79407
1996	0.80416	0.80396
2001	0.80152	0.81402
2006	0.79886	0.82426
2011	0.7962	0.83466
2016	0.79352	0.84523
2021	0.79084	0.85596
2026	0.78815	0.86684
2031	0.78546	0.87787
2036	0.78276	0.88905
2041	0.78007	0.90036
2046	0.77737	0.91182
2051	0.77468	0.92341
2056	0.77199	0.93514
2061	0.7693	0.94702
2066	0.76662	0.95904
2071	0.76395	0.9712
2076	0.76128	0.98352
2081	0.75862	0.99598
2086	0.75598	1.00859
2091	0.75335	1.02135
2096	0.75073	1.03423
2101	0.74812	1.04725
2106	0.74553	1.06038
2111	0.74296	1.07362
2116	0.74041	1.08695
2121	0.73788	1.10036
2126	0.73537	1.11384
2131	0.73288	1.12738
2136	0.73042	1.14096
2141	0.72798	1.15458
2146	0.72556	1.16823
2151	0.72323	1.18191
2156	0.72092	1.19563
2161	0.71864	1.20938
2166	0.71639	1.22317
2171	0.71416	1.23703
2176	0.71197	1.25095
2181	0.70981	1.26496
2186	0.70768	1.27905
2191	0.70558	1.29323
2196	0.70351	1.30751
2201	0.70146	1.32188
2206	0.69945	1.33633
2211	0.69746	1.35087
2216	0.69549	1.36548
2221	0.69355	1.38017
2226	0.69164	1.39491
2231	0.68975	1.40972
2236	0.68789	1.42459
2241	0.68605	1.43952
2246	0.68424	1.4545
2251	0.68245	1.46953
2256	0.68069	1.48461
2261	0.67895	1.49974
2266	0.67724	1.51492
2271	0.67555	1.53015
2276	0.67389	1.54543
2281	0.67225	1.56077
2286	0.67064	1.57615
2291	0.66905	1.59159
2296	0.66749	1.60709
2301	0.66595	1.62264
2306	0.66443	1.63826
2311	0.66295	1.65395
2316	0.66148	1.66971
2321	0.66004	1.68554
2326	0.65863	1.70142
2331	0.65724	1.71735
2336	0.65588	1.73331
2341	0.65454	1.74927
2346	0.65323	1.76522
2351	0.65194	1.78113
2356	0.65067	1.797
2361	0.64944	1.81281
2366	0.64823	1.82857
2371	0.64704	1.8443
2376	0.64588	1.85984
2381	0.64474	1.87539
2386	0.64363	1.89097
2391	0.64255	1.90658
2396	0.64149	1.9222
2401	0.64046	1.93784
2406	0.63945	1.95348
2411	0.63847	1.96914
2416	0.63752	1.98479
2421	0.63659	2.00045
2426	0.63569	2.0161
2431	0.63481	2.03175
2436	0.63396	2.04739
2441	0.63313	2.06302
2446	0.63233	2.07864
2451	0.63156	2.09425
2456	0.63081	2.10985
2461	0.63009	2.12544
2466	0.6294	2.14102
2471	0.62873	2.1566
2476	0.62809	2.17216
2481	0.62748	2.18773
