200	2.376435869	0.65727222
205	2.348610635	0.65802641
210	2.320241489	0.657616886
215	2.291232301	0.656739158
220	2.26148694	0.65608874
225	2.230909277	0.656361144
230	2.199403181	0.658251881
235	2.166872523	0.662456464
240	2.132863996	0.669670405
245	2.095359383	0.680589216
250	2.057075836	0.697442137
255	2.018531456	0.719568233
260	1.980244348	0.744910114
265	1.942732616	0.771525611
270	1.906243713	0.798371737
275	1.871598513	0.827929639
280	1.839693845	0.860949025
285	1.81190465	0.901201345
290	1.788900105	0.950064285
295	1.769839847	1.002960904
300	1.754680519	1.058812845
305	1.743639589	1.116541751
310	1.736577416	1.175069267
315	1.732978042	1.230854149
320	1.732591977	1.285808319
325	1.735438798	1.339753724
330	1.741252213	1.392267515
335	1.749481081	1.442297243
340	1.759775507	1.487056802
345	1.771785597	1.529579077
350	1.785161453	1.570154684
355	1.799553181	1.609074237
360	1.813924193	1.646628351
365	1.828152336	1.68310764
370	1.843233977	1.720335034
375	1.859175687	1.757183754
380	1.876235287	1.793448264
385	1.894385068	1.829179854
390	1.913213727	1.864429814
395	1.932563604	1.899249435
400	1.952277038	1.933690006
405	1.972196368	1.968380257
410	1.992163935	2.003001372
415	2.012022078	2.037354287
420	2.031613136	2.071428308
425	2.050779449	2.105212739
430	2.069363357	2.138696885
435	2.0872072	2.171870051
440	2.104153317	2.204721543
445	2.125040838	2.237240665
450	2.147418968	2.269416723
455	2.170564204	2.301239091
460	2.194507306	2.332697074
465	2.219279034	2.363779892
470	2.244910146	2.39447684
475	2.271431402	2.424777215
480	2.298873562	2.454670312
485	2.327267385	2.484145428
490	2.356937049	2.513191859
495	2.387998499	2.5417989
500	2.419852133	2.569955847
505	2.45243499	2.598288562
510	2.485684103	2.626089888
515	2.519536509	2.653301715
520	2.55343141	2.679865933
525	2.587768237	2.705724434
530	2.622680086	2.730819107
535	2.658205837	2.755091842
540	2.69438437	2.77848453
545	2.731254564	2.800689343
550	2.769399895	2.821329637
555	2.808732832	2.840927519
560	2.848633637	2.859471244
565	2.888983149	2.87694907
570	2.929662207	2.893349253
575	2.97055165	2.908660048
580	3.011260459	2.922869713
585	3.050863123	2.935966503
590	3.090427267	2.947938675
595	3.129994441	2.958774486
600	3.169606197	2.96846219
605	3.209304084	2.97676013
610	3.249129652	2.983666312
615	3.289124451	2.98947964
620	3.329917095	2.994220924
625	3.37224543	2.997910975
630	3.414624707	3.000570605
635	3.456910075	3.002220625
640	3.498956686	3.002881845
645	3.540619687	3.002426466
650	3.581754228	3.000923146
655	3.62221546	2.998533295
660	3.660728792	2.995303193
665	3.696627326	2.991279121
670	3.731613271	2.986507361
675	3.765764224	2.981034194
680	3.799157786	2.9749059
685	3.831871554	2.968477101
690	3.863983127	2.961623701
695	3.895570104	2.954197273
700	3.926710082	2.946203614
705	3.95748066	2.937648525
710	3.989333931	2.928537805
715	4.020908606	2.918877256
720	4.052045559	2.908672675
725	4.082699602	2.897929864
730	4.112825546	2.885569048
735	4.142378203	2.872635817
740	4.171312383	2.85922081
745	4.199563947	2.845389016
750	4.226397557	2.831205426
755	4.252464036	2.816735029
760	4.277763383	2.802042816
765	4.3022956	2.787193776
770	4.326060686	2.7722529
775	4.34905864	2.757285177
780	4.371289464	2.742355597
785	4.392753156	2.727529151
790	4.413449718	2.713233588
795	4.433379148	2.699822867
800	4.452541447	2.686580452
805	4.470801478	2.673517056
810	4.48772349	2.660643388
815	4.50400042	2.64797016
820	4.519681184	2.635508081
825	4.534814701	2.623267863
830	4.549449888	2.611260217
835	4.563635661	2.599495851
840	4.577420938	2.587980565
845	4.590836355	2.576729639
850	4.603901987	2.565755026
855	4.616717801	2.555067861
860	4.62933793	2.544679278
865	4.641816505	2.534600411
870	4.654207658	2.524842395
875	4.666565519	2.515416364
880	4.678944222	2.506474528
885	4.691397897	2.498583044
890	4.703980677	2.491037367
895	4.717601297	2.4837972
900	4.731667742	2.476822245
905	4.745968689	2.470072203
910	4.760501896	2.463506778
915	4.775265122	2.457085672
920	4.790256124	2.450768587
925	4.805472661	2.444515225
930	4.82091249	2.43828529
935	4.83657337	2.432043275
940	4.852453059	2.425782396
945	4.868549315	2.419423495
950	4.884859895	2.412924549
955	4.901490335	2.406243539
960	4.918329667	2.399338442
965	4.935364971	2.392167237
970	4.952588757	2.384687904
975	4.969993536	2.37685842
980	4.987571819	2.368636765
985	5.005316116	2.359980917
990	5.023218938	2.350848855
995	5.041272796	2.341198558
1000	5.059470201	2.330988004
1005	5.077803662	2.319521881
1010	5.097632538	2.307175437
1015	5.117621028	2.294258635
1020	5.137506722	2.28077182
1025	5.157192741	2.266715336
1030	5.176582209	2.252089527
1035	5.195578248	2.236894736
1040	5.21408398	2.221131307
1045	5.232002529	2.204799586
1050	5.249237016	2.187899914
1055	5.265108834	2.170045395
1060	5.279410136	2.15110177
1065	5.293016495	2.131666421
1070	5.305957883	2.111792813
1075	5.31826427	2.091534412
1080	5.32996563	2.070944684
1085	5.341091933	2.050077096
1090	5.35187878	2.028985112
1095	5.362615357	2.007722199
1100	5.372816286	1.986341824
1105	5.382446775	1.964973477
1110	5.391472033	1.94404095
1115	5.399857267	1.923142837
1120	5.407567686	1.90230874
1125	5.414568499	1.881568261
1130	5.420824914	1.860951001
1135	5.425537117	1.840486562
1140	5.429021472	1.820204545
1145	5.431817096	1.800134552
1150	5.433988127	1.780306185
1155	5.435598705	1.760749045
1160	5.436712971	1.741492734
1165	5.437395065	1.722566854
1170	5.437709125	1.70462314
1175	5.437719292	1.687646599
1180	5.438570322	1.671019869
1185	5.439334886	1.654726535
1190	5.439929774	1.63875018
1195	5.440352662	1.623074392
1200	5.440601228	1.607682753
1205	5.440673149	1.592558849
1210	5.440566102	1.577686266
1215	5.440277765	1.563048588
1220	5.439805814	1.5486294
1225	5.439147926	1.534412286
1230	5.43830178	1.520380833
1235	5.437236406	1.506039624
1240	5.435652184	1.491777823
1245	5.433884373	1.477665818
1250	5.431944891	1.463703568
1255	5.429845655	1.449891031
1260	5.427598583	1.436228167
1265	5.425215593	1.422714933
1270	5.422708603	1.409351288
1275	5.420089531	1.396137191
1280	5.417370293	1.3830726
1285	5.414562809	1.370157474
1290	5.411678996	1.357391771
1295	5.408730772	1.34477545
1300	5.405964243	1.332308469
1305	5.40345723	1.319990787
1310	5.400915405	1.307815574
1315	5.398334871	1.295702059
1320	5.395711729	1.283737281
1325	5.393042083	1.271922993
1330	5.390322035	1.260260949
1335	5.387547688	1.248752902
1340	5.384715145	1.237400605
1345	5.381820508	1.226205812
1350	5.37885988	1.215170277
1355	5.375829363	1.204295752
1360	5.372725061	1.193583992
1365	5.369543075	1.183036749
1370	5.366279509	1.172655777
1375	5.362930465	1.16244283
1380	5.35924099	1.15239966
1385	5.355316406	1.142528022
1390	5.351297093	1.132829669
1395	5.347186595	1.123306353
1400	5.342988454	1.113959829
1405	5.338706214	1.10479185
1410	5.334343417	1.096054294
1415	5.329903608	1.088010603
1420	5.32539033	1.080131127
1425	5.320807124	1.072405289
1430	5.316157536	1.064822513
1435	5.311445108	1.05737222
1440	5.306673383	1.050043835
1445	5.301845905	1.042826779
1450	5.296966217	1.035710475
1455	5.292037861	1.028684348
1460	5.287064382	1.021737818
1465	5.282049322	1.01486031
1470	5.276996225	1.008041247
1475	5.271908634	1.00127005
1480	5.266948972	0.994536143
1485	5.261974986	0.98782895
1490	5.256968744	0.981137892
1495	5.251930668	0.974452392
1500	5.246861177	0.967761875
1505	5.241760693	0.960758421
1510	5.236629637	0.953255882
1515	5.231468429	0.94578761
1520	5.22627749	0.938363467
1525	5.22105724	0.930993317
1530	5.2158081	0.923687021
1535	5.210530491	0.916454443
1540	5.205224834	0.909305445
1545	5.199891549	0.902249889
1550	5.194531057	0.895297638
1555	5.189143778	0.888458555
1560	5.183730134	0.881742501
1565	5.178248593	0.875159341
1570	5.172705944	0.869033631
1575	5.167144137	0.863176665
1580	5.161565689	0.857469439
1585	5.155973117	0.851908261
1590	5.150368937	0.846489441
1595	5.144755666	0.841209288
1600	5.139135823	0.836064109
1605	5.133511923	0.831050213
1610	5.127886483	0.82616391
1615	5.12226202	0.821401507
1620	5.116641052	0.816759314
1625	5.111026096	0.812233638
1630	5.10543515	0.807820789
1635	5.100012308	0.803517076
1640	5.0946069	0.799318806
1645	5.089217627	0.795266727
1650	5.083843192	0.7913271
1655	5.078482295	0.787476894
1660	5.073133638	0.783710448
1665	5.067795924	0.7800221
1670	5.062467853	0.776406187
1675	5.057148128	0.772857049
1680	5.051835451	0.769369024
1685	5.046528522	0.765936451
1690	5.041226044	0.762553667
1695	5.035926718	0.759215011
1700	5.030629247	0.755914822
1705	5.025332331	0.752608267
1710	5.020034673	0.74888516
1715	5.014734973	0.745162748
1720	5.009431935	0.741445383
1725	5.004124259	0.737737417
1730	4.998783411	0.734043202
1735	4.993382809	0.730367092
1740	4.987973444	0.726713438
1745	4.982554997	0.723086594
1750	4.977127147	0.719490911
1755	4.971689575	0.715930742
1760	4.96624196	0.712410439
1765	4.960783982	0.708934355
1770	4.955315322	0.705506843
1775	4.949835659	0.702132255
1780	4.944344674	0.698814943
1785	4.938842045	0.695559259
1790	4.933327455	0.692369557
1795	4.927800581	0.689250189
1800	4.922261105	0.686205507
1805	4.916708707	0.683239864
1810	4.911143065	0.680357612
1815	4.905563861	0.677563104
1820	4.899970775	0.675553678
1825	4.894363486	0.673653311
1830	4.888741674	0.671833338
1835	4.883105019	0.670088962
1840	4.877453202	0.668415385
1845	4.871785902	0.666807808
1850	4.866102799	0.665261434
1855	4.860185352	0.663771465
1860	4.854218926	0.662333103
1865	4.84824225	0.66094155
1870	4.842257735	0.659592007
1875	4.836267793	0.658279678
1880	4.830274836	0.656999764
1885	4.824281274	0.655747467
1890	4.818289519	0.654517989
1895	4.812301982	0.653306532
1900	4.806321075	0.652108298
1905	4.800349209	0.65091849
1910	4.794388795	0.64973231
1915	4.788442245	0.648544959
1920	4.782511971	0.647351639
1925	4.776600383	0.645843608
1930	4.770709893	0.644157905
1935	4.764842913	0.64246905
1940	4.759001853	0.64077933
1945	4.753189125	0.63909103
1950	4.747407141	0.637406437
1955	4.741658312	0.635727835
1960	4.735945049	0.634057512
1965	4.730269763	0.632397752
1970	4.72500579	0.630750841
1975	4.719801925	0.629119065
1980	4.714637336	0.62750471
1985	4.709510266	0.625910062
1990	4.704418959	0.624337406
1995	4.699361659	0.622789028
2000	4.694336609	0.621267213
2005	4.689342053	0.619774249
2010	4.684376234	0.618312419
2015	4.679437398	0.616884011
2020	4.674523787	0.615702828
2025	4.669633645	0.614665403
2030	4.664765216	0.61367403
2035	4.659916744	0.612727678
2040	4.655086473	0.611825314
2045	4.650272645	0.610965907
2050	4.645473506	0.610148426
2055	4.640687299	0.609371839
2060	4.635912267	0.608635116
2065	4.631146654	0.607937223
2070	4.626388705	0.60727713
2075	4.621636662	0.606653806
2080	4.616888771	0.606066219
2085	4.612143273	0.605513338
2090	4.607365039	0.60499413
2095	4.60254669	0.604507565
2100	4.597725245	0.604052611
2105	4.592899533	0.603628236
2110	4.588068383	0.60323341
2115	4.583230622	0.602867101
2120	4.578385079	0.602528277
2125	4.573530584	0.602215906
2130	4.568665964	0.601928958
2135	4.563790047	0.601666401
2140	4.558901664	0.601427203
2145	4.553999641	0.601210333
2150	4.549082807	0.601014759
2155	4.544149991	0.600839451
2160	4.539200022	0.600683376
2165	4.534231728	0.600540315
2170	4.529243937	0.600408581
2175	4.524235478	0.600293535
2180	4.51920518	0.600194265
2185	4.51415187	0.600109859
2190	4.509074378	0.600039405
2195	4.503971532	0.599981989
2200	4.49884216	0.5999367
2205	4.493685092	0.599902626
2210	4.488499155	0.599878853
2215	4.483283177	0.599864469
2220	4.478035989	0.599858563
2225	4.472756417	0.59986022
2230	4.467443291	0.599868531
2235	4.462095439	0.59988258
2240	4.456463092	0.599901457
2245	4.45049875	0.599924249
2250	4.444514721	0.599950044
2255	4.438514693	0.599977928
2260	4.432502354	0.60000699
2265	4.426481391	0.59989028
2270	4.420455493	0.599715261
2275	4.414428348	0.599544105
2280	4.408403642	0.599379071
2285	4.402385063	0.599222418
2290	4.3963763	0.599076406
2295	4.390381039	0.598943294
2300	4.38440297	0.598825341
2305	4.378445778	0.598724808
2310	4.372513153	0.598643953
2315	4.366608781	0.598585037
2320	4.360736351	0.598550319
2325	4.35489955	0.598542057
2330	4.349102066	0.598562513
2335	4.343347587	0.598613944
2340	4.3376398	0.598698612
2345	4.331982392	0.598818774
2350	4.326379053	0.598976692
2355	4.321128301	0.599174623
2360	4.316176545	0.599414829
2365	4.31126831	0.600167195
2370	4.306399724	0.600972727
2375	4.301566914	0.601806943
2380	4.296766008	0.602663916
2385	4.291993133	0.603537721
2390	4.287244416	0.604422434
2395	4.282515985	0.605312128
2400	4.277803968	0.606200878
2405	4.273104493	0.60708276
2410	4.268413685	0.607951848
2415	4.263727674	0.608802216
2420	4.259042587	0.60962794
2425	4.25435455	0.610423093
2430	4.249659692	0.611181751
2435	4.24495414	0.611897989
2440	4.240234022	0.612565881
2445	4.235495464	0.613179501
2450	4.230417059	0.613732926
2455	4.225074304	0.613781643
2460	4.219690788	0.613687059
2465	4.21426846	0.613576138
2470	4.208809273	0.613458753
2475	4.203315176	0.613344778
2480	4.197788121	0.613244089
2485	4.19223006	0.613166559
2490	4.186642943	0.613122062
2495	4.18102872	0.613120474
2500	4.175389345	0.613171668
2505	4.169726766	0.613285519
2510	4.164042935	0.6134719
2515	4.158339804	0.614174639
2520	4.152619323	0.614986953
2525	4.146883444	0.615876961
2530	4.141134116	0.616837307
2535	4.135373293	0.617860638
2540	4.129602924	0.618939598
2545	4.12382496	0.620066833
2550	4.118041353	0.621234987
2555	4.112254053	0.622436706
2560	4.106465012	0.623664636
2565	4.100676181	0.62491142
2570	4.09488951	0.626169705
2575	4.089106951	0.627432136
2580	4.083330455	0.62846776
2585	4.077561973	0.62927957
2590	4.071803455	0.630075682
2595	4.066160138	0.630859754
2600	4.060710052	0.63163544
2605	4.055265775	0.632406399
2610	4.049826573	0.633176286
2615	4.044391713	0.633948759
2620	4.038960462	0.634727475
2625	4.033532086	0.635516089
2630	4.028105851	0.636318259
2635	4.022681024	0.637137642
2640	4.017256872	0.637977893
2645	4.01183266	0.63884267
2650	4.006407655	0.63973563
2655	4.000981125	0.640660429
2660	3.995552334	0.641620724
2665	3.99012055	0.64262824
2670	3.984685039	0.643725281
2675	3.979245068	0.644862943
2680	3.973799903	0.646043082
2685	3.96834881	0.647267555
2690	3.962891056	0.648538219
2695	3.957425907	0.649856929
2700	3.951952631	0.651225543
2705	3.946437775	0.652645917
2710	3.94081149	0.654119907
2715	3.935177469	0.65564937
2720	3.929536701	0.657246427
2725	3.923890175	0.659010642
2730	3.918238882	0.660817517
2735	3.912583809	0.662660298
2740	3.906925946	0.664532234
2745	3.901266283	0.666426571
2750	3.895605808	0.668336558
2755	3.889945511	0.670255441
2760	3.884286381	0.672124403
2765	3.878629407	0.673732977
2770	3.872975578	0.675297343
2775	3.867325885	0.676820723
2780	3.861681315	0.678306342
2785	3.856042858	0.679757421
2790	3.850411503	0.681177184
2795	3.84478824	0.682568853
2800	3.839174058	0.683935653
2805	3.833569946	0.685280805
2810	3.827976892	0.686607534
2815	3.822729454	0.687919062
2820	3.817511004	0.689218611
2825	3.812284646	0.690509406
2830	3.807045092	0.691794669
2835	3.801787057	0.693077623
2840	3.796505251	0.694361491
2845	3.791194388	0.695649497
2850	3.785849179	0.696944863
2855	3.780464338	0.698250812
2860	3.775034575	0.699570568
2865	3.769554605	0.700907354
2870	3.764019139	0.702411839
2875	3.75842289	0.703958746
2880	3.75276057	0.705523408
2885	3.747026892	0.707106227
2890	3.741216567	0.708707607
2895	3.735134106	0.710327954
2900	3.728575306	0.71196767
2905	3.721936868	0.71362716
2910	3.715225605	0.715306826
2915	3.70844833	0.717007074
2920	3.701611856	0.718728307
2925	3.694722996	0.720470929
2930	3.687788562	0.722235343
2935	3.680815367	0.724021954
2940	3.673810223	0.725831165
2945	3.666779944	0.727663381
2950	3.659731343	0.729519004
2955	3.652671231	0.731446586
2960	3.645606422	0.73345132
2965	3.638543729	0.735479957
2970	3.631489964	0.737531215
2975	3.62445194	0.739603814
2980	3.61743647	0.741696472
2985	3.611102875	0.743807908
2990	3.604846557	0.745936842
2995	3.598629302	0.748081992
3000	3.592447293	0.750242076
