123.984317	-3.18798509	1.05759
124.0463402	-2.8555553	1.05836
124.1084255	-2.69135964	1.05938
124.170573	-2.58320214	1.06069
124.2327828	-2.50298303	1.06229
124.2950549	-2.43942624	1.06416
124.3573895	-2.38687632	1.06625
124.4197867	-2.34209402	1.06852
124.4822465	-2.30304567	1.07092
124.544769	-2.26838762	1.07337
124.6073544	-2.23719399	1.07583
124.6700027	-2.20879251	1.07826
124.732714	-2.18269182	1.08061
124.7954885	-2.15852398	1.08286
124.8583261	-2.13600066	1.08499
124.9212271	-2.11489694	1.08698
124.9841915	-2.09503528	1.08882
125.0472194	-2.07626799	1.09051
125.1103109	-2.05846498	1.09205
125.1734661	-2.04152494	1.09341
125.2366851	-2.0253647	1.0946
125.299968	-2.00991027	1.0956
125.3633148	-1.99510579	1.0964
125.4267258	-1.98091352	1.09698
125.4902009	-1.9672992	1.09736
125.5537403	-1.9542364	1.09752
125.6173441	-1.941706	1.09749
125.6810123	-1.92967651	1.09729
125.7447452	-1.9181171	1.09693
125.8085427	-1.90699585	1.09643
125.8724049	-1.8962703	1.09581
125.9363321	-1.88589078	1.09507
126.0003242	-1.87581068	1.09419
126.0643814	-1.86598924	1.09314
126.1285037	-1.85639405	1.09187
126.1926913	-1.84701851	1.0903
126.2569443	-1.83787473	1.08838
126.3212627	-1.82899968	1.08602
126.3856467	-1.82045649	1.08318
126.4500963	-1.81232524	1.07981
126.5146117	-1.80470721	1.0759
126.579193	-1.79771189	1.07147
126.6438403	-1.79144117	1.06659
126.7085536	-1.78599113	1.06133
126.7733331	-1.7814401	1.05583
126.8381789	-1.77783153	1.05023
126.903091	-1.77518488	1.04468
126.9680696	-1.77348684	1.03935
127.0331148	-1.77268719	1.0344
127.0982267	-1.77270267	1.02998
127.1634053	-1.77342387	1.02621
127.2286508	-1.77472305	1.02319
127.2939633	-1.77645204	1.021
127.3593429	-1.77844785	1.01968
127.4247897	-1.78053839	1.01924
127.4903038	-1.78255796	1.01963
127.5558853	-1.78435189	1.02079
127.6215344	-1.78577684	1.02261
127.687251	-1.78671455	1.02495
127.7530353	-1.78708467	1.02763
127.8188874	-1.78684222	1.03048
127.8848075	-1.7859842	1.03329
127.9507956	-1.78455402	1.03588
128.0168519	-1.78264001	1.03806
128.0829763	-1.78037682	1.03969
128.1491691	-1.77792319	1.04068
128.2154304	-1.77545396	1.04098
128.2817603	-1.77314979	1.0406
128.3481587	-1.77118376	1.0396
128.414626	-1.7696999	1.03811
128.4811622	-1.76880091	1.03628
128.5477673	-1.76854785	1.03429
128.6144415	-1.76894556	1.03234
128.6811849	-1.76994768	1.0306
128.7479977	-1.77147121	1.02922
128.8148798	-1.77338511	1.02834
128.8818315	-1.77554145	1.02799
128.9488528	-1.77778784	1.02821
129.0159438	-1.77997366	1.02894
129.0831047	-1.78197048	1.03011
129.1503356	-1.78367998	1.03158
129.2176365	-1.78504682	1.03321
129.2850076	-1.7860608	1.03483
129.352449	-1.78675625	1.0363
129.4199608	-1.78719933	1.03749
129.4875431	-1.7874916	1.03829
129.555196	-1.78775866	1.03864
129.6229196	-1.78813346	1.03852
129.6907141	-1.78875501	1.03794
129.7585795	-1.78974906	1.03698
129.826516	-1.79121698	1.03573
129.8945237	-1.79323547	1.03432
129.9626027	-1.79584843	1.03289
130.030753	-1.79906279	1.0316
130.0989749	-1.80284502	1.0306
130.1672684	-1.80713125	1.03002
130.2356337	-1.81182925	1.02998
130.3040707	-1.81681975	1.03057
130.3725798	-1.82196163	1.03185
130.4411609	-1.82710952	1.03382
130.5098142	-1.83211723	1.03647
130.5785398	-1.83684763	1.03972
130.6473379	-1.84118527	1.04348
130.7162085	-1.84503487	1.04762
130.7851517	-1.84833888	1.05198
130.8541677	-1.8510721	1.05641
130.9232565	-1.8532529	1.06072
130.9924184	-1.85494206	1.06477
131.0616533	-1.85622843	1.06842
131.1309615	-1.85723606	1.07156
131.2003431	-1.85810973	1.07413
131.2697981	-1.85900102	1.07611
131.3393266	-1.86006251	1.07752
131.4089289	-1.86143591	1.07843
131.478605	-1.86323682	1.07895
131.548355	-1.86555005	1.07921
131.618179	-1.86842827	1.07936
131.6880772	-1.87188114	1.07957
131.7580497	-1.87587646	1.07999
131.8280966	-1.88034593	1.08076
131.898218	-1.88520026	1.08197
131.968414	-1.89032632	1.08372
132.0386848	-1.8955974	1.08603
132.1090305	-1.90088497	1.08892
132.1794512	-1.90607085	1.09233
132.2499469	-1.91105933	1.09621
132.320518	-1.91576505	1.10048
132.3911643	-1.9201303	1.10503
132.4618862	-1.92412504	1.10976
132.5326836	-1.92773629	1.11457
132.6035568	-1.93097422	1.11935
132.6745058	-1.93387075	1.12401
132.7455308	-1.93647076	1.12847
132.8166318	-1.93883181	1.13266
132.8878091	-1.94101751	1.13653
132.9590627	-1.94310295	1.14002
133.0303927	-1.94517537	1.1431
133.1017994	-1.94733264	1.14574
133.1732827	-1.94967907	1.14795
133.2448428	-1.95232425	1.14974
133.3164799	-1.95537953	1.15117
133.3881941	-1.95894363	1.15232
133.4599854	-1.9631064	1.15329
133.5318541	-1.96794053	1.15422
133.6038002	-1.97347736	1.15529
133.6758239	-1.97971567	1.15665
133.7479253	-1.98662205	1.15849
133.8201045	-1.99410926	1.16099
133.8923617	-2.00205553	1.16428
133.9646969	-2.01031259	1.16848
134.0371103	-2.01869892	1.17367
134.1096021	-2.02702774	1.17985
134.1821723	-2.0351133	1.18701
134.2548211	-2.04277844	1.19506
134.3275486	-2.04987082	1.20389
134.4003549	-2.05626579	1.21334
134.4732402	-2.06188499	1.22322
134.5462046	-2.06668994	1.23335
134.6192482	-2.07067981	1.24353
134.6923712	-2.07390521	1.25356
134.7655737	-2.07645828	1.26328
134.8388557	-2.07846278	1.27255
134.9122175	-2.08007313	1.28127
134.9856592	-2.08145551	1.2894
135.0591809	-2.08278563	1.29692
135.1327827	-2.08423684	1.30389
135.2064648	-2.08596249	1.3104
135.2802273	-2.08808476	1.3166
135.3540703	-2.09069349	1.32264
135.4279939	-2.09383708	1.32873
135.5019984	-2.09750756	1.33507
135.5760837	-2.10165372	1.34185
135.6502502	-2.10618193	1.34925
135.7244978	-2.11095157	1.35743
135.7988267	-2.11579553	1.36648
135.8732371	-2.1205273	1.37648
135.9477291	-2.12494317	1.38744
136.0223028	-2.12884629	1.39932
136.0969584	-2.13204723	1.41205
136.171696	-2.13437437	1.4255
136.2465157	-2.13568218	1.43952
136.3214176	-2.13585235	1.45392
136.396402	-2.13480717	1.46848
136.4714689	-2.13251449	1.48297
136.5466184	-2.12897845	1.49717
136.6218508	-2.12424305	1.51084
136.6971661	-2.11840424	1.52375
136.7725646	-2.11159759	1.53571
136.8480462	-2.10398881	1.54655
136.9236112	-2.09578451	1.55612
136.9992597	-2.08721728	1.56435
137.0749918	-2.07851914	1.57122
137.1508077	-2.06993334	1.57673
137.2267075	-2.06169174	1.58099
137.3026914	-2.05398934	1.58413
137.3787594	-2.04700019	1.58631
137.4549118	-2.04084842	1.58777
137.5311487	-2.0356044	1.58872
137.6074702	-2.03129684	1.5894
137.6838764	-2.02790126	1.59004
137.7603675	-2.02534698	1.59085
137.8369437	-2.02352313	1.59201
137.913605	-2.02229428	1.59365
137.9903517	-2.02150524	1.59588
138.0671838	-2.0209898	1.59875
138.1441016	-2.02057791	1.60229
138.221105	-2.02010257	1.60647
138.2981944	-2.0194162	1.61123
138.3753698	-2.01838079	1.6165
138.4526314	-2.01687968	1.62215
138.5299794	-2.01482755	1.62805
138.6074138	-2.01216235	1.63405
138.6849348	-2.00885509	1.63998
138.7625425	-2.00491375	1.64567
138.8402372	-2.00037672	1.65096
138.918019	-1.99531933	1.65568
138.9958879	-1.98985846	1.65969
139.0738442	-1.98413067	1.6629
139.1518879	-1.9782954	1.66522
139.2300193	-1.97252381	1.66664
139.3082385	-1.96699191	1.66715
139.3865457	-1.96186919	1.66683
139.4649409	-1.9573049	1.66576
139.5434244	-1.9534278	1.66408
139.6219962	-1.95033306	1.66194
139.7006566	-1.94807832	1.65952
139.7794056	-1.94668622	1.65698
139.8582435	-1.94615836	1.65448
139.9371704	-1.94645983	1.6522
140.0161864	-1.94752643	1.65027
140.0952916	-1.94928451	1.64881
140.1744863	-1.95163908	1.64794
140.2537706	-1.95448588	1.64773
140.3331447	-1.95770925	1.64827
140.4126086	-1.96118517	1.64959
140.4921626	-1.96478995	1.65173
140.5718068	-1.9683986	1.65469
140.6515413	-1.9718764	1.65849
140.7313663	-1.97509101	1.66307
140.811282	-1.97792458	1.66839
140.8912885	-1.980265	1.67437
140.971386	-1.98201095	1.68093
141.0515746	-1.98307765	1.68795
141.1318544	-1.98339983	1.69532
141.2122258	-1.98293368	1.7029
141.2926887	-1.98165016	1.71058
141.3732433	-1.97954388	1.7182
141.4538899	-1.97662719	1.72566
141.5346285	-1.97292679	1.73281
141.6154593	-1.96849626	1.73954
141.6963825	-1.96339444	1.74575
141.7773983	-1.95770333	1.75132
141.8585067	-1.95151832	1.75619
141.939708	-1.9449425	1.76028
142.0210023	-1.93808828	1.76356
142.1023898	-1.93107549	1.76599
142.1838706	-1.92401919	1.7676
142.2654449	-1.91702893	1.76839
142.3471129	-1.91020639	1.76843
142.4288747	-1.90363421	1.76777
142.5107305	-1.8973785	1.7665
142.5926804	-1.89148537	1.76469
142.6747246	-1.88598524	1.76243
142.7568633	-1.88088494	1.7598
142.8390966	-1.87618586	1.75685
142.9214247	-1.87188352	1.75365
143.0038478	-1.86795348	1.75026
143.0863659	-1.86437763	1.74669
143.1689794	-1.86113492	1.743
143.2516883	-1.85820085	1.73919
143.3344929	-1.85555387	1.7353
143.4173932	-1.85316313	1.73134
143.5003895	-1.85099998	1.72732
143.5834819	-1.84902832	1.72325
143.6666705	-1.8472188	1.7191
143.7499557	-1.84554494	1.71487
143.8333374	-1.84397911	1.71052
143.9168159	-1.84250532	1.70601
144.0003914	-1.8411207	1.70128
144.084064	-1.83984169	1.69627
144.1678339	-1.83870357	1.69092
144.2517013	-1.8377606	1.68518
144.3356663	-1.83707952	1.67902
144.4197291	-1.8367362	1.67242
144.5038899	-1.83682343	1.66537
144.5881488	-1.83742621	1.65793
144.672506	-1.83862068	1.65013
144.7569618	-1.84047568	1.64206
144.8415162	-1.84303873	1.6338
144.9261694	-1.8463419	1.62545
145.0109217	-1.85039508	1.61711
145.0957731	-1.8551928	1.60887
145.1807239	-1.86070865	1.60083
145.2657742	-1.86690958	1.59304
145.3509242	-1.87376444	1.58557
145.4361741	-1.88122964	1.57848
145.5215241	-1.88926611	1.5718
145.6069743	-1.89783274	1.56559
145.6925249	-1.90688978	1.55987
145.7781761	-1.91639114	1.55471
145.8639281	-1.92628174	1.55013
145.949781	-1.93650631	1.54618
146.035735	-1.9469918	1.5429
146.1217904	-1.95765588	1.54031
146.2079472	-1.96840951	1.53842
146.2942057	-1.97916347	1.53721
146.380566	-1.98982675	1.53666
146.4670283	-2.00031496	1.5367
146.5535929	-2.01056662	1.53725
146.6402598	-2.02053356	1.53823
146.7270293	-2.03019551	1.53952
146.8139015	-2.03955685	1.54104
146.9008767	-2.04864553	1.54268
146.9879549	-2.05751415	1.54438
147.0751365	-2.06622247	1.54609
147.1624216	-2.07484142	1.54778
147.2498103	-2.08344826	1.54945
147.3373028	-2.09210455	1.55115
147.4248994	-2.10086097	1.55291
147.5126003	-2.10975143	1.55482
147.6004055	-2.11878138	1.55695
147.6883153	-2.12794038	1.55938
147.7763299	-2.1371903	1.5622
147.8644495	-2.14646462	1.56548
147.9526742	-2.1556757	1.56927
148.0410042	-2.16472878	1.57358
148.1294398	-2.17351414	1.57843
148.2179811	-2.18191923	1.58376
148.3066284	-2.1898451	1.58951
148.3953817	-2.19719882	1.59558
148.4842413	-2.20391953	1.60182
148.5732074	-2.20998125	1.60809
148.6622802	-2.21538725	1.61423
148.7514598	-2.22018649	1.62007
148.8407465	-2.22446623	1.62548
148.9301405	-2.22833844	1.63035
149.0196419	-2.23194036	1.6346
149.1092509	-2.23542396	1.6382
149.1989677	-2.238939	1.64117
149.2887926	-2.24261374	1.64358
149.3787258	-2.24656041	1.6455
149.4687673	-2.25085444	1.64708
149.5589174	-2.25553368	1.64842
149.6491764	-2.26060283	1.64967
149.7395444	-2.26603305	1.65092
149.8300215	-2.27177031	1.65228
149.9206081	-2.27774098	1.65379
150.0113043	-2.28387242	1.65548
150.1021103	-2.29008895	1.65735
150.1930263	-2.2963292	1.65936
150.2840525	-2.3025426	1.66148
150.3751891	-2.30869726	1.66363
150.4664362	-2.31478003	1.66576
150.5577942	-2.3208034	1.66777
150.6492632	-2.3268024	1.66962
150.7408435	-2.33281742	1.67125
150.8325351	-2.33891746	1.6726
150.9243383	-2.3451797	1.67367
151.0162534	-2.35168587	1.67444
151.1082804	-2.35852529	1.67494
151.2004198	-2.36578882	1.6752
151.2926715	-2.37355907	1.67531
151.3850359	-2.38190632	1.67535
151.4775131	-2.39088318	1.67546
151.5701034	-2.40050859	1.67578
151.6628069	-2.4107758	1.67646
151.7556239	-2.42164147	1.67767
151.8485546	-2.43301822	1.67957
151.9415992	-2.44477876	1.6823
152.0347579	-2.45675889	1.68597
152.1280308	-2.46876707	1.69064
152.2214183	-2.48059696	1.69632
152.3149205	-2.49204105	1.70296
152.4085377	-2.5028944	1.71047
152.50227	-2.51298211	1.71866
152.5961177	-2.52217464	1.72733
152.6900809	-2.53039046	1.73622
152.7841599	-2.53761244	1.74506
152.878355	-2.54389055	1.75357
152.9726662	-2.54934015	1.7615
153.0670939	-2.55413521	1.76863
153.1616382	-2.55849325	1.77481
153.2562995	-2.56266788	1.77993
153.3510777	-2.56692776	1.78399
153.4459733	-2.57152678	1.78705
153.5409864	-2.57670131	1.78923
153.6361173	-2.58264917	1.79073
153.7313661	-2.58951051	1.79179
153.826733	-2.59736231	1.79268
153.9222184	-2.60621905	1.79367
154.0178224	-2.61602843	1.79504
154.1135452	-2.62667228	1.79703
154.2093871	-2.63798593	1.79983
154.3053482	-2.64977185	1.80358
154.4014289	-2.66180619	1.80837
154.4976293	-2.67385091	1.81422
154.5939496	-2.68567338	1.82108
154.6903901	-2.6970685	1.82883
154.786951	-2.70786566	1.83732
154.8836326	-2.71792542	1.84636
154.980435	-2.7271695	1.85569
155.0773584	-2.73558481	1.86508
155.1744032	-2.74320178	1.8743
155.2715695	-2.75011756	1.8831
155.3688576	-2.7564805	1.89132
155.4662677	-2.7624728	1.89881
155.5638	-2.76830235	1.90551
155.6614547	-2.77418944	1.91139
155.7592321	-2.78034568	1.91653
155.8571324	-2.78694793	1.92104
155.9551559	-2.79414631	1.92507
156.0533028	-2.80203614	1.92884
156.1515732	-2.8106578	1.93254
156.2499675	-2.82000389	1.93639
156.3484859	-2.83001005	1.94058
156.4471286	-2.84058142	1.94525
156.5458959	-2.85159104	1.95054
156.6447879	-2.8628901	1.95651
156.743805	-2.87432488	1.9632
156.8429473	-2.88574762	1.97058
156.9422151	-2.89702576	1.97861
157.0416087	-2.90804427	1.9872
157.1411282	-2.91871398	1.99625
157.2407739	-2.92897416	2.00563
157.3405461	-2.9387975	2.01521
157.440445	-2.94818431	2.02486
157.5404708	-2.9571705	2.03444
157.6406238	-2.96582737	2.04384
157.7409043	-2.97424762	2.05298
157.8413123	-2.98253712	2.06181
157.9418483	-2.99081651	2.0703
158.0425125	-2.99920989	2.07848
158.143305	-3.00782268	2.08642
158.2442262	-3.01673875	2.09421
158.3452763	-3.02601661	2.10197
158.4464555	-3.03567868	2.10984
158.5477641	-3.04570088	2.11797
158.6492024	-3.05602363	2.12647
158.7507705	-3.06656426	2.13544
158.8524687	-3.0772096	2.14496
158.9542974	-3.08782957	2.15505
159.0562566	-3.09830432	2.16568
159.1583468	-3.10852471	2.17681
159.2605681	-3.11839059	2.18836
159.3629208	-3.12783797	2.2002
159.4654051	-3.13683381	2.21223
159.5680213	-3.14536935	2.22432
159.6707697	-3.15346675	2.23636
159.7736505	-3.16117598	2.24824
159.8766639	-3.16856117	2.2599
159.9798103	-3.17569597	2.27127
160.0830898	-3.18265843	2.28233
160.1865028	-3.1895312	2.29304
160.2900495	-3.19640385	2.30341
160.3937301	-3.20334975	2.31347
160.497545	-3.21044307	2.32323
160.6014943	-3.21774892	2.33276
160.7055784	-3.22531812	2.3421
160.8097974	-3.23319815	2.35132
160.9141517	-3.24141788	2.3605
161.0186416	-3.24999453	2.36971
161.1232672	-3.2589312	2.37904
161.2280289	-3.26821099	2.38857
161.3329269	-3.27780458	2.39837
161.4379615	-3.2876754	2.4085
161.543133	-3.29777113	2.41903
161.6484415	-3.3080293	2.42999
161.7538875	-3.31839383	2.4414
161.8594711	-3.32880291	2.45329
161.9651926	-3.33919665	2.46565
162.0710524	-3.34951897	2.47849
162.1770506	-3.35971467	2.49179
162.2831875	-3.36974267	2.50553
162.3894635	-3.37955613	2.51972
162.4958788	-3.3890992	2.53434
162.6024336	-3.39832574	2.54936
162.7091282	-3.40718255	2.56478
162.815963	-3.4156024	2.58057
162.9229381	-3.42351314	2.59669
163.030054	-3.43084816	2.61306
163.1373107	-3.43754252	2.62961
163.2447087	-3.44354527	2.6462
163.3522482	-3.44883188	2.6627
163.4599294	-3.45340888	2.67893
163.5677527	-3.45733456	2.69471
163.6757184	-3.46071123	2.70988
163.7838267	-3.46368713	2.72429
163.8920778	-3.46645631	2.73784
164.0004722	-3.46923896	2.7505
164.1090101	-3.47226218	2.76231
164.2176917	-3.47574013	2.77339
164.3265173	-3.47984696	2.78394
164.4354873	-3.48469004	2.79422
164.5446019	-3.49030736	2.8045
164.6538614	-3.49664768	2.8151
164.7632661	-3.50356282	2.82628
164.8728163	-3.5108414	2.83823
164.9825123	-3.51821763	2.85108
165.0923543	-3.52539935	2.86483
165.2023427	-3.53210353	2.87939
165.3124777	-3.53808677	2.89455
165.4227597	-3.54317735	2.91003
165.533189	-3.54728614	2.9255
165.6437657	-3.55042818	2.94059
165.7544903	-3.55271491	2.95498
165.865363	-3.55434887	2.96836
165.9763842	-3.55560448	2.98054
166.087554	-3.55679332	2.9914
166.1988729	-3.5582465	3.00093
166.3103411	-3.56028873	3.00921
166.421959	-3.56321012	3.01643
166.5337267	-3.56724575	3.02284
166.6456447	-3.57255514	3.02877
166.7577132	-3.57922243	3.03454
166.8699325	-3.58725367	3.04052
166.982303	-3.59657236	3.04704
167.0948249	-3.60702359	3.05443
167.2074986	-3.61838747	3.06293
167.3203243	-3.63039498	3.07275
167.4333024	-3.64272868	3.08401
167.5464332	-3.65506121	3.09672
167.6597169	-3.66706415	3.11084
167.773154	-3.6784212	3.12621
167.8867446	-3.68886759	3.14258
168.0004892	-3.69820409	3.15964
168.114388	-3.70631162	3.17702
168.2284413	-3.7131625	3.19433
168.3426495	-3.71882493	3.21117
168.4570128	-3.72347117	3.22716
168.5715317	-3.72736029	3.242
168.6862064	-3.73082393	3.25545
168.8010372	-3.73424371	3.2674
168.9160244	-3.73801208	3.27785
169.0311684	-3.74251677	3.2869
169.1464695	-3.74810509	3.29479
169.261928	-3.75504935	3.30184
169.3775442	-3.76353227	3.30844
169.4933185	-3.7736351	3.31501
169.6092512	-3.7853321	3.32198
169.7253425	-3.79849642	3.32974
169.8415929	-3.81291212	3.33863
169.9580027	-3.82829708	3.34889
170.0745721	-3.84433254	3.36067
170.1913016	-3.86068342	3.37402
170.3081914	-3.87702895	3.38888
170.4252418	-3.89308671	3.40511
170.5424533	-3.90864052	3.42248
170.6598261	-3.92354214	3.44076
170.7773606	-3.93771021	3.45967
170.8950571	-3.95114547	3.47894
171.0129159	-3.96390695	3.49835
171.1309374	-3.9761074	3.51769
171.2491219	-3.98789783	3.53684
171.3674698	-3.99944269	3.55572
171.4859813	-4.01090887	3.57432
171.6046569	-4.0224517	3.59267
171.7234968	-4.03420146	3.61086
171.8425015	-4.04625124	3.629
171.9616712	-4.05866361	3.64721
172.0810064	-4.07145983	3.66564
172.2005072	-4.08462094	3.68441
172.3201742	-4.09810068	3.70363
172.4400076	-4.11183015	3.72338
172.5600077	-4.1257228	3.74372
172.680175	-4.13968677	3.76466
172.8005098	-4.15363604	3.78619
172.9210124	-4.16749834	3.80826
173.0416832	-4.18122274	3.83081
173.1625226	-4.1947827	3.85376
173.2835308	-4.20817434	3.87704
173.4047083	-4.22142264	3.90056
173.5260553	-4.23457874	3.92427
173.6475723	-4.24770741	3.94813
173.7692597	-4.2608858	3.97213
173.8911177	-4.27419199	3.99629
174.0131467	-4.28770874	4.02064
174.1353471	-4.30150359	4.04528
174.2577193	-4.31562497	4.07029
174.3802635	-4.33009894	4.09581
174.5029803	-4.34491982	4.12196
174.6258699	-4.36005203	4.14889
174.7489327	-4.3754232	4.17673
174.8721691	-4.39092628	4.20561
174.9955794	-4.4064151	4.23563
175.119164	-4.42172556	4.26683
175.2429233	-4.43667757	4.29924
175.3668577	-4.45107584	4.33282
175.4909674	-4.46474166	4.36746
175.615253	-4.47752142	4.40302
175.7397147	-4.48929646	4.4393
175.864353	-4.4999954	4.47608
175.9891682	-4.50959894	4.51311
176.1141607	-4.51815415	4.55013
176.2393308	-4.52576364	4.58692
176.364679	-4.53257741	4.62327
176.4902057	-4.53879752	4.65901
176.6159111	-4.54465913	4.69404
176.7417958	-4.55041395	4.72831
176.86786	-4.55632193	4.76183
176.9941042	-4.56264236	4.79466
177.1205287	-4.56963191	4.82691
177.247134	-4.57752282	4.85877
177.3739204	-4.58652828	4.89043
177.5008883	-4.5968321	4.92218
177.6280381	-4.60858203	4.9543
177.7553703	-4.6218861	4.98716
177.8828851	-4.63679839	5.02113
178.0105829	-4.65331822	5.05664
178.1384643	-4.67136853	5.09414
178.2665295	-4.69079239	5.13409
178.394779	-4.71134461	5.17695
178.5232131	-4.73268885	5.22315
178.6518324	-4.75439655	5.27308
178.780637	-4.77595874	5.32704
178.9096276	-4.79680016	5.38525
179.0388044	-4.81629925	5.4478
179.1681679	-4.83381256	5.51467
179.2977184	-4.84870407	5.58569
179.4274565	-4.86037692	5.66058
179.5573824	-4.8682914	5.73895
179.6874966	-4.87198823	5.82032
179.8177996	-4.87109736	5.90416
179.9482917	-4.86534111	5.9899
180.0789732	-4.85453095	6.07697
180.2098448	-4.8385545	6.16481
180.3409067	-4.81736686	6.25288
180.4721593	-4.79096767	6.34069
180.6036032	-4.75938609	6.42776
180.7352387	-4.72267193	6.51364
180.8670662	-4.68089599	6.59786
180.9990861	-4.63415408	6.67996
181.131299	-4.58256892	6.75945
181.2637051	-4.52631088	6.83581
181.3963049	-4.46561282	6.9085
181.5290989	-4.40078685	6.97696
181.6620874	-4.33224519	7.04063
181.795271	-4.2605029	7.099
181.9286499	-4.18617098	7.15162
182.0622248	-4.10995936	7.19812
182.1959959	-4.03265413	7.23828
182.3299637	-3.95509096	7.27201
182.4641287	-3.87812269	7.29941
182.5984913	-3.80257697	7.32074
182.7330519	-3.72923149	7.33642
182.867811	-3.65877527	7.34704
183.002769	-3.59176322	7.35333
183.1379263	-3.52860005	7.35609
183.2732835	-3.46952271	7.3562
183.4088408	-3.41459057	7.35453
183.5445989	-3.36368512	7.35194
183.680558	-3.31652336	7.34918
183.8167188	-3.27268797	7.34689
183.9530815	-3.23166451	7.34553
184.0896468	-3.19288496	7.3454
184.2264149	-3.15577032	7.3466
184.3633864	-3.1197864	7.34905
184.5005618	-3.0844856	7.35252
184.6379414	-3.04954407	7.35666
184.7755257	-3.0147801	7.36107
184.9133153	-2.98015889	7.36533
185.0513105	-2.94579171	7.36906
185.1895119	-2.91190958	7.37198
185.3279198	-2.87882852	7.37393
185.4665347	-2.84690531	7.37491
185.6053572	-2.81649444	7.37506
185.7443876	-2.78789595	7.37469
185.8836265	-2.7613293	7.37418
186.0230743	-2.73689836	7.37405
186.1627315	-2.71456801	7.37481
186.3025985	-2.69416999	7.37699
186.4426759	-2.67540807	7.38104
186.582964	-2.65787923	7.38734
186.7234634	-2.64110389	7.39612
186.8641746	-2.6245721	7.40748
187.005098	-2.6077696	7.42139
187.1462342	-2.59021054	7.43768
187.2875835	-2.57148944	7.45604
187.4291465	-2.5512859	7.47614
187.5709237	-2.5293751	7.49755
187.7129155	-2.50563786	7.51987
187.8551225	-2.48004715	7.54269
187.9975451	-2.4526514	7.56568
188.1401838	-2.42355131	7.58854
188.2830392	-2.39288856	7.61105
188.4261116	-2.36081484	7.63306
188.5694016	-2.32747601	7.65447
188.7129098	-2.29300439	7.67522
188.8566365	-2.25751264	7.69528
189.0005823	-2.22108723	7.71464
189.1447477	-2.1838003	7.73327
189.2891333	-2.14572199	7.75115
189.4337394	-2.10691305	7.76827
189.5785666	-2.06743562	7.7846
189.7236155	-2.02736054	7.80013
189.8688865	-1.98675619	7.81487
190.0143801	-1.94568725	7.82884
190.1600969	-1.90420924	7.84209
190.3060373	-1.8623577	7.85469
190.4522019	-1.82013234	7.86674
190.5985912	-1.77749378	7.87832
190.7452058	-1.73437154	7.8895
190.892046	-1.69065968	7.90033
191.0391125	-1.64623195	7.9108
191.1864058	-1.60094682	7.92088
191.3339264	-1.55466398	7.93045
191.4816749	-1.50726515	7.93936
191.6296517	-1.45866	7.9474
191.7778574	-1.40880579	7.95432
191.9262925	-1.35771393	7.95985
192.0749575	-1.30545172	7.96371
192.2238531	-1.25215206	7.96561
192.3729796	-1.19801608	7.96529
192.5223378	-1.1433041	7.96253
192.671928	-1.08833306	7.95716
192.8217509	-1.03346043	7.9491
192.971807	-0.97907263	7.93834
193.1220968	-0.92555576	7.92501
193.2726208	-0.87326597	7.90932
193.4233798	-0.82250179	7.89161
193.574374	-0.77347606	7.87228
193.7256043	-0.72629028	7.85182
193.877071	-0.68091283	7.83072
194.0287747	-0.63718474	7.80945
194.180716	-0.5948198	7.78842
194.3328955	-0.55343915	7.7679
194.4853137	-0.51259932	7.74806
194.6379712	-0.47183051	7.72888
194.7908685	-0.43068518	7.71021
194.9440062	-0.38877587	7.69174
195.0973849	-0.34581141	7.67307
195.2510051	-0.30160358	7.65374
195.4048675	-0.25606827	7.63326
195.5589725	-0.20923986	7.61111
195.7133208	-0.1612429	7.58686
195.8679129	-0.11226477	7.56008
196.0227494	-0.06256243	7.53039
196.177831	-0.01243121	7.49748
196.3331581	0.0378043	7.46105
196.4887314	0.08777631	7.42082
196.6445514	0.13706796	7.37653
196.8006187	0.18520299	7.32794
196.956934	0.23162226	7.27483
197.1134978	0.27568604	7.21708
197.2703107	0.31667782	7.15464
197.4273733	0.35381388	7.08762
197.5846862	0.38626867	7.01628
197.74225	0.41321994	6.94112
197.9000653	0.43390958	6.86284
198.0581327	0.44768795	6.78235
198.2164528	0.45407741	6.70076
198.3750262	0.45281822	6.6193
198.5338535	0.44389449	6.53928
198.6929354	0.42755594	6.46202
198.8522724	0.4043189	6.38877
199.0118652	0.3749362	6.32062
199.1717143	0.34035085	6.25846
199.3318205	0.30165085	6.20294
199.4921842	0.25999663	6.15441
199.6528062	0.21656399	6.11298
199.813687	0.17248571	6.07846
199.9748274	0.12877887	6.05043
200.1362278	0.08632063	6.02831
200.297889	0.04582356	6.01136
200.4598116	0.00779944	5.99874
200.6219962	-0.02742621	5.98962
200.7844434	-0.05970657	5.98314
200.9471539	-0.08906638	5.97852
201.1101283	-0.11566499	5.97506
201.2733673	-0.13978401	5.97215
201.4368715	-0.16178856	5.96934
201.6006416	-0.18209745	5.96628
201.7646782	-0.20116016	5.96278
201.928982	-0.21942294	5.95877
202.0935535	-0.23731083	5.95431
202.2583936	-0.25518727	5.9496
202.4235027	-0.27333936	5.9449
202.5888817	-0.29196653	5.94057
202.7545311	-0.31115154	5.93702
202.9204516	-0.33085573	5.93467
203.0866439	-0.35092301	5.93392
203.2531086	-0.37107395	5.93514
203.4198465	-0.3909241	5.93858
203.5868581	-0.41001789	5.94438
203.7541442	-0.42785725	5.95253
203.9217055	-0.44394053	5.96287
204.0895425	-0.45780393	5.97508
204.2576561	-0.46906	5.98871
204.4260469	-0.47742579	6.0032
204.5947155	-0.48275803	6.0179
204.7636627	-0.48505548	6.03217
204.9328891	-0.48444554	6.04537
205.1023955	-0.48119535	6.05689
205.2721826	-0.47567845	6.06625
205.4422509	-0.46834448	6.07304
205.6126013	-0.45969783	6.07699
205.7832345	-0.4502641	6.07793
205.9541511	-0.44057396	6.0758
206.1253518	-0.43114769	6.07063
206.2968374	-0.42247921	6.06255
206.4686086	-0.41502291	6.05176
206.6406661	-0.40918835	6.03853
206.8130105	-0.40533072	6.02319
206.9856427	-0.40374368	6.00612
207.1585633	-0.4046448	5.98775
207.3317731	-0.40817502	5.96851
207.5052728	-0.41439874	5.94885
207.6790631	-0.42329622	5.9292
207.8531448	-0.43478432	5.90993
208.0275185	-0.44872483	5.89138
208.2021851	-0.46495057	5.87378
208.3771452	-0.48329268	5.85732
208.5523996	-0.5036008	5.8421
208.727949	-0.52576553	5.8282
208.9037943	-0.54972628	5.81567
209.0799361	-0.57546856	5.8046
209.2563751	-0.60301722	5.7951
209.4331122	-0.63241099	5.78739
209.6101481	-0.66366773	5.78175
209.7874836	-0.69675193	5.77857
209.9651193	-0.73154367	5.77828
210.1430562	-0.76781826	5.78137
210.3212949	-0.80521241	5.78834
210.4998362	-0.84322776	5.79962
210.6786808	-0.88124444	5.81556
210.8578297	-0.91853586	5.83637
211.0372835	-0.95430797	5.86208
211.217043	-0.98774122	5.89253
211.3971089	-1.01804412	5.92734
211.5774822	-1.04449576	5.96596
211.7581635	-1.06649007	6.00764
211.9391537	-1.08358181	6.0515
212.1204536	-1.09551864	6.09655
212.3020639	-1.1022494	6.14179
212.4839854	-1.10393721	6.18619
212.666219	-1.10094992	6.22884
212.8487654	-1.0938247	6.26893
213.0316255	-1.08324849	6.30582
213.2148	-1.07000238	6.33909
213.3982898	-1.05491325	6.36852
213.5820957	-1.03879433	6.39414
213.7662186	-1.0224029	6.41614
213.9506591	-1.00639733	6.43493
214.1354182	-0.99128568	6.45104
214.3204967	-0.97741446	6.46508
214.5058953	-0.96495306	6.4777
214.6916151	-0.9539133	6.48949
214.8776566	-0.94415838	6.50102
215.0640209	-0.93543159	6.5127
215.2507088	-0.92740047	6.52484
215.437721	-0.91970108	6.53756
215.6250585	-0.91198013	6.55088
215.812722	-0.903921	6.56467
216.0007125	-0.89528945	6.5787
216.1890308	-0.88594124	6.5927
216.3776778	-0.87583393	6.60635
216.5666543	-0.86502458	6.61937
216.7559611	-0.85365082	6.63151
216.9455992	-0.84192088	6.64259
217.1355694	-0.83008129	6.65253
217.3258726	-0.81838978	6.66133
217.5165097	-0.80709653	6.66908
217.7074815	-0.7964142	6.67596
217.8987889	-0.78650808	6.68219
218.0904329	-0.77747732	6.68807
218.2824142	-0.76934097	6.6939
218.4747339	-0.76204427	6.69999
218.6673927	-0.75545561	6.70663
218.8603916	-0.74937434	6.71407
219.0537315	-0.74353765	6.72251
219.2474133	-0.73763441	6.73207
219.4414379	-0.73132366	6.74279
219.6358063	-0.72424901	6.75462
219.8305192	-0.71605812	6.76741
220.0255777	-0.70643256	6.7809
220.2209826	-0.69510501	6.79476
220.416735	-0.6818739	6.80857
220.6128356	-0.6666325	6.82184
220.8092855	-0.64937565	6.83406
221.0060856	-0.63021379	6.84468
221.2032368	-0.60937982	6.85319
221.40074	-0.58722065	6.85912
221.5985962	-0.56417702	6.86211
221.7968064	-0.54076326	6.86188
221.9953715	-0.51754812	6.85829
222.1942925	-0.49511822	6.85133
222.3935702	-0.47405222	6.84112
222.5932057	-0.45488944	6.82791
222.7932	-0.43810941	6.81204
222.9935539	-0.42412422	6.79393
223.1942686	-0.41326361	6.77407
223.3953449	-0.40578567	6.75296
223.5967838	-0.40186756	6.73118
223.7985863	-0.40160133	6.70929
224.0007534	-0.40501031	6.68788
224.2032861	-0.41202745	6.66757
224.4061854	-0.42248669	6.64897
224.6094522	-0.43612743	6.63267
224.8130876	-0.45258783	6.61924
225.0170926	-0.47139365	6.6092
225.2214682	-0.49198126	6.60295
225.4262153	-0.51370767	6.60082
225.6313351	-0.53586813	6.60297
225.8368285	-0.55774698	6.60941
226.0426965	-0.57863398	6.62003
226.2489402	-0.59784952	6.63456
226.4555606	-0.61478526	6.6526
226.6625588	-0.62891554	6.67367
226.8699357	-0.63980069	6.69721
227.0776924	-0.64709866	6.7226
227.28583	-0.65055828	6.7492
227.4943495	-0.65002225	6.77632
227.703252	-0.6454245	6.80328
227.9125384	-0.63678357	6.82937
228.12221	-0.62422181	6.85386
228.3322676	-0.60797204	6.87603
228.5427125	-0.58838404	6.89517
228.7535457	-0.5659355	6.91061
228.9647682	-0.54122842	6.92176
229.1763811	-0.51497994	6.92813
229.3883855	-0.48801631	6.92936
229.6007826	-0.46123353	6.9253
229.8135733	-0.43555247	6.91598
230.0267589	-0.41187985	6.90165
230.2403403	-0.39105668	6.88276
230.4543187	-0.37381085	6.85995
230.6686952	-0.36072407	6.83399
230.8834709	-0.35219555	6.80578
231.098647	-0.34842825	6.77623
231.3142245	-0.34944046	6.74625
231.5302045	-0.3550754	6.71668
231.7465883	-0.36503406	6.68825
231.9633769	-0.3789095	6.66156
232.1805715	-0.39622848	6.63705
232.3981732	-0.41650377	6.615
232.6161831	-0.43926413	6.59558
232.8346025	-0.46407821	6.57884
233.0534324	-0.49057834	6.56476
233.2726741	-0.51846568	6.55328
233.4923286	-0.54750502	6.54434
233.7123972	-0.57749508	6.53792
233.932881	-0.60825923	6.53399
234.1537812	-0.6396239	6.53259
234.375099	-0.67139481	6.53375
234.5968356	-0.70335413	6.53752
234.8189921	-0.73524124	6.54394
235.0415697	-0.76676117	6.55299
235.2645698	-0.79761079	6.56458
235.4879933	-0.8274889	6.57857
235.7118417	-0.85611383	6.59473
235.936116	-0.88325434	6.61276
236.1608174	-0.90874878	6.63231
236.3859474	-0.93250685	6.65302
236.6115069	-0.95452049	6.6745
236.8374973	-0.9748616	6.69641
237.0639198	-0.99366669	6.71844
237.2907757	-1.0111219	6.74036
237.5180661	-1.027442	6.762
237.7457924	-1.04284962	6.78328
237.9739558	-1.05755309	6.80418
238.2025575	-1.07172785	6.82475
238.4315989	-1.08550745	6.84506
238.6610812	-1.09898272	6.86521
238.8910056	-1.11219704	6.8853
239.1213734	-1.12514906	6.90542
239.352186	-1.13780269	6.92562
239.5834446	-1.15010989	6.9459
239.8151505	-1.16201501	6.96624
240.047305	-1.17347437	6.98654
240.2799095	-1.1844863	7.00667
240.5129651	-1.19509154	7.02649
240.7464733	-1.20538443	7.04584
240.9804353	-1.21551852	7.06459
241.2148526	-1.22570601	7.08264
241.4497263	-1.23620149	7.09999
241.6850579	-1.24726317	7.11674
241.9208486	-1.25912926	7.13308
242.1570999	-1.27198801	7.14931
242.3938131	-1.28593877	7.16582
242.6309895	-1.30095305	7.18307
242.8686305	-1.31685476	7.20151
243.1067375	-1.33333084	7.22153
243.3453118	-1.34993457	7.24344
243.5843548	-1.36611247	7.26737
243.8238679	-1.38125972	7.29325
244.0638525	-1.39478503	7.32077
244.30431	-1.4061689	7.34942
244.5452417	-1.41502735	7.37846
244.7866491	-1.42118541	7.40699
245.0285337	-1.4247093	7.43404
245.2708967	-1.42593806	7.4586
245.5137396	-1.42548736	7.47977
245.7570639	-1.42422555	7.4968
246.000871	-1.42322266	7.50923
246.2451624	-1.42367582	7.5169
246.4899393	-1.42683564	7.52002
246.7352035	-1.43389876	7.5192
246.9809561	-1.44589538	7.51542
247.2271989	-1.46360311	7.50995
247.4739331	-1.48747141	7.5043
247.7211603	-1.51755518	7.5001
247.9688819	-1.55349559	7.49895
248.2170995	-1.59454453	7.50229
248.4658146	-1.63961415	7.51129
248.7150285	-1.68735838	7.52673
248.9647429	-1.73629947	7.54891
249.2149592	-1.78495853	7.57766
249.465679	-1.83198292	7.61233
249.7169038	-1.87628228	7.65185
249.968635	-1.91713145	7.69486
250.2208743	-1.95422547	7.73985
250.4736232	-1.98770411	7.78529
250.7268832	-2.01814193	7.82979
250.9806558	-2.04648313	7.87226
251.2349427	-2.07392949	7.91202
251.4897454	-2.10182424	7.94883
251.7450655	-2.1315239	7.98295
252.0009045	-2.16425282	8.01511
252.257264	-2.20099493	8.04641
252.5141456	-2.24239754	8.07827
252.771551	-2.28870701	8.11225
253.0294817	-2.33976982	8.14992
253.2879393	-2.39503711	8.19278
253.5469255	-2.45361763	8.24207
253.8064418	-2.5143579	8.29875
254.0664899	-2.57594173	8.36337
254.3270714	-2.63699313	8.43613
254.5881881	-2.69617156	8.51682
254.8498414	-2.75227244	8.60491
255.1120332	-2.804286	8.69961
255.3747649	-2.85145242	8.79993
255.6380384	-2.89328259	8.90481
255.9018553	-2.9295385	9.01319
256.1662173	-2.96022803	9.12404
256.431126	-2.98555471	9.23651
256.6965832	-3.00586023	9.34987
256.9625906	-3.02158822	9.46358
257.2291499	-3.03322947	9.57727
257.4962627	-3.04128348	9.69073
257.7639309	-3.04623762	9.80387
258.0321562	-3.04854818	9.91673
258.3009402	-3.04865652	10.0294
258.5702848	-3.04694241	10.1422
258.8401917	-3.04364957	10.2555
259.1106627	-3.03903366	10.3695
259.3816995	-3.03332101	10.4848
259.653304	-3.02650793	10.6021
259.9254778	-3.01848487	10.7219
260.1982229	-3.00900606	10.845
260.4715409	-2.99756514	10.9721
260.7454337	-2.98352031	11.1037
261.0199032	-2.96604881	11.2404
261.2949511	-2.94410466	11.3825
261.5705793	-2.91663297	11.5299
261.8467895	-2.88244511	11.6827
262.1235838	-2.84037871	11.8401
262.4009638	-2.78939949	12.0016
262.6789315	-2.7284736	12.1662
262.9574888	-2.65683229	12.3326
263.2366374	-2.57384285	12.4997
263.5163794	-2.47912451	12.6658
263.7967166	-2.37253537	12.8297
264.0776509	-2.25408141	12.9898
264.3591841	-2.12421761	13.1445
264.6413183	-1.98416705	13.2924
264.9240554	-1.83976156	13.4322
265.2068299	-1.64856516	13.5624
265.4907773	-1.48466992	13.682
265.7753333	-1.30617295	13.7897
266.0605	-1.11951417	13.8846
266.3462793	-0.92672796	13.9659
266.6326731	-0.72940182	14.0329
266.9196835	-0.52907809	14.0851
267.2073125	-0.327278	14.1222
267.495562	-0.1255913	14.1439
267.7844341	0.07435862	14.1503
268.0739308	0.27093443	14.1415
268.3640541	0.46249448	14.118
268.6548061	0.64746514	14.0804
268.9461887	0.82429565	14.0295
269.2382041	0.99145883	13.9663
269.5308543	1.14754764	13.8922
269.8241415	1.29130029	13.8087
270.1180675	1.42170074	13.7178
270.4126347	1.53806965	13.6215
270.707845	1.63996565	13.5219
271.0037005	1.72731093	13.4214
271.3002035	1.80045436	13.3223
271.597356	1.8601508	13.2269
271.8951601	1.90759134	13.1373
272.193618	1.94429022	13.0552
272.4927319	1.97205348	12.9821
272.7925039	1.99296646	12.919
273.0929361	2.0092126	12.8663
273.3940309	2.02300294	12.824
273.6957903	2.03637932	12.7913
273.9982166	2.05116586	12.7673
274.3013119	2.06886152	12.7503
274.6050786	2.0905143	12.7386
274.9095188	2.11665659	12.73
275.2146349	2.14726407	12.7226
275.5204289	2.1818712	12.7145
275.8269032	2.21955997	12.7041
276.1340601	2.2590081	12.6901
276.4419019	2.29866099	12.6719
276.7504308	2.33690591	12.6493
277.0596492	2.37210914	12.6226
277.3695593	2.40277339	12.5927
277.6801635	2.42773484	12.561
277.9914641	2.44622189	12.5291
278.3034635	2.45785166	12.4988
278.616164	2.46266475	12.472
278.9295681	2.4612146	12.4507
279.2436779	2.454491	12.4365
279.5584961	2.44385157	12.4309
279.8740248	2.43091828	12.4348
280.1902667	2.41754118	12.449
280.507224	2.40570251	12.4735
280.8248992	2.39732791	12.508
281.1432948	2.39427682	12.5517
281.4624132	2.39818258	12.6033
281.7822568	2.41036356	12.6612
282.1028282	2.43176768	12.7235
282.4241298	2.46294572	12.7882
282.7461642	2.50397749	12.8531
283.0689338	2.55452527	12.9163
283.3924411	2.61382854	12.9758
283.7166888	2.68076575	13.0302
284.0416793	2.75400265	13.0783
284.3674151	2.83209073	13.1195
284.693899	2.91355297	13.1534
285.0211333	2.99696759	13.1802
285.3491208	3.08115203	13.2004
285.6778641	3.16519421	13.2147
286.0073656	3.24839648	13.2238
286.3376282	3.33035368	13.2287
286.6686543	3.4110133	13.2302
287.0004468	3.49048157	13.2288
287.3330081	3.56894046	13.2249
287.6663411	3.64670486	13.2188
288.0004483	3.7240572	13.2103
288.3353326	3.8012065	13.1993
288.6709965	3.87820982	13.1852
289.0074429	3.95488583	13.1676
289.3446744	4.03088807	13.146
289.6826939	4.10570775	13.1201
290.0215041	4.17868124	13.0896
290.3611077	4.24906065	13.0546
290.7015076	4.31611247	13.0153
291.0427066	4.37914971	12.9722
291.3847074	4.43764838	12.926
291.7275129	4.49130156	12.8775
292.071126	4.53996283	12.8274
292.4155495	4.58372604	12.7766
292.7607863	4.62284291	12.7255
293.1068392	4.65756579	12.6745
293.4537112	4.68826265	12.6239
293.8014052	4.71518094	12.5734
294.1499241	4.73836604	12.5229
294.4992708	4.75767881	12.472
294.8494483	4.77272028	12.4205
295.2004595	4.78290556	12.3683
295.5523075	4.78750624	12.3156
295.9049952	4.78575066	12.2629
296.2585257	4.77696121	12.2111
296.6129019	4.76057967	12.1612
296.9681269	4.73628421	12.1147
297.3242038	4.70411864	12.0731
297.6811357	4.66442202	12.0379
298.0389255	4.61786266	12.0106
298.3975764	4.56537495	11.9924
298.7570916	4.5081218	11.9844
299.1174741	4.44731403	11.9871
299.4787271	4.38420855	12.0012
299.8408537	4.32008921	12.0268
300.2038571	4.25616986	12.0641
300.5677406	4.19357495	12.1129
300.9325073	4.13338913	12.1733
301.2981604	4.0766796	12.245
301.6647032	4.02451289	12.328
302.0321389	3.97797946	12.4219
302.4004707	3.93816536	12.5265
302.7697021	3.90619696	12.6413
303.1398362	3.88324952	12.7659
303.5108764	3.87054839	12.8995
303.882826	3.86922181	13.0411
304.2556883	3.8802635	13.1895
304.6294668	3.90459362	13.3435
305.0041648	3.94300952	13.5015
305.3797857	3.99599551	13.6617
305.7563329	4.06384908	13.8225
306.1338099	4.14657094	13.9818
306.51222	4.2438141	14.1379
306.8915668	4.354998	14.289
307.2718538	4.47922676	14.4335
307.6530844	4.61537508	14.5701
308.0352621	4.76224165	14.6979
308.4183905	4.91849642	14.816
308.8024732	5.08277847	14.9242
309.1875137	5.25390995	15.0225
309.5735156	5.43093157	15.1112
309.9604825	5.61310516	15.1906
310.348418	5.80000325	15.2613
310.7373258	5.99154044	15.3236
311.1272095	6.18784213	15.3776
311.5180729	6.38907857	15.4229
311.9099195	6.59546258	15.4591
312.3027531	6.80709657	15.485
312.6965776	7.0237467	15.4993
313.0913965	7.24477658	15.5003
313.4872137	7.46899403	15.4863
313.8840329	7.69468695	15.4558
314.281858	7.91965183	15.4076
314.6806929	8.14129737	15.3411
315.0805413	8.35678673	15.2563
315.4814071	8.56319438	15.154
315.8832943	8.75771994	15.0358
316.2862066	8.93797777	14.9042
316.6901481	9.10214595	14.7621
317.0951228	9.24909294	14.613
317.5011344	9.37853184	14.4605
317.9081872	9.49092023	14.308
318.316285	9.58747005	14.1588
318.7254319	9.66999341	14.0154
319.1356319	9.7407318	13.8799
319.5468892	9.80225698	13.7535
319.9592077	9.85706582	13.6364
320.3725917	9.90743141	13.5284
320.7870453	9.95540161	13.4287
321.2025725	10.0024991	13.3358
321.6191777	10.04974779	13.2484
322.0368649	10.09769846	13.1648
322.4556385	10.14641881	13.0837
322.8755026	10.19565938	13.0039
323.2964615	10.24484636	12.9245
323.7185196	10.29331189	12.8452
324.141681	10.34037752	12.7658
324.5659503	10.38547322	12.6867
324.9913316	10.42819415	12.6082
325.4178294	10.46830361	12.531
325.8454481	10.50581374	12.4557
326.2741921	10.54089295	12.3829
326.7040659	10.57389325	12.3132
327.1350739	10.60538371	12.2471
327.5672206	10.6359299	12.1846
328.0005106	10.66611333	12.126
328.4349483	10.69660463	12.0712
328.8705385	10.72800424	12.02
329.3072855	10.76085194	11.9721
329.7451941	10.79567373	11.9272
330.184269	10.83289967	11.8847
330.6245147	10.87289589	11.8442
331.0659359	10.91591701	11.8049
331.5085374	10.96209767	11.7663
331.952324	11.01148365	11.7276
332.3973003	11.06398575	11.6882
332.8434711	11.11937273	11.6473
333.2908414	11.17720366	11.6043
333.7394159	11.23702181	11.5589
334.1891995	11.29829615	11.5106
334.640197	11.36033702	11.4592
335.0924135	11.42254234	11.4049
335.5458539	11.48434262	11.3477
336.000523	11.54523738	11.2881
336.4564261	11.60485051	11.2264
336.9135679	11.66287845	11.1632
337.3719537	11.71925943	11.0992
337.8315886	11.77410586	11.0349
338.2924775	11.82755668	10.9707
338.7546257	11.87994315	10.9073
339.2180383	11.93174953	10.8449
339.6827205	11.98350315	10.7838
340.1486776	12.03580708	10.724
340.6159148	12.08925652	10.6654
341.0844374	12.14441313	10.6077
341.5542507	12.2018303	10.5506
342.02536	12.26202747	10.4935
342.4977707	12.32541051	10.4357
342.9714882	12.3922339	10.3763
343.446518	12.46258913	10.3144
343.9228655	12.53634517	10.2489
344.4005361	12.61323265	10.179
344.8795355	12.69277687	10.1035
345.3598691	12.77424527	10.0216
345.8415425	12.85673521	9.93244
346.3245615	12.93918192	9.83552
346.8089315	13.02043058	9.73043
347.2946583	13.09921794	9.61702
347.7817475	13.17425665	9.49544
348.2702051	13.24429273	9.36608
348.7600366	13.30814539	9.22959
349.2512479	13.36476322	9.08686
349.7438449	13.41327304	8.93898
350.2378333	13.4530025	8.78717
350.7332192	13.48351469	8.63279
351.2300085	13.50461857	8.4772
351.7282071	13.51635734	8.32177
352.227821	13.51900926	8.1678
352.7288563	13.51305399	8.01646
353.2313191	13.49914901	7.86879
353.7352154	13.47808061	7.7256
354.2405514	13.45072918	7.58755
354.7473333	13.41801936	7.45502
355.2555673	13.38086642	7.32823
355.7652597	13.34015037	7.20718
356.2764167	13.29666575	7.0917
356.7890446	13.25109268	6.98148
357.3031499	13.20398023	6.87612
357.8187388	13.15572429	6.77514
358.3358179	13.10658058	6.6781
358.8543936	13.05667189	6.58454
359.3744725	13.00600647	6.49412
359.896061	12.95452279	6.40657
360.4191657	12.90210393	6.32172
360.9437933	12.84862063	6.23953
361.4699504	12.79395676	6.16003
361.9976438	12.73803312	6.08336
362.5268801	12.68083104	6.0097
363.0576662	12.62238863	5.93926
363.5900088	12.56280422	5.87227
364.1239148	12.50223744	5.80896
364.6593912	12.44090739	5.74955
365.1964448	12.37908579	5.69423
365.7350826	12.31709424	5.64317
366.2753117	12.25531328	5.59651
366.8171391	12.1941689	5.55431
367.3605719	12.13413571	5.5166
367.9056172	12.07572039	5.48327
368.4522823	12.01944389	5.45415
369.0005744	11.96581862	5.4289
369.5505007	11.91530618	5.40708
370.1020687	11.86830272	5.38813
370.6552855	11.82509374	5.37136
371.2101587	11.78582931	5.35603
371.7666957	11.7505097	5.34134
372.3249039	11.71896203	5.32649
372.884791	11.69085226	5.31075
373.4463645	11.66568697	5.29345
374.009632	11.64284504	5.27411
374.5746012	11.62160719	5.25237
375.1412799	11.60119757	5.22813
375.7096758	11.58084337	5.20147
376.2797967	11.5598176	5.17271
376.8516505	11.5374985	5.14236
377.4252451	11.51341804	5.11111
378.0005884	11.48729654	5.07975
378.5776885	11.45907545	5.04916
379.1565535	11.42892884	5.02018
379.7371914	11.39724585	4.99358
380.3196104	11.36461335	4.96998
380.9038187	11.3317528	4.94976
381.4898246	11.2994696	4.9331
382.0776364	11.26859226	4.91988
382.6672623	11.23988874	4.90973
383.258711	11.21401152	4.90205
383.8519907	11.19143219	4.89603
384.4471101	11.17239731	4.89075
385.0440776	11.15690199	4.88522
385.642902	11.1446851	4.8785
386.2435919	11.13525295	4.86975
386.846156	11.12789858	4.85829
387.4506031	11.12175165	4.8437
388.0569421	11.11585947	4.82586
388.6651818	11.10926926	4.80496
389.2753312	11.10109938	4.78148
389.8873994	11.09062844	4.75621
390.5013953	11.07736696	4.73013
391.1173281	11.06110502	4.70438
391.735207	11.04194661	4.68013
392.3550411	11.02031093	4.6585
392.9768399	10.9969035	4.64043
393.6006127	10.97266021	4.62662
394.2263688	10.94867198	4.61744
394.8541178	10.92608958	4.61291
395.4838692	10.90602742	4.61269
396.1156326	10.88947926	4.61613
396.7494176	10.87723811	4.62229
397.385234	10.8698319	4.63005
398.0230915	10.86749975	4.6382
398.663	10.87018248	4.64552
399.3049694	10.87754754	4.6509
399.9490097	10.88903403	4.65338
400.5951309	10.90390257	4.65222
401.243343	10.92131003	4.64694
401.8936564	10.9403682	4.63729
402.5460812	10.96021458	4.6233
403.2006276	10.98006525	4.60517
403.8573062	10.99925438	4.5833
404.5161272	11.01725772	4.55816
405.1771013	11.03368783	4.5303
405.840239	11.04831727	4.50031
406.5055508	11.06104136	4.46869
407.1730476	11.07185597	4.43595
407.8427401	11.08085276	4.4025
408.5146392	11.08817003	4.36866
409.1887558	11.09398077	4.3347
409.8651008	11.09847264	4.30079
410.5436854	11.10182915	4.26706
411.2245207	11.10421928	4.23357
411.9076179	11.1057931	4.20037
412.5929884	11.10668624	4.16747
413.2806433	11.10700139	4.13485
413.9705943	11.10682788	4.10253
414.6628528	11.10624015	4.07048
415.3574305	11.10530268	4.03873
416.0543389	11.10409136	4.00729
416.7535899	11.1026862	3.97618
417.4551953	11.10118751	3.94543
418.1591669	11.09972295	3.91505
418.8655169	11.09843765	3.88501
419.5742572	11.09749138	3.85525
420.2854	11.09704218	3.82563
420.9989576	11.09722421	3.79596
421.7149422	11.09813042	3.76598
422.4333663	11.09979379	3.73539
423.1542423	11.10216585	3.70384
423.8775829	11.10510949	3.671
424.6034007	11.10839468	3.63654
425.3317084	11.11170862	3.60022
426.0625189	11.11466878	3.56185
426.7958451	11.11684993	3.52139
427.5317	11.11781498	3.47888
428.2700967	11.11714087	3.43451
429.0110484	11.1144472	3.38855
429.7545685	11.10942297	3.3414
430.5006701	11.10185564	3.29351
431.249367	11.09163261	3.24537
432.0006725	11.07874736	3.19748
432.7546003	11.06329595	3.15032
433.5111643	11.04547847	3.10434
434.2703783	11.02557462	3.05988
435.0322561	11.00390929	3.0172
435.796812	10.9808412	2.97647
436.5640599	10.9567325	2.93774
437.3340141	10.93191595	2.90097
438.106689	10.90667995	2.86605
438.8820991	10.88125325	2.83281
439.6602589	10.85579997	2.80106
440.4411829	10.83040893	2.77058
441.2248861	10.80510552	2.74121
442.0113832	10.77987951	2.71282
442.8006893	10.75469638	2.68533
443.5928193	10.72950984	2.6587
444.3877885	10.70428528	2.63296
445.1856122	10.67901817	2.60816
445.9863058	10.65373539	2.58437
446.7898847	10.62849855	2.56166
447.5963646	10.60340235	2.54009
448.4057613	10.57856634	2.51969
449.2180906	10.55413005	2.50047
450.0333684	10.53024276	2.48239
450.8516109	10.50705008	2.46538
451.6728342	10.48469277	2.44934
452.4970547	10.46329885	2.43413
453.3242888	10.44297469	2.41958
454.1545531	10.42379894	2.40549
454.9878642	10.40581882	2.39164
455.824239	10.38903415	2.37777
456.6636943	10.37339603	2.36364
457.5062472	10.35880715	2.34899
458.351915	10.34510217	2.33357
459.2007148	10.33205684	2.31719
460.0526642	10.31940769	2.29972
460.9077807	10.30685666	2.28109
461.7660819	10.29409259	2.26134
462.6275858	10.28082961	2.24061
463.4923103	10.26683285	2.21912
464.3602734	10.25193555	2.19715
465.2314934	10.23605956	2.17503
466.1059887	10.21922996	2.15309
466.9837778	10.2015576	2.1316
467.8648792	10.18322246	2.11078
468.7493119	10.16445112	2.09074
469.6370947	10.14547298	2.07148
470.5282467	10.1264824	2.0529
471.4227871	10.10761704	2.03484
472.3207352	10.08892975	2.01707
473.2221107	10.07038222	1.99939
474.1269331	10.05185693	1.98162
475.0352222	10.03317235	1.96367
475.9469981	10.0141224	1.94555
476.8622808	9.99451114	1.92737
477.7810906	9.97417639	1.90932
478.7034479	9.9530328	1.8917
479.6293733	9.93108558	1.8748
480.5588876	9.90842604	1.85894
481.4920117	9.88524629	1.84441
482.4287665	9.86182001	1.83142
483.3691735	9.83846835	1.82008
484.3132539	9.81554214	1.81042
485.2610294	9.79339436	1.80234
486.2125216	9.77234803	1.79565
487.1677525	9.75267471	1.79006
488.1267441	9.73457823	1.78522
489.0895187	9.71816511	1.78069
490.0560988	9.70344443	1.77606
491.0265069	9.69032527	1.77087
492.0007659	9.67860325	1.76472
492.9788986	9.66799059	1.75728
493.9609283	9.65811871	1.74828
494.9468782	9.64856749	1.7376
495.936772	9.63889514	1.72521
496.9306333	9.62867307	1.71125
497.9284859	9.61751815	1.69594
498.9303541	9.6051193	1.67964
499.9362621	9.59126895	1.66276
500.9462343	9.57586236	1.64575
501.9602955	9.55891854	1.62909
502.9784706	9.54056363	1.61318
504.0007846	9.52100974	1.59839
505.0272627	9.50053972	1.58498
506.0579306	9.47947129	1.57312
507.0928139	9.45813373	1.56288
508.1319385	9.43684837	1.55425
509.1753306	9.41590874	1.54713
510.2230165	9.39556021	1.54136
511.2750227	9.3760003	1.53675
512.331376	9.35736806	1.53306
513.3921035	9.33974781	1.53007
514.4572324	9.32317716	1.52754
515.52679	9.30764454	1.52525
516.6008042	9.29309584	1.52299
517.6793027	9.27943041	1.52057
518.7623138	9.26650876	1.51785
519.8498658	9.25417483	1.51475
520.9419874	9.24225367	1.51121
522.0387074	9.2305676	1.50727
523.1400549	9.21896092	1.50301
524.2460592	9.20731762	1.49859
525.35675	9.19557165	1.49418
526.4721571	9.18372651	1.49002
527.5923106	9.1718683	1.48631
528.7172409	9.16014362	1.48322
529.8469786	9.14876898	1.48089
530.9815546	9.13800224	1.47933
532.121	9.1281153	1.47849
533.2653462	9.11936207	1.47817
534.414625	9.1119508	1.47812
535.5688683	9.10601013	1.47795
536.7281082	9.10156865	1.47728
537.8923774	9.09854777	1.47566
539.0617087	9.09674278	1.47269
540.2361351	9.0958528	1.46804
541.41569	9.09548174	1.46144
542.600407	9.09516947	1.45279
543.7903202	9.09444263	1.44212
544.9854637	9.09284609	1.42961
546.1858722	9.08997765	1.41557
547.3915806	9.08553691	1.40046
548.6026239	9.07935525	1.38479
549.8190377	9.07140531	1.36912
551.0408578	9.06181344	1.35399
552.2681203	9.05084699	1.33987
553.5008616	9.03888683	1.32711
554.7391186	9.02639636	1.31592
555.9829283	9.01386234	1.3063
557.2323281	9.00174492	1.29811
558.4873559	8.99043082	1.29102
559.7480497	8.98018531	1.2846
561.014448	8.9711328	1.27834
562.2865896	8.96323086	1.2717
563.5645136	8.95628078	1.26421
564.8482597	8.94995172	1.25548
566.1378676	8.9438151	1.24528
567.4333776	8.93739656	1.23354
568.7348303	8.93022559	1.22037
570.0422667	8.92188145	1.20603
571.3557281	8.9120384	1.19093
572.6752564	8.90050074	1.17556
574.0008935	8.88721356	1.16045
575.3326821	8.87227385	1.14613
576.6706651	8.8559042	1.13303
578.0148858	8.83842378	1.12151
579.3653879	8.82022423	1.11179
580.7222155	8.80172282	1.10395
582.0854131	8.78331427	1.09792
583.4550259	8.76534075	1.09354
584.8310991	8.74807051	1.09055
586.2136785	8.73167186	1.08864
587.6028104	8.71621201	1.0875
588.9985416	8.70167502	1.08686
590.400919	8.68797541	1.08649
591.8099905	8.67497998	1.08625
593.2258038	8.6625466	1.08609
594.6484077	8.65055063	1.08603
596.077851	8.63890311	1.08615
597.5141831	8.62757419	1.08658
598.9574541	8.61659787	1.08744
600.4077143	8.606067	1.08884
601.8650146	8.59612216	1.09083
603.3294063	8.58692938	1.0934
604.8009415	8.57865782	1.09646
606.2796724	8.57144618	1.09984
607.765652	8.56539142	1.10334
609.2589337	8.5605282	1.10669
610.7595714	8.55681768	1.10964
612.2676198	8.55415336	1.11194
613.7831337	8.55237418	1.11341
615.3061687	8.55127794	1.1139
616.8367811	8.55064039	1.11336
618.3750274	8.55024083	1.11179
619.920965	8.54987787	1.10927
621.4746516	8.54938953	1.10592
623.0361457	8.54864961	1.10188
624.6055063	8.54757751	1.09733
626.1827929	8.54613583	1.09243
627.7680658	8.54432812	1.08736
629.3613858	8.54219463	1.08226
630.9628142	8.53980311	1.07727
632.5724133	8.53725155	1.0725
634.1902455	8.53465734	1.06803
635.8163744	8.53215637	1.06392
637.4508638	8.52990722	1.0602
639.0937784	8.52807904	1.05684
640.7451835	8.5268399	1.05377
642.4051451	8.52634928	1.05086
644.0737299	8.52673194	1.04791
645.7510052	8.52807006	1.0447
647.4370392	8.53039081	1.04095
649.1319005	8.53365116	1.03638
650.8356588	8.53774013	1.03071
652.5483842	8.542478	1.02369
654.2701478	8.54763407	1.01513
656.0010212	8.55292849	1.00487
657.7410769	8.55805042	0.99286
659.4903883	8.56269371	0.97912
661.2490293	8.56655832	0.96372
663.0170749	8.56936256	0.94681
664.7946005	8.57086014	0.92859
666.5816828	8.57084818	0.90931
668.3783989	8.56917626	0.88925
670.184827	8.56573695	0.86869
672.0010461	8.56047167	0.84795
673.8271359	8.55337278	0.82733
675.6631771	8.54447538	0.80714
677.5092514	8.53386971	0.78769
679.3654411	8.52169343	0.76925
681.2318297	8.50812114	0.75207
683.1085014	8.49336647	0.73637
684.9955414	8.47767978	0.72233
686.893036	8.46132904	0.71006
688.8010722	8.44459571	0.69965
690.7197382	8.42777228	0.69112
692.6491229	8.41115059	0.68445
694.5893165	8.3950024	0.67954
696.5404101	8.37958443	0.6763
698.5024958	8.36514076	0.67456
700.4756667	8.35187866	0.67412
702.460017	8.33997505	0.67476
704.455642	8.32957802	0.67623
706.4626382	8.32078538	0.67823
708.4811029	8.31365124	0.68049
710.5111347	8.3081917	0.6827
712.5528333	8.30435808	0.68454
714.6062997	8.30205191	0.68574
716.6716358	8.30113384	0.68603
718.7489449	8.3014095	0.68517
720.8383314	8.30265916	0.68301
722.9399009	8.30464144	0.6794
725.0537602	8.30709874	0.67429
727.1800176	8.30978491	0.66767
729.3187824	8.31247279	0.65959
731.4701652	8.31495805	0.65012
733.6342781	8.31707148	0.63939
735.8112344	8.31868591	0.62752
738.0011488	8.31969848	0.61463
740.2041373	8.32004056	0.60086
742.4203174	8.31967257	0.58631
744.6498078	8.31856306	0.57106
746.8927289	8.31668106	0.55517
749.1492024	8.3139899	0.53869
751.4193515	8.31044928	0.52167
753.7033009	8.30600755	0.50414
756.0011768	8.30059351	0.48614
758.313107	8.29412236	0.46773
760.6392209	8.28650479	0.449
762.9796492	8.27765849	0.43007
765.3345247	8.26750586	0.41107
767.7039814	8.25598888	0.39219
770.0881553	8.24308002	0.37362
772.4871838	8.228788	0.35559
774.9012063	8.2131595	0.33831
777.3303636	8.1962913	0.32203
779.7747987	8.17832631	0.30693
782.2346562	8.15943736	0.29319
784.7100823	8.13983276	0.28094
787.2012254	8.11973921	0.27026
789.7082357	8.09939099	0.26118
792.2312652	8.07902139	0.25368
794.7704679	8.05883943	0.24767
797.326	8.03902973	0.24306
799.8980194	8.01975068	0.2397
802.4866861	8.00111845	0.23743
805.0921623	7.98320936	0.23608
807.7146124	7.96606871	0.2355
810.3542026	7.94971075	0.23553
813.0111016	7.93413178	0.23606
815.6854803	7.91930682	0.23695
818.3775116	7.90520206	0.23814
821.0873709	7.89178137	0.23953
823.8152359	7.87900161	0.24108
826.5612867	7.86682929	0.24274
829.3257057	7.85523033	0.24447
832.1086779	7.84416879	0.24623
834.9103906	7.83361132	0.248
837.7310338	7.82352704	0.24975
840.5708	7.81388187	0.25146
843.4298844	7.80464505	0.25312
846.3084846	7.7957825	0.25471
849.2068014	7.78726066	0.25624
852.1250378	7.77905603	0.25772
855.0634	7.77114744	0.25916
858.0220969	7.76352923	0.2606
861.0013403	7.75620213	0.26204
864.0013449	7.74917879	0.26353
867.0223287	7.74249422	0.26508
870.0645123	7.73618467	0.26669
873.1281197	7.73030104	0.26837
876.2133781	7.72490179	0.27008
879.3205177	7.72003708	0.27177
882.4497722	7.7157578	0.27338
885.6013786	7.71209999	0.2748
888.7755771	7.70907964	0.27593
891.9726115	7.70669657	0.27664
895.1927292	7.70491577	0.27678
898.4361812	7.70366406	0.27621
901.7032218	7.70283946	0.27481
904.9941095	7.70231219	0.27247
908.3091062	7.70192444	0.26911
911.6484779	7.70150051	0.26469
915.0124945	7.70084947	0.2592
918.4014296	7.69978031	0.2527
921.8155613	7.69812321	0.24529
925.2551716	7.69572513	0.23709
928.7205468	7.69246258	0.22828
932.2119774	7.68825544	0.21905
935.7297585	7.68306935	0.20961
939.2741894	7.67690693	0.20014
942.8455741	7.66980948	0.19084
946.4442214	7.66184908	0.18185
950.0704444	7.65312245	0.17332
953.7245615	7.64374538	0.16533
957.4068958	7.63383094	0.15794
961.1177752	7.62349001	0.15118
964.8575331	7.61281925	0.14505
968.6265078	7.601908	0.13956
972.4250431	7.59083488	0.13468
976.2534882	7.57965939	0.13039
980.1121976	7.5684308	0.12667
984.0015317	7.55719955	0.12352
987.9218566	7.54601086	0.12091
991.873544	7.53491065	0.11885
995.8569719	7.52395334	0.11732
999.8725242	7.51319568	0.11631
1003.920591	7.50269409	0.11578
1008.001569	7.49250342	0.1157
1012.115861	7.48266949	0.116
1016.263877	7.47323354	0.11664
1020.446033	7.46422366	0.11752
1024.662752	7.45564965	0.11858
1028.914465	7.44750451	0.11972
1033.201608	7.43976727	0.12089
1037.524628	7.43240209	0.122
1041.883975	7.42535901	0.12302
1046.28011	7.41858318	0.1239
1050.7135	7.41201599	0.12464
1055.184621	7.40560301	0.12523
1059.693957	7.39928923	0.12569
1064.242	7.3930333	0.12606
1068.82925	7.38681431	0.12639
1073.456216	7.38062049	0.12671
1078.123417	7.37445337	0.12708
1082.83138	7.36833595	0.12754
1087.58064	7.36230321	0.12812
1092.371744	7.35639854	0.12883
1097.205248	7.35066643	0.12966
1102.081716	7.34514553	0.13058
1107.001723	7.33986592	0.13155
1111.965857	7.33484338	0.13251
1116.974712	7.33007502	0.1334
1122.028896	7.32554131	0.13416
1127.129027	7.32120137	0.13473
1132.275735	7.31699901	0.13508
1137.469661	7.31287637	0.1352
1142.711456	7.30876744	0.13508
1148.001787	7.30460669	0.13476
1153.34133	7.30035092	0.1343
1158.730776	7.29597053	0.13375
1164.170826	7.29145306	0.13319
1169.662198	7.28681245	0.13269
1175.205621	7.28208291	0.13231
1180.801838	7.27730789	0.13208
1186.451608	7.27253763	0.13203
1192.155702	7.26782886	0.13216
1197.914908	7.26323503	0.13245
1203.730029	7.25878821	0.13284
1209.601883	7.25450316	0.1333
1215.531304	7.25038772	0.13378
1221.519143	7.24642408	0.13422
1227.566267	7.24257878	0.1346
1233.673562	7.23881842	0.13491
1239.84193	7.23510609	0.13515
1246.072291	7.23141049	0.13535
1252.365586	7.22770922	0.13554
1258.722772	7.22400334	0.13579
1265.144827	7.22030917	0.13612
1271.632749	7.21665743	0.13659
1278.187557	7.21309143	0.1372
1284.81029	7.20965645	0.13797
1291.50201	7.20640434	0.13888
1298.263801	7.20337308	0.13989
1305.096768	7.20059513	0.14097
1312.002042	7.19808169	0.14204
1318.980777	7.19583164	0.14308
1326.03415	7.19383597	0.14402
1333.163366	7.19206545	0.14483
1340.369654	7.19049	0.14549
1347.654272	7.18908471	0.146
1355.018503	7.18782797	0.14635
1362.463659	7.18669343	0.14654
1369.991083	7.1856735	0.14661
1377.602144	7.18477226	0.14655
1385.298246	7.18399189	0.14637
1393.08082	7.1833368	0.14606
1400.951333	7.18281792	0.14563
1408.911284	7.18244833	0.14505
1416.962206	7.18222605	0.14429
1425.105667	7.18214987	0.14334
1433.343272	7.1822157	0.14216
1441.676663	7.18240562	0.14072
1450.10752	7.1827053	0.13901
1458.637565	7.18309802	0.13699
1467.268556	7.1835525	0.13463
1476.002298	7.18403826	0.13192
1484.840635	7.18452271	0.12883
1493.785458	7.18496254	0.12534
1502.838703	7.18531164	0.12144
1512.002354	7.18551389	0.11711
1521.278442	7.18551283	0.11237
1530.669049	7.18524828	0.10721
1540.176311	7.18465019	0.10166
1549.802413	7.18365292	0.09576
1559.549597	7.18220363	0.08958
1569.420165	7.18025666	0.08317
1579.416471	7.1777676	0.07661
1589.540936	7.17471862	0.07001
1599.796039	7.17110627	0.06344
1610.184325	7.16694045	0.05701
1620.708405	7.16225299	0.0508
1631.370961	7.15708584	0.04489
1642.174742	7.1514945	0.03935
1653.122573	7.14554839	0.03424
1664.217356	7.13932285	0.02959
1675.462068	7.13289269	0.02542
1686.859769	7.12633035	0.02173
1698.413603	7.11970156	0.01851
1710.1268	7.11307202	0.01575
1722.002681	7.10649465	0.0134
1734.044657	7.10001199	0.01144
1746.256239	7.09366163	0.00982
1758.641035	7.08746733	0.0085
1771.202757	7.08144544	0.00744
1783.945223	7.07560936	0.00661
1796.872362	7.06996896	0.00597
1809.988219	7.06452318	0.00548
1823.296956	7.05926872	0.00512
1836.802859	7.05420198	0.00486
1850.510343	7.04931597	0.00468
1864.423955	7.04460382	0.00456
1878.548379	7.04005655	0.00448
1892.888443	7.03566003	0.00442
1907.449123	7.0314033	0.00438
1922.23555	7.02727559	0.00434
1937.253016	7.02326388	0.0043
1952.506976	7.01935594	0.00425
1968.003063	7.01554399	0.0042
1983.747088	7.01181703	0.00413
1999.745048	7.0081641	0.00406
2016.003138	7.00458458	0.00399
2032.527754	7.00107732	0.00392
2049.325504	6.99763621	0.00384
2066.403217	6.99425458	0.00376
2083.76795	6.99093676	0.00369
2101.427	6.98768192	0.00361
2119.387915	6.98448557	0.00353
2137.6585	6.98134491	0.00344
2156.246835	6.9782579	0.00335
2175.161281	6.97522393	0.00325
2194.410496	6.97223793	0.00314
2214.003446	6.96929522	0.00302
2233.949423	6.96639708	0.0029
2254.258055	6.9635391	0.00276
2274.939321	6.96071673	0.00262
2296.003574	6.95793089	0.00247
2317.461551	6.9551754	0.00231
2339.324396	6.9524482	0.00215
2361.603676	6.94975067	0.00199
2384.311404	6.94708262	0.00183
2407.460058	6.94444323	0.00167
2431.062608	6.94183108	0.00151
2455.132535	6.93924336	0.00135
2479.68386	6.93668141	0.0012
2504.731172	6.93414497	0.00105
2530.289653	6.93163202	9.10E-04
2556.375113	6.92914522	7.81E-04
2583.004021	6.9266857	6.62E-04
2610.193537	6.92425458	5.55E-04
2637.961553	6.92185254	4.58E-04
2666.326731	6.91948061	3.74E-04
2695.308543	6.91714039	3.01E-04
2724.927319	6.91483264	2.39E-04
2755.204289	6.91255826	1.87E-04
2786.16164	6.91031767	1.44E-04
2817.822568	6.90811166	1.10E-04
2850.211333	6.90594049	8.23E-05
2883.353326	6.90380388	6.08E-05
2917.275129	6.9017019	4.44E-05
2952.004595	6.89963424	3.19E-05
2987.570916	6.89760047	2.27E-05
3024.004707	6.89560014	1.59E-05
3061.338099	6.89363264	1.10E-05
3099.604825	6.89169746	7.59E-06
3138.840329	6.88979405	5.19E-06
3179.081872	6.88792183	3.54E-06
3220.368649	6.88608027	2.42E-06
3262.741921	6.88426886	1.66E-06
3306.245147	6.88248714	1.16E-06
3350.924135	6.88073468	8.17E-07
3396.827205	6.87901105	5.89E-07
3444.005361	6.8773159	4.34E-07
3492.512479	6.87564888	3.27E-07
3542.405514	6.87400966	2.52E-07
3593.744725	6.87239794	1.97E-07
3646.593912	6.87081346	1.56E-07
3701.020687	6.86925594	1.25E-07
3757.096758	6.86772515	1.01E-07
3814.898246	6.86622086	8.34E-08
3874.506031	6.86474283	7.01E-08
3936.006127	6.86329088	6.08E-08
3999.490097	6.8618648	5.52E-08
4065.055508	6.8604644	5.29E-08
4132.806433	6.8590895	5.40E-08
4202.854	6.85773994	5.85E-08
4275.317	6.85641555	6.66E-08
4350.322561	6.85511617	7.85E-08
4428.006893	6.85384165	9.46E-08
4508.516109	6.85259184	1.15E-07
4592.007148	6.85136662	1.41E-07
4678.648792	6.85016583	1.71E-07
4768.622808	6.84898937	2.08E-07
4862.125216	6.8478371	2.50E-07
4959.36772	6.8467089	2.98E-07
5060.579306	6.84560466	3.53E-07
5166.008042	6.84452427	4.13E-07
5275.923106	6.84346762	4.77E-07
5390.617087	6.84243462	5.47E-07
5510.408578	6.84142516	6.19E-07
5635.645136	6.84043915	6.92E-07
5766.706651	6.8394765	7.65E-07
5904.00919	6.83853711	8.36E-07
6048.009415	6.83762091	9.03E-07
6199.20965	6.8367278	9.62E-07
6358.163744	6.83585771	1.01E-06
6525.483842	6.83501055	1.05E-06
6701.84827	6.83418625	1.08E-06
6888.010722	6.83338475	1.10E-06
7084.811029	6.83260596	1.10E-06
7293.187824	6.83184982	1.08E-06
7514.193515	6.83111625	1.06E-06
7749.012063	6.83040521	1.02E-06
7998.980194	6.82971661	9.66E-07
8265.612867	6.82905041	9.06E-07
8550.634	6.82840656	8.38E-07
8856.013786	6.82778499	7.65E-07
9184.014296	6.82718565	6.89E-07
9537.245615	6.82660851	6.13E-07
9918.73544	6.8260535	5.37E-07
10332.01608	6.8255206	4.65E-07
10781.23417	6.82500975	3.97E-07
11271.29027	6.82452092	3.35E-07
11808.01838	6.82405407	2.78E-07
12398.4193	6.82360917	2.28E-07
13050.96768	6.82318618	1.84E-07
13776.02144	6.82278507	1.47E-07
14586.37565	6.82240582	1.16E-07
15498.02413	6.82204838	9.00E-08
16531.22573	6.82171275	6.89E-08
17712.02757	6.82139889	5.20E-08
19074.49123	6.82110677	3.87E-08
20664.03217	6.82083638	2.84E-08
22542.58055	6.8205877	2.06E-08
24796.8386	6.8203607	1.47E-08
27552.04289	6.82015537	1.03E-08
30996.04825	6.8199717	7.17E-09
35424.05514	6.81980967	4.90E-09
41328.06433	6.81966927	3.30E-09
49593.6772	6.81955049	2.19E-09
61992.0965	6.81945331	1.43E-09
82656.12867	6.81937774	9.25E-10
123984.193	6.81932377	5.87E-10
247968.386	6.81929138	3.67E-10
123984193	6.81928059	2.26E-10
