123.984317	-2.03175454	0.91096
124.0463402	-1.74059963	0.90928
124.1084255	-1.59474344	0.90699
124.170573	-1.49751959	0.90416
124.2327828	-1.42481525	0.90084
124.2950549	-1.36702229	0.89709
124.3573895	-1.31936387	0.89296
124.4197867	-1.2791335	0.88851
124.4822465	-1.244665	0.88379
124.544769	-1.21486417	0.87889
124.6073544	-1.18898096	0.87388
124.6700027	-1.1664779	0.86889
124.732714	-1.1469388	0.86405
124.7954885	-1.13003385	0.8595
124.8583261	-1.11547219	0.85542
124.9212271	-1.10298374	0.85196
124.9841915	-1.09229819	0.84931
125.0472194	-1.08312797	0.84761
125.1103109	-1.07517628	0.84698
125.1734661	-1.06813422	0.84749
125.2366851	-1.06169584	0.84915
125.299968	-1.05555446	0.85194
125.3633148	-1.04942546	0.85573
125.4267258	-1.04306437	0.86037
125.4902009	-1.03627641	0.86563
125.5537403	-1.02891986	0.87129
125.6173441	-1.02091681	0.87706
125.6810123	-1.01225617	0.8827
125.7447452	-1.00298414	0.88795
125.8085427	-0.99319833	0.89262
125.8724049	-0.98303657	0.89653
125.9363321	-0.97265629	0.8996
126.0003242	-0.96222252	0.90175
126.0643814	-0.95190111	0.90299
126.1285037	-0.9418343	0.90335
126.1926913	-0.93215139	0.90288
126.2569443	-0.92295144	0.90168
126.3212627	-0.91430634	0.89982
126.3856467	-0.90627201	0.89739
126.4500963	-0.89888784	0.89446
126.5146117	-0.89218556	0.8911
126.579193	-0.88618973	0.88737
126.6438403	-0.88093233	0.88331
126.7085536	-0.87644778	0.87899
126.7733331	-0.87276582	0.87447
126.8381789	-0.86991796	0.86982
126.903091	-0.86793464	0.86512
126.9680696	-0.86683183	0.86048
127.0331148	-0.86661411	0.85599
127.0982267	-0.86726749	0.85178
127.1634053	-0.86875906	0.84794
127.2286508	-0.87105187	0.84457
127.2939633	-0.87408685	0.84178
127.3593429	-0.87779791	0.83963
127.4247897	-0.88211924	0.8382
127.4903038	-0.88698437	0.83754
127.5558853	-0.89232262	0.83773
127.6215344	-0.89805663	0.83882
127.687251	-0.90410759	0.84088
127.7530353	-0.91038415	0.84398
127.8188874	-0.91677786	0.8482
127.8848075	-0.92314544	0.85363
127.9507956	-0.9293243	0.8603
128.0168519	-0.93512704	0.86827
128.0829763	-0.94033847	0.87752
128.1491691	-0.94473996	0.888
128.2154304	-0.94810103	0.89962
128.2817603	-0.95020879	0.91219
128.3481587	-0.9508866	0.9255
128.414626	-0.94998896	0.93929
128.4811622	-0.94742948	0.95324
128.5477673	-0.94318624	0.96704
128.6144415	-0.93729448	0.98037
128.6811849	-0.92984803	0.99293
128.7479977	-0.92099658	1.00444
128.8148798	-0.91093207	1.01468
128.8818315	-0.89987927	1.02346
128.9488528	-0.88807952	1.03067
129.0159438	-0.8757822	1.03622
129.0831047	-0.86323496	1.0401
129.1503356	-0.85066951	1.04232
129.2176365	-0.83830501	1.04293
129.2850076	-0.82634674	1.042
129.352449	-0.81497461	1.03965
129.4199608	-0.80434255	1.03599
129.4875431	-0.79459028	1.03115
129.555196	-0.78583362	1.02528
129.6229196	-0.77817168	1.01852
129.6907141	-0.77167868	1.01105
129.7585795	-0.76640395	1.00302
129.826516	-0.76238002	0.9946
129.8945237	-0.7596159	0.98595
129.9626027	-0.75809934	0.97723
130.030753	-0.75780152	0.96858
130.0989749	-0.75867199	0.96015
130.1672684	-0.76064782	0.95204
130.2356337	-0.76366107	0.94436
130.3040707	-0.76763354	0.93719
130.3725798	-0.77249039	0.93059
130.4411609	-0.77815632	0.92462
130.5098142	-0.78455954	0.91931
130.5785398	-0.79164623	0.91468
130.6473379	-0.79936474	0.91078
130.7162085	-0.80766533	0.90763
130.7851517	-0.81650806	0.90527
130.8541677	-0.82584979	0.90375
130.9232565	-0.83564664	0.90312
130.9924184	-0.84583755	0.90347
131.0616533	-0.85634104	0.90486
131.1309615	-0.86706418	0.90736
131.2003431	-0.87789567	0.91103
131.2697981	-0.88869947	0.91593
131.3393266	-0.89932382	0.92207
131.4089289	-0.9096094	0.92945
131.478605	-0.91939347	0.93802
131.548355	-0.92852558	0.9477
131.618179	-0.93686611	0.95839
131.6880772	-0.94430072	0.96994
131.7580497	-0.95075071	0.9822
131.8280966	-0.95615624	0.99503
131.898218	-0.96048322	1.00826
131.968414	-0.96373003	1.02174
132.0386848	-0.96591184	1.03534
132.1090305	-0.96705478	1.04894
132.1794512	-0.96719615	1.06243
132.2499469	-0.96637855	1.07572
132.320518	-0.96464126	1.08873
132.3911643	-0.96203251	1.10136
132.4618862	-0.95860991	1.11354
132.5326836	-0.95442976	1.1252
132.6035568	-0.9495532	1.13627
132.6745058	-0.94405176	1.14668
132.7455308	-0.9380042	1.15638
132.8166318	-0.93148894	1.16533
132.8878091	-0.92458884	1.17349
132.9590627	-0.91738333	1.18085
133.0303927	-0.90994384	1.18739
133.1017994	-0.9023433	1.19309
133.1732827	-0.89465905	1.19793
133.2448428	-0.88696297	1.20191
133.3164799	-0.87933385	1.20499
133.3881941	-0.87186407	1.20716
133.4599854	-0.86465854	1.20839
133.5318541	-0.85783925	1.20868
133.6038002	-0.85154403	1.20803
133.6758239	-0.84592872	1.20648
133.7479253	-0.84114658	1.20412
133.8201045	-0.83734293	1.20106
133.8923617	-0.83464954	1.19746
133.9646969	-0.83317262	1.19351
134.0371103	-0.83297545	1.18945
134.1096021	-0.83407373	1.18551
134.1821723	-0.83644353	1.18193
134.2548211	-0.8400042	1.17896
134.3275486	-0.84463657	1.17678
134.4003549	-0.85018906	1.17558
134.4732402	-0.856481	1.17547
134.5462046	-0.86333144	1.17652
134.6192482	-0.87055713	1.17877
134.6923712	-0.87799342	1.18219
134.7655737	-0.8854982	1.18676
134.8388557	-0.89295395	1.19241
134.9122175	-0.90027596	1.19909
134.9856592	-0.907396	1.20676
135.0591809	-0.91425402	1.2154
135.1327827	-0.92079267	1.225
135.2064648	-0.92694769	1.23558
135.2802273	-0.93262915	1.24718
135.3540703	-0.93771794	1.25983
135.4279939	-0.94206159	1.27356
135.5019984	-0.94547349	1.28836
135.5760837	-0.94773949	1.30418
135.6502502	-0.94864026	1.32088
135.7244978	-0.94797298	1.33827
135.7988267	-0.94556012	1.35609
135.8732371	-0.94127291	1.37401
135.9477291	-0.93505797	1.39164
136.0223028	-0.9269544	1.40857
136.0969584	-0.91708832	1.42441
136.171696	-0.90567446	1.43878
136.2465157	-0.89301278	1.45137
136.3214176	-0.87946776	1.46195
136.396402	-0.86544326	1.4704
136.4714689	-0.85135598	1.4767
136.5466184	-0.837612	1.48094
136.6218508	-0.82457837	1.48331
136.6971661	-0.81256736	1.48407
136.7725646	-0.80182215	1.48355
136.8480462	-0.79250802	1.48211
136.9236112	-0.78470653	1.48014
136.9992597	-0.77841787	1.47801
137.0749918	-0.7735739	1.47607
137.1508077	-0.77004133	1.47464
137.2267075	-0.76763667	1.47398
137.3026914	-0.76613844	1.47431
137.3787594	-0.76528521	1.4758
137.4549118	-0.76480377	1.47852
137.5311487	-0.76441713	1.48252
137.6074702	-0.7638475	1.48776
137.6838764	-0.76283903	1.49415
137.7603675	-0.76116075	1.50155
137.8369437	-0.75861627	1.50977
137.913605	-0.75505474	1.51858
137.9903517	-0.75038173	1.52772
138.0671838	-0.74455358	1.53694
138.1441016	-0.73757798	1.54597
138.221105	-0.72952183	1.55456
138.2981944	-0.72048936	1.56251
138.3753698	-0.71062194	1.56962
138.4526314	-0.70009265	1.57576
138.5299794	-0.68908932	1.58083
138.6074138	-0.67780594	1.58479
138.6849348	-0.66643212	1.58763
138.7625425	-0.65515202	1.58938
138.8402372	-0.64413398	1.59011
138.918019	-0.63352883	1.58991
138.9958879	-0.62346351	1.58891
139.0738442	-0.61403542	1.58725
139.1518879	-0.60531187	1.58509
139.2300193	-0.59732879	1.58259
139.3082385	-0.59008844	1.57992
139.3865457	-0.58356128	1.57723
139.4649409	-0.57769362	1.57466
139.5434244	-0.57240389	1.57234
139.6219962	-0.56758361	1.57037
139.7006566	-0.56311607	1.5688
139.7794056	-0.55888115	1.56767
139.8582435	-0.55475405	1.56698
139.9371704	-0.55062242	1.56669
140.0161864	-0.54638785	1.56675
140.0952916	-0.54197305	1.56707
140.1744863	-0.53732218	1.56757
140.2537706	-0.53240884	1.56813
140.3331447	-0.52722663	1.56868
140.4126086	-0.52179176	1.5691
140.4921626	-0.516146	1.56933
140.5718068	-0.51034121	1.5693
140.6515413	-0.50443952	1.56898
140.7313663	-0.49850833	1.56834
140.811282	-0.49261781	1.56739
140.8912885	-0.48682575	1.56616
140.971386	-0.4811767	1.56469
141.0515746	-0.47570188	1.56303
141.1318544	-0.47041419	1.56124
141.2122258	-0.46530944	1.55937
141.2926887	-0.46037587	1.55746
141.3732433	-0.45558141	1.55557
141.4538899	-0.45088695	1.5537
141.5346285	-0.44624946	1.55188
141.6154593	-0.44162396	1.55008
141.6963825	-0.43697911	1.54828
141.7773983	-0.43228458	1.54645
141.8585067	-0.42752556	1.54453
141.939708	-0.42270247	1.54248
142.0210023	-0.41782249	1.54025
142.1023898	-0.41291241	1.53778
142.1838706	-0.40801132	1.53504
142.2654449	-0.40316817	1.53199
142.3471129	-0.39844247	1.52862
142.4288747	-0.39389551	1.52493
142.5107305	-0.38958889	1.52094
142.5926804	-0.38558361	1.51668
142.6747246	-0.38193528	1.51221
142.7568633	-0.37867529	1.50762
142.8390966	-0.3758157	1.50298
142.9214247	-0.37335489	1.49838
143.0038478	-0.37126017	1.49392
143.0863659	-0.36947121	1.48967
143.1689794	-0.36791854	1.48567
143.2516883	-0.3665196	1.48196
143.3344929	-0.36518233	1.47853
143.4173932	-0.36383092	1.47533
143.5003895	-0.36240498	1.47231
143.5834819	-0.36085795	1.46939
143.6666705	-0.35917983	1.46646
143.7499557	-0.35738839	1.46345
143.8333374	-0.35551755	1.46028
143.9168159	-0.35363145	1.45688
144.0003914	-0.35180354	1.45324
144.084064	-0.35010611	1.44935
144.1678339	-0.34861158	1.44524
144.2517013	-0.34737261	1.44097
144.3356663	-0.34642783	1.43659
144.4197291	-0.34579483	1.43219
144.5038899	-0.34546971	1.42783
144.5881488	-0.34542525	1.4236
144.672506	-0.34561278	1.41954
144.7569618	-0.34597614	1.41569
144.8415162	-0.34644994	1.41206
144.9261694	-0.346968	1.40864
145.0109217	-0.34747033	1.40539
145.0957731	-0.34791153	1.40225
145.1807239	-0.3482676	1.39914
145.2657742	-0.34853639	1.39598
145.3509242	-0.34874534	1.39267
145.4361741	-0.34894981	1.38914
145.5215241	-0.34922796	1.38532
145.6069743	-0.34968493	1.38117
145.6925249	-0.35043483	1.3767
145.7781761	-0.3515938	1.37194
145.8639281	-0.35327523	1.36697
145.949781	-0.35557419	1.36191
146.035735	-0.35854685	1.35693
146.1217904	-0.36221671	1.35218
146.2079472	-0.3665648	1.34787
146.2942057	-0.37152078	1.34417
146.380566	-0.37696953	1.34126
146.4670283	-0.38275542	1.33926
146.5535929	-0.38869326	1.33827
146.6402598	-0.39457482	1.33832
146.7270293	-0.40019392	1.33938
146.8139015	-0.40535234	1.34138
146.9008767	-0.40987481	1.34418
146.9879549	-0.41362415	1.34761
147.0751365	-0.41650978	1.35146
147.1624216	-0.41848459	1.35553
147.2498103	-0.41955463	1.35958
147.3373028	-0.41978011	1.36342
147.4248994	-0.41925466	1.36688
147.5126003	-0.41810867	1.36982
147.6004055	-0.4164828	1.37218
147.6883153	-0.41452308	1.3739
147.7763299	-0.4123686	1.37501
147.8644495	-0.4101347	1.37554
147.9526742	-0.40791221	1.37557
148.0410042	-0.40575426	1.37518
148.1294398	-0.40368696	1.37444
148.2179811	-0.40171534	1.37341
148.3066284	-0.39982018	1.37214
148.3953817	-0.39798483	1.37061
148.4842413	-0.39620381	1.36882
148.5732074	-0.39448493	1.36672
148.6622802	-0.39286605	1.36427
148.7514598	-0.39140596	1.36144
148.8407465	-0.39018772	1.35821
148.9301405	-0.38930892	1.35461
149.0196419	-0.38886206	1.35071
149.1092509	-0.38892285	1.34662
149.1989677	-0.38953372	1.34249
149.2887926	-0.39069722	1.33848
149.3787258	-0.39236236	1.33478
149.4687673	-0.39441553	1.33155
149.5589174	-0.39670492	1.32889
149.6491764	-0.39905015	1.32687
149.7395444	-0.4012472	1.32549
149.8300215	-0.40309336	1.32467
149.9206081	-0.40442373	1.32424
150.0113043	-0.40511503	1.32402
150.1021103	-0.4050961	1.32375
150.1930263	-0.40437486	1.32316
150.2840525	-0.4030262	1.322
150.3751891	-0.40119767	1.32002
150.4664362	-0.39909362	1.31706
150.5577942	-0.39695925	1.31299
150.6492632	-0.39506567	1.30779
150.7408435	-0.39368479	1.3015
150.8325351	-0.39306526	1.29427
150.9243383	-0.39341338	1.28629
151.0162534	-0.39488016	1.27783
151.1082804	-0.39754399	1.26918
151.2004198	-0.40140149	1.26066
151.2926715	-0.40637622	1.25254
151.3850359	-0.41232237	1.24509
151.4775131	-0.41903777	1.23848
151.5701034	-0.42629073	1.23283
151.6628069	-0.43383778	1.22816
151.7556239	-0.44144519	1.22443
151.8485546	-0.44891435	1.2215
151.9415992	-0.45610115	1.2192
152.0347579	-0.46292323	1.21731
152.1280308	-0.46937043	1.21561
152.2214183	-0.4755025	1.21389
152.3149205	-0.48144144	1.21199
152.4085377	-0.48734769	1.20982
152.50227	-0.49340445	1.20735
152.5961177	-0.49979916	1.20464
152.6900809	-0.50668131	1.20185
152.7841599	-0.51415347	1.19916
152.878355	-0.52225251	1.19684
152.9726662	-0.53092829	1.19515
153.0670939	-0.54004232	1.19436
153.1616382	-0.54937878	1.19466
153.2562995	-0.55865174	1.19621
153.3510777	-0.56752928	1.19902
153.4459733	-0.57566905	1.20302
153.5409864	-0.58274292	1.20799
153.6361173	-0.58849543	1.21358
153.7313661	-0.59275653	1.21939
153.826733	-0.59548192	1.22489
153.9222184	-0.59676865	1.2296
154.0178224	-0.59685544	1.23301
154.1135452	-0.59611589	1.23475
154.2093871	-0.59502261	1.23454
154.3053482	-0.59411861	1.23229
154.4014289	-0.59395076	1.2281
154.4976293	-0.59502766	1.22223
154.5939496	-0.5977739	1.21512
154.6903901	-0.60247081	1.20735
154.786951	-0.60923212	1.19955
154.8836326	-0.61799798	1.19237
154.980435	-0.62854167	1.1864
155.0773584	-0.64048491	1.18215
155.1744032	-0.65333211	1.17996
155.2715695	-0.66653009	1.17999
155.3688576	-0.67951006	1.18223
155.4662677	-0.69174052	1.18647
155.5638	-0.70277599	1.19236
155.6614547	-0.71228565	1.19943
155.7592321	-0.72007694	1.20714
155.8571324	-0.72610768	1.21492
155.9551559	-0.73047604	1.22224
156.0533028	-0.73340927	1.22861
156.1515732	-0.73524767	1.23365
156.2499675	-0.73639739	1.23712
156.3484859	-0.73730746	1.23888
156.4471286	-0.73843813	1.23896
156.5458959	-0.74020955	1.23752
156.6447879	-0.74299407	1.2348
156.743805	-0.74708585	1.23118
156.8429473	-0.75267251	1.22708
156.9422151	-0.75983928	1.22296
157.0416087	-0.76855574	1.2193
157.1411282	-0.77867448	1.21655
157.2407739	-0.78995489	1.21509
157.3405461	-0.80206073	1.21527
157.440445	-0.81458181	1.21729
157.5404708	-0.82706414	1.22127
157.6406238	-0.83903215	1.22717
157.7409043	-0.85002193	1.23484
157.8413123	-0.85960608	1.24398
157.9418483	-0.8674378	1.25416
158.0425125	-0.87327494	1.26486
158.143305	-0.87701322	1.27546
158.2442262	-0.87870938	1.28533
158.3452763	-0.87856911	1.29387
158.4464555	-0.87695526	1.30051
158.5477641	-0.87437678	1.30482
158.6492024	-0.87143921	1.30654
158.7507705	-0.86879707	1.3056
158.8524687	-0.86711047	1.30212
158.9542974	-0.86699493	1.29643
159.0562566	-0.86895391	1.28906
159.1583468	-0.87333196	1.28066
159.2605681	-0.88030503	1.27194
159.3629208	-0.88986169	1.26366
159.4654051	-0.90179457	1.25653
159.5680213	-0.91573694	1.25114
159.6707697	-0.93119974	1.24795
159.7736505	-0.94761269	1.24724
159.8766639	-0.96436877	1.24912
159.9798103	-0.98088087	1.25349
160.0830898	-0.99662595	1.26012
160.1865028	-1.01116345	1.26865
160.2900495	-1.02417051	1.27861
160.3937301	-1.0354597	1.28949
160.497545	-1.04496421	1.30079
160.6014943	-1.05273388	1.31201
160.7055784	-1.05892433	1.32272
160.8097974	-1.06377656	1.33255
160.9141517	-1.06759336	1.34124
161.0186416	-1.07071056	1.34862
161.1232672	-1.07347258	1.35463
161.2280289	-1.07621189	1.35929
161.3329269	-1.07922686	1.36272
161.4379615	-1.08276408	1.36509
161.543133	-1.08701385	1.36662
161.6484415	-1.09209793	1.36756
161.7538875	-1.09808065	1.36814
161.8594711	-1.10496886	1.36861
161.9651926	-1.11271323	1.36917
162.0710524	-1.12123867	1.36997
162.1770506	-1.1304503	1.37114
162.2831875	-1.14024517	1.37275
162.3894635	-1.15052568	1.37485
162.4958788	-1.16120618	1.37745
162.6024336	-1.17222317	1.38055
162.7091282	-1.18352465	1.38416
162.815963	-1.19507353	1.38827
162.9229381	-1.20684657	1.3929
163.030054	-1.21881512	1.39809
163.1373107	-1.2309383	1.40389
163.2447087	-1.24315735	1.41036
163.3522482	-1.2553888	1.41756
163.4599294	-1.26752727	1.42553
163.5677527	-1.27944553	1.4343
163.6757184	-1.29098898	1.44387
163.7838267	-1.30200166	1.45416
163.8920778	-1.31233297	1.46508
164.0004722	-1.3218557	1.47644
164.1090101	-1.33048869	1.48804
164.2176917	-1.33819945	1.49963
164.3265173	-1.34502159	1.51095
164.4354873	-1.35106028	1.52174
164.5446019	-1.35649146	1.53178
164.6538614	-1.3615488	1.54091
164.7632661	-1.36649993	1.54906
164.8728163	-1.37163	1.55623
164.9825123	-1.37721454	1.56254
165.0923543	-1.38348486	1.56819
165.2023427	-1.39061328	1.57345
165.3124777	-1.39868561	1.57866
165.4227597	-1.40769061	1.58416
165.533189	-1.41752246	1.59029
165.6437657	-1.42797713	1.59735
165.7544903	-1.43876533	1.60556
165.865363	-1.44954562	1.61502
165.9763842	-1.45995065	1.62573
166.087554	-1.46961412	1.63755
166.1988729	-1.47822123	1.6502
166.3103411	-1.48552694	1.66333
166.421959	-1.49138758	1.67646
166.5337267	-1.4957896	1.68909
166.6456447	-1.49885361	1.70069
166.7577132	-1.5008432	1.71077
166.8699325	-1.50214754	1.71892
166.982303	-1.50326697	1.72483
167.0948249	-1.50478481	1.72835
167.2074986	-1.50732572	1.7295
167.3203243	-1.51150586	1.7285
167.4333024	-1.51789161	1.72573
167.5464332	-1.526955	1.72176
167.6597169	-1.53902454	1.71729
167.773154	-1.55425257	1.71312
167.8867446	-1.5726004	1.71007
168.0004892	-1.59383	1.70896
168.114388	-1.61751065	1.71051
168.2284413	-1.6430555	1.7153
168.3426495	-1.66975369	1.72374
168.4570128	-1.69682101	1.73601
168.5715317	-1.72346644	1.75206
168.6862064	-1.74893692	1.77164
168.8010372	-1.77258277	1.79426
168.9160244	-1.79389964	1.81932
169.0311684	-1.81254715	1.84609
169.1464695	-1.82837414	1.8738
169.261928	-1.84141737	1.90168
169.3775442	-1.851895	1.92902
169.4933185	-1.86017082	1.95524
169.6092512	-1.86671309	1.97989
169.7253425	-1.87207282	2.00266
169.8415929	-1.87683796	2.02344
169.9580027	-1.88158222	2.04228
170.0745721	-1.88683752	2.05938
170.1913016	-1.89305678	2.07509
170.3081914	-1.90058386	2.08986
170.4252418	-1.90963378	2.10422
170.5424533	-1.92028425	2.11872
170.6598261	-1.93247914	2.13391
170.7773606	-1.9460162	2.15032
170.8950571	-1.96058007	2.16834
171.0129159	-1.97576378	2.1883
171.1309374	-1.99109866	2.21033
171.2491219	-2.00611666	2.23442
171.3674698	-2.02037331	2.26042
171.4859813	-2.03349935	2.28801
171.6046569	-2.04523717	2.31679
171.7234968	-2.05547222	2.34626
171.8425015	-2.06424671	2.37595
171.9616712	-2.0717404	2.40543
172.0810064	-2.07825765	2.43437
172.2005072	-2.08418935	2.46259
172.3201742	-2.08996399	2.49008
172.4400076	-2.0959961	2.51701
172.5600077	-2.10263321	2.54372
172.680175	-2.11010054	2.5707
172.8005098	-2.11847639	2.5985
172.9210124	-2.12766274	2.62775
173.0416832	-2.13738094	2.65901
173.1625226	-2.14718282	2.6928
173.2835308	-2.15647393	2.72946
173.4047083	-2.16455624	2.76918
173.5260553	-2.17067711	2.8119
173.6475723	-2.17408847	2.85736
173.7692597	-2.17409211	2.90506
173.8911177	-2.17011969	2.95426
174.0131467	-2.16177521	3.00409
174.1353471	-2.14887466	3.05352
174.2577193	-2.13148994	3.10148
174.3802635	-2.10994931	3.14693
174.5029803	-2.08482244	3.18894
174.6258699	-2.05690016	3.22674
174.7489327	-2.02713294	3.25985
174.8721691	-1.99654672	3.28807
174.9955794	-1.9661712	3.31151
175.119164	-1.93695666	3.33058
175.2429233	-1.90968209	3.34597
175.3668577	-1.88490509	3.35851
175.4909674	-1.86292798	3.36916
175.615253	-1.84378977	3.37884
175.7397147	-1.82728791	3.38841
175.864353	-1.81302462	3.39852
175.9891682	-1.80048509	3.40961
176.1141607	-1.78910594	3.42187
176.2393308	-1.7783544	3.43525
176.364679	-1.7678016	3.44949
176.4902057	-1.75717341	3.4642
176.6159111	-1.74636868	3.47893
176.7417958	-1.73547677	3.49321
176.86786	-1.72476026	3.50668
176.9941042	-1.71460767	3.51911
177.1205287	-1.70549626	3.53044
177.247134	-1.69793976	3.54082
177.3739204	-1.69240954	3.55064
177.5008883	-1.68927756	3.56045
177.6280381	-1.68878309	3.57096
177.7553703	-1.69096623	3.58303
177.8828851	-1.69565048	3.59751
178.0105829	-1.70244087	3.61527
178.1384643	-1.71071081	3.63708
178.2665295	-1.71963547	3.66354
178.394779	-1.72824046	3.69502
178.5232131	-1.73545687	3.73163
178.6518324	-1.74018472	3.77318
178.780637	-1.74137718	3.81916
178.9096276	-1.73811433	3.86879
179.0388044	-1.72967169	3.92103
179.1681679	-1.71557991	3.97467
179.2977184	-1.69566458	4.02839
179.4274565	-1.6700536	4.08089
179.5573824	-1.63916668	4.13093
179.6874966	-1.60369036	4.17745
179.8177996	-1.56451839	4.21963
179.9482917	-1.52267528	4.25695
180.0789732	-1.47924856	4.28917
180.2098448	-1.43530746	4.31639
180.3409067	-1.39182707	4.33896
180.4721593	-1.3496399	4.35747
180.6036032	-1.30938774	4.37268
180.7352387	-1.27150315	4.38545
180.8670662	-1.23618945	4.39671
180.9990861	-1.20342741	4.40734
181.131299	-1.17300646	4.41815
181.2637051	-1.14455675	4.42982
181.3963049	-1.11757402	4.44291
181.5290989	-1.09146103	4.45777
181.6620874	-1.06558473	4.47457
181.795271	-1.03932383	4.49328
181.9286499	-1.01210211	4.51373
182.0622248	-0.98342781	4.53557
182.1959959	-0.95293262	4.55836
182.3299637	-0.92037725	4.5816
182.4641287	-0.88565685	4.60477
182.5984913	-0.84879964	4.62737
182.7330519	-0.80993869	4.64899
182.867811	-0.76927661	4.6693
183.002769	-0.72706075	4.68807
183.1379263	-0.68354602	4.70518
183.2732835	-0.63896408	4.72059
183.4088408	-0.59350542	4.73432
183.5445989	-0.54731596	4.74641
183.680558	-0.50049536	4.75692
183.8167188	-0.45311361	4.76587
183.9530815	-0.40522167	4.77329
184.0896468	-0.35686317	4.77916
184.2264149	-0.30809491	4.78346
184.3633864	-0.25897897	4.78618
184.5005618	-0.20958426	4.78731
184.6379414	-0.15997628	4.78688
184.7755257	-0.11020425	4.78493
184.9133153	-0.06028473	4.78154
185.0513105	-0.01019271	4.77677
185.1895119	0.04014619	4.77069
185.3279198	0.09085667	4.7633
185.4665347	0.14208262	4.75452
185.6053572	0.19397261	4.7442
185.7443876	0.24665038	4.73207
185.8836265	0.30017359	4.71777
186.0230743	0.35450272	4.70086
186.1627315	0.40947997	4.68087
186.3025985	0.4648088	4.65731
186.4426759	0.52005766	4.62977
186.582964	0.57467462	4.59791
186.7234634	0.62800994	4.56155
186.8641746	0.67935977	4.52067
187.005098	0.72802197	4.47546
187.1462342	0.7733323	4.42624
187.2875835	0.81470587	4.37353
187.4291465	0.85168678	4.31795
187.5709237	0.8839433	4.26017
187.7129155	0.91128364	4.20093
187.8551225	0.93365546	4.14093
187.9975451	0.95111372	4.08083
188.1401838	0.96380769	4.02124
188.2830392	0.97196012	3.96269
188.4261116	0.97583771	3.90563
188.5694016	0.97573327	3.85045
188.7129098	0.97195961	3.79749
188.8566365	0.96484251	3.74704
189.0005823	0.95471984	3.69936
189.1447477	0.94194215	3.65467
189.2891333	0.9268699	3.61316
189.4337394	0.90988158	3.575
189.5785666	0.89137034	3.54031
189.7236155	0.87174998	3.5092
189.8688865	0.85145405	3.48171
190.0143801	0.83092866	3.45785
190.1600969	0.81063751	3.43757
190.3060373	0.79105769	3.42076
190.4522019	0.77266826	3.40722
190.5985912	0.75593591	3.39667
190.7452058	0.74130182	3.38873
190.892046	0.72915359	3.38291
191.0391125	0.71980862	3.37864
191.1864058	0.71347655	3.37522
191.3339264	0.71023268	3.37192
191.4816749	0.71000516	3.36795
191.6296517	0.71254875	3.36253
191.7778574	0.71745306	3.35495
191.9262925	0.72415917	3.3446
192.0749575	0.73197577	3.33101
192.2238531	0.74012362	3.31392
192.3729796	0.74779091	3.29327
192.5223378	0.75416388	3.26919
192.671928	0.75849443	3.24207
192.8217509	0.76014849	3.21243
192.971807	0.75863373	3.18096
193.1220968	0.75362649	3.14841
193.2726208	0.74497752	3.11559
193.4233798	0.73271804	3.08329
193.574374	0.71704106	3.05224
193.7256043	0.69826995	3.02306
193.877071	0.67682587	2.99626
194.0287747	0.65320309	2.97222
194.180716	0.62792363	2.95116
194.3328955	0.60151674	2.93321
194.4853137	0.57449046	2.91834
194.6379712	0.54730741	2.90646
194.7908685	0.520386	2.89739
194.9440062	0.49408468	2.89089
195.0973849	0.46870087	2.88668
195.2510051	0.4444719	2.88445
195.4048675	0.42158381	2.88388
195.5589725	0.40015997	2.8846
195.7133208	0.3802585	2.88626
195.8679129	0.36187662	2.88849
196.0227494	0.34494403	2.89094
196.177831	0.32932161	2.89327
196.3331581	0.31480115	2.89519
196.4887314	0.30111692	2.89647
196.6445514	0.28795736	2.89696
196.8006187	0.27498517	2.89661
196.956934	0.26187239	2.89549
197.1134978	0.24832378	2.89375
197.2703107	0.23409477	2.89164
197.4273733	0.21903752	2.88951
197.5846862	0.2031083	2.8877
197.74225	0.18636595	2.88658
197.9000653	0.16898792	2.88648
198.0581327	0.15123913	2.88762
198.2164528	0.13344293	2.89013
198.3750262	0.11594818	2.89399
198.5338535	0.09908712	2.89906
198.6929354	0.08314398	2.90507
198.8522724	0.06830853	2.91163
199.0118652	0.05464867	2.9183
199.1717143	0.04211247	2.92463
199.3318205	0.03051635	2.93016
199.4921842	0.01954749	2.93451
199.6528062	0.00879975	2.93741
199.813687	-0.00220157	2.9387
199.9748274	-0.01397023	2.93837
200.1362278	-0.02701532	2.93656
200.297889	-0.04181499	2.93353
200.4598116	-0.05878659	2.92968
200.6219962	-0.07825777	2.9255
200.7844434	-0.10045598	2.92155
200.9471539	-0.12550208	2.91843
201.1101283	-0.15340985	2.91676
201.2733673	-0.1840868	2.91716
201.4368715	-0.21734582	2.92022
201.6006416	-0.2529067	2.92652
201.7646782	-0.29040962	2.93657
201.928982	-0.3294197	2.95087
202.0935535	-0.36943312	2.96984
202.2583936	-0.40986564	2.99391
202.4235027	-0.45004155	3.02341
202.5888817	-0.4892021	3.05862
202.7545311	-0.52648507	3.09973
202.9204516	-0.56093502	3.14678
203.0866439	-0.59151196	3.19966
203.2531086	-0.61711182	3.25802
203.4198465	-0.63663187	3.32122
203.5868581	-0.64902648	3.38835
203.7541442	-0.65337315	3.45817
203.9217055	-0.64898111	3.52911
204.0895425	-0.63547808	3.59937
204.2576561	-0.61287656	3.66697
204.4260469	-0.58164045	3.72986
204.5947155	-0.54270217	3.78609
204.7636627	-0.49745303	3.83391
204.9328891	-0.44767721	3.87199
205.1023955	-0.3954439	3.89947
205.2721826	-0.34298319	3.91609
205.4422509	-0.29252415	3.92221
205.6126013	-0.24614013	3.91879
205.7832345	-0.20559977	3.90733
205.9541511	-0.17223651	3.88975
206.1253518	-0.14687574	3.8682
206.2968374	-0.12981052	3.84492
206.4686086	-0.12080921	3.82207
206.6406661	-0.11917365	3.80157
206.8130105	-0.12383793	3.78498
206.9856427	-0.1334972	3.77342
207.1585633	-0.14671652	3.7676
207.3317731	-0.16205131	3.76775
207.5052728	-0.17816211	3.77374
207.6790631	-0.19386857	3.78515
207.8531448	-0.20820026	3.80132
208.0275185	-0.22042734	3.82146
208.2021851	-0.23004186	3.84475
208.3771452	-0.23673998	3.87035
208.5523996	-0.24038966	3.8975
208.727949	-0.24098451	3.9255
208.9037943	-0.23863003	3.95371
209.0799361	-0.23351025	3.9816
209.2563751	-0.22586233	4.00869
209.4331122	-0.21598525	4.03455
209.6101481	-0.20422392	4.05884
209.7874836	-0.19096817	4.08125
209.9651193	-0.1766559	4.10156
210.1430562	-0.16176811	4.11961
210.3212949	-0.14681908	4.13536
210.4998362	-0.13234242	4.14886
210.6786808	-0.11886464	4.16032
210.8578297	-0.10687871	4.17005
211.0372835	-0.09681734	4.17852
211.217043	-0.08901828	4.1863
211.3971089	-0.08369763	4.19408
211.5774822	-0.08092145	4.20261
211.7581635	-0.08058541	4.21269
211.9391537	-0.08240662	4.22509
212.1204536	-0.08593256	4.24053
212.3020639	-0.09053375	4.25965
212.4839854	-0.09544086	4.28289
212.666219	-0.09977641	4.31055
212.8487654	-0.10258862	4.34267
213.0316255	-0.10292353	4.37905
213.2148	-0.0998652	4.41927
213.3982898	-0.09258821	4.46266
213.5820957	-0.0804151	4.50835
213.7662186	-0.06286505	4.55529
213.9506591	-0.03969267	4.60233
214.1354182	-0.01089522	4.64829
214.3204967	0.02327798	4.69199
214.5058953	0.06233085	4.73235
214.6916151	0.10554428	4.76843
214.8776566	0.15202432	4.79953
215.0640209	0.20075732	4.82518
215.2507088	0.25066807	4.84521
215.437721	0.30069863	4.85974
215.6250585	0.34987298	4.86916
215.812722	0.39736127	4.87411
216.0007125	0.44254536	4.87543
216.1890308	0.48504956	4.87405
216.3776778	0.52476084	4.87096
216.5666543	0.56182571	4.86707
216.7559611	0.59661692	4.86317
216.9455992	0.62968445	4.85983
217.1355694	0.66169422	4.85739
217.3258726	0.69334717	4.85588
217.5165097	0.72529638	4.85508
217.7074815	0.75807105	4.8545
217.8987889	0.79201281	4.85349
218.0904329	0.82723471	4.85127
218.2824142	0.86360165	4.84706
218.4747339	0.90073956	4.84013
218.6673927	0.93806503	4.82991
218.8603916	0.97482465	4.81601
219.0537315	1.01017043	4.79835
219.2474133	1.04324016	4.77709
219.4414379	1.07322687	4.75269
219.6358063	1.09944786	4.72582
219.8305192	1.12139366	4.69736
220.0255777	1.13878874	4.66833
220.2209826	1.1515993	4.63976
220.416735	1.16002094	4.61267
220.6128356	1.16447844	4.588
220.8092855	1.16557745	4.5665
221.0060856	1.1640578	4.54876
221.2032368	1.16073564	4.53511
221.40074	1.15644676	4.5257
221.5985962	1.1519989	4.52044
221.7968064	1.14812421	4.51909
221.9953715	1.14545102	4.52125
222.1942925	1.14447908	4.52644
222.3935702	1.14558768	4.53414
222.5932057	1.14903789	4.5438
222.7932	1.15498013	4.55489
222.9935539	1.16347744	4.56692
223.1942686	1.1745376	4.57946
223.3953449	1.18812353	4.59209
223.5967838	1.20416758	4.60445
223.7985863	1.22257457	4.61616
224.0007534	1.24321285	4.62687
224.2032861	1.26591618	4.63622
224.4061854	1.29046082	4.64384
224.6094522	1.31655293	4.64938
224.8130876	1.34382319	4.65252
225.0170926	1.37181554	4.65299
225.2214682	1.40000072	4.65064
225.4262153	1.42780254	4.64544
225.6313351	1.45462499	4.63752
225.8368285	1.47989259	4.62718
226.0426965	1.50311226	4.61492
226.2489402	1.52391525	4.60135
226.4555606	1.54208826	4.58721
226.6625588	1.55761206	4.57329
226.8699357	1.57067204	4.56037
227.0776924	1.5816406	4.54913
227.28583	1.59105249	4.54013
227.4943495	1.59954994	4.5337
227.703252	1.6078234	4.52999
227.9125384	1.61655918	4.52891
228.12221	1.6263678	4.53017
228.3322676	1.63773811	4.53333
228.5427125	1.6510128	4.53786
228.7535457	1.66637096	4.54318
228.9647682	1.68384698	4.54877
229.1763811	1.70335634	4.55415
229.3883855	1.72472754	4.55897
229.6007826	1.74775478	4.56299
229.8135733	1.77224243	4.56609
230.0267589	1.79803599	4.56821
230.2403403	1.825031	4.56933
230.4543187	1.85318163	4.56944
230.6686952	1.88249119	4.56849
230.8834709	1.91298642	4.56637
231.098647	1.94468888	4.5629
231.3142245	1.97759049	4.55784
231.5302045	2.01162164	4.55088
231.7465883	2.04663053	4.5417
231.9633769	2.08238454	4.52999
232.1805715	2.11856804	4.51547
232.3981732	2.15479669	4.49794
232.6161831	2.19064145	4.47728
232.8346025	2.22563741	4.45345
233.0534324	2.25932146	4.42655
233.2726741	2.2912456	4.39672
233.4923286	2.3209906	4.36423
233.7123972	2.34818106	4.32938
233.932881	2.37249101	4.29257
234.1537812	2.39366131	4.25423
234.375099	2.41149203	4.21483
234.5968356	2.42585103	4.17488
234.8189921	2.43667778	4.13491
235.0415697	2.44399862	4.09549
235.2645698	2.44792664	4.05716
235.4879933	2.44865968	4.02047
235.7118417	2.44648008	3.98592
235.936116	2.44176553	3.95401
236.1608174	2.43497986	3.92512
236.3859474	2.4266477	3.89957
236.6115069	2.41735023	3.87757
236.8374973	2.40771053	3.85923
237.0639198	2.3983693	3.84451
237.2907757	2.38994939	3.83324
237.5180661	2.38303755	3.82513
237.7457924	2.37815992	3.81976
237.9739558	2.37575373	3.8166
238.2025575	2.37613829	3.81502
238.4315989	2.37949279	3.81434
238.6610812	2.38585991	3.81388
238.8910056	2.39513809	3.81295
239.1213734	2.40708412	3.81094
239.352186	2.42134471	3.80734
239.5834446	2.43748205	3.80176
239.8151505	2.4549999	3.79395
240.047305	2.47340572	3.78386
240.2799095	2.4922475	3.77153
240.5129651	2.51113161	3.75714
240.7464733	2.52976624	3.74096
240.9804353	2.54796615	3.72328
241.2148526	2.56565588	3.70441
241.4497263	2.58284953	3.68458
241.6850579	2.59962352	3.66398
241.9208486	2.61609772	3.6427
242.1570999	2.63238953	3.62073
242.3938131	2.64858801	3.598
242.6309895	2.66473533	3.57438
242.8686305	2.6808248	3.54974
243.1067375	2.69678866	3.52391
243.3453118	2.71251196	3.4968
243.5843548	2.7278528	3.46832
243.8238679	2.74265319	3.43846
244.0638525	2.75675964	3.40723
244.30431	2.77003464	3.3747
244.5452417	2.78237312	3.34095
244.7866491	2.79368827	3.30605
245.0285337	2.80392165	3.2701
245.2708967	2.81302509	3.23313
245.5137396	2.82095357	3.19521
245.7570639	2.82766591	3.15635
246.000871	2.83309791	3.11656
246.2451624	2.8371781	3.07587
246.4899393	2.83981718	3.03428
246.7352035	2.84091687	2.99185
246.9809561	2.84037521	2.94861
247.2271989	2.83807649	2.90463
247.4739331	2.83390844	2.86
247.7211603	2.82775935	2.81482
247.9688819	2.81952149	2.76922
248.2170995	2.80909376	2.72334
248.4658146	2.7963835	2.67735
248.7150285	2.78130589	2.63143
248.9647429	2.76379995	2.58582
249.2149592	2.74383464	2.54075
249.465679	2.72140653	2.49649
249.7169038	2.69656112	2.45333
249.968635	2.66939356	2.41155
250.2208743	2.64005262	2.37143
250.4736232	2.60872725	2.33319
250.7268832	2.57564355	2.29705
250.9806558	2.54106595	2.26316
251.2349427	2.50527186	2.23161
251.4897454	2.46853508	2.20243
251.7450655	2.43112415	2.17562
252.0009045	2.39329142	2.15111
252.257264	2.35525622	2.1288
252.5141456	2.3172001	2.10856
252.771551	2.27928081	2.09028
253.0294817	2.24162597	2.0738
253.2879393	2.20433923	2.05901
253.5469255	2.16750695	2.04576
253.8064418	2.13120308	2.03395
254.0664899	2.09549524	2.02344
254.3270714	2.06044118	2.01412
254.5881881	2.02609553	2.00585
254.8498414	1.99249546	1.99848
255.1120332	1.95965117	1.99184
255.3747649	1.92755697	1.98579
255.6380384	1.89617505	1.98013
255.9018553	1.86542237	1.97471
256.1662173	1.83519387	1.9694
256.431126	1.80535781	1.96409
256.6965832	1.77576155	1.95872
256.9625906	1.74625417	1.95329
257.2291499	1.71670401	1.94784
257.4962627	1.68699866	1.94243
257.7639309	1.65705931	1.93717
258.0321562	1.62684895	1.93216
258.3009402	1.59636527	1.9275
258.5702848	1.56563554	1.92326
258.8401917	1.53470288	1.91948
259.1106627	1.50361967	1.91617
259.3816995	1.47242436	1.91328
259.653304	1.44113156	1.91076
259.9254778	1.40973119	1.90853
260.1982229	1.37817744	1.90651
260.4715409	1.34638922	1.90463
260.7454337	1.31426231	1.90286
261.0199032	1.28167248	1.90118
261.2949511	1.24848384	1.89963
261.5705793	1.21456608	1.89828
261.8467895	1.17979251	1.89723
262.1235838	1.14405776	1.89664
262.4009638	1.10728903	1.89668
262.6789315	1.06943371	1.89753
262.9574888	1.03047651	1.89942
263.2366374	0.99044706	1.90256
263.5163794	0.94940138	1.90715
263.7967166	0.90742801	1.9134
264.0776509	0.86463908	1.92148
264.3591841	0.82115353	1.93156
264.6413183	0.77702462	1.94375
264.9240554	0.7316591	1.95817
265.2068299	0.69167716	1.97489
265.4907773	0.64633275	1.99395
265.7753333	0.60219632	2.01539
266.0605	0.5586903	2.03924
266.3462793	0.51589112	2.06552
266.6326731	0.47395598	2.09424
266.9196835	0.43308292	2.12544
267.2073125	0.39350504	2.15912
267.495562	0.35548687	2.19528
267.7844341	0.31932354	2.23386
268.0739308	0.28533583	2.27477
268.3640541	0.25387047	2.31784
268.6548061	0.2252683	2.36279
268.9461887	0.19984297	2.40926
269.2382041	0.17785649	2.45677
269.5308543	0.15947639	2.50474
269.8241415	0.14475002	2.55253
270.1180675	0.13359305	2.59947
270.4126347	0.12576061	2.64486
270.707845	0.12084566	2.68809
271.0037005	0.11830859	2.72865
271.3002035	0.11748733	2.76616
271.597356	0.11764142	2.80046
271.8951601	0.11801774	2.8316
272.193618	0.11788904	2.85982
272.4927319	0.11660958	2.88559
272.7925039	0.11368065	2.90955
273.0929361	0.10877091	2.93243
273.3940309	0.10174298	2.95506
273.6957903	0.09267581	2.97826
273.9982166	0.0818378	3.00277
274.3013119	0.06967426	3.02925
274.6050786	0.0567714	3.05816
274.9095188	0.04379897	3.08978
275.2146349	0.0314647	3.12417
275.5204289	0.02045046	3.16117
275.8269032	0.01137012	3.20045
276.1340601	0.00472247	3.24149
276.4419019	0.0008506	3.28367
276.7504308	-0.00007471	3.3263
277.0596492	0.00194932	3.36871
277.3695593	0.00676056	3.41024
277.6801635	0.01404607	3.45035
277.9914641	0.02339967	3.48865
278.3034635	0.03436184	3.52488
278.616164	0.04644308	3.55892
278.9295681	0.05918303	3.59084
279.2436779	0.07218965	3.62079
279.5584961	0.08513983	3.649
279.8740248	0.09779699	3.67576
280.1902667	0.11001616	3.70137
280.507224	0.12171632	3.72609
280.8248992	0.13287115	3.75019
281.1432948	0.14349814	3.77388
281.4624132	0.153634	3.79735
281.7822568	0.16333175	3.82077
282.1028282	0.17265657	3.8443
282.4241298	0.18169435	3.86811
282.7461642	0.19056633	3.89237
283.0689338	0.19942498	3.91722
283.3924411	0.2084646	3.94281
283.7166888	0.21792754	3.96923
284.0416793	0.22808438	3.99651
284.3674151	0.23922922	4.02462
284.693899	0.25165526	4.05342
285.0211333	0.26562974	4.0827
285.3491208	0.28137117	4.11215
285.6778641	0.29902664	4.14141
286.0073656	0.31866156	4.17007
286.3376282	0.34024413	4.1977
286.6686543	0.3636531	4.2239
287.0004468	0.38867863	4.24828
287.3330081	0.4150288	4.27053
287.6663411	0.44236503	4.29043
288.0004483	0.47030687	4.30781
288.3353326	0.49845371	4.32263
288.6709965	0.52640876	4.33491
289.0074429	0.55378513	4.34477
289.3446744	0.580234	4.35242
289.6826939	0.60545658	4.35813
290.0215041	0.62920782	4.36223
290.3611077	0.65132386	4.36513
290.7015076	0.6717298	4.36724
291.0427066	0.69044469	4.36901
291.3847074	0.70759103	4.37086
291.7275129	0.7234032	4.3732
292.071126	0.7382089	4.37631
292.4155495	0.75240488	4.3804
292.7607863	0.76644205	4.38552
293.1068392	0.78076307	4.39154
293.4537112	0.7957631	4.3982
293.8014052	0.81175191	4.40508
294.1499241	0.82889693	4.41164
294.4992708	0.84720353	4.41731
294.8494483	0.86650255	4.4215
295.2004595	0.88645308	4.42371
295.5523075	0.90657227	4.42356
295.9049952	0.9262819	4.42087
296.2585257	0.94497089	4.41566
296.6129019	0.96204921	4.40816
296.9681269	0.97702104	4.39882
297.3242038	0.9895395	4.38822
297.6811357	0.99943116	4.37703
298.0389255	1.00672567	4.36596
298.3975764	1.01165043	4.35564
298.7570916	1.01458824	4.34657
299.1174741	1.01604047	4.33909
299.4787271	1.0165687	4.33331
299.8408537	1.01672086	4.32912
300.2038571	1.0169657	4.3262
300.5677406	1.01763634	4.32407
300.9325073	1.01888863	4.32214
301.2981604	1.02067811	4.31979
301.6647032	1.0227687	4.31645
302.0321389	1.02474254	4.31163
302.4004707	1.02604891	4.30505
302.7697021	1.02605726	4.29659
303.1398362	1.02411634	4.28639
303.5108764	1.01961475	4.27476
303.882826	1.01202282	4.26222
304.2556883	1.00095087	4.24944
304.6294668	0.98616326	4.23716
305.0041648	0.96759064	4.22619
305.3797857	0.94533376	4.21732
305.7563329	0.91964486	4.2113
306.1338099	0.89090246	4.20879
306.51222	0.8595941	4.21038
306.8915668	0.82629554	4.21653
307.2718538	0.79163158	4.22758
307.6530844	0.7562729	4.24379
308.0352621	0.72091041	4.26526
308.4183905	0.68623489	4.29202
308.8024732	0.65293793	4.32398
309.1875137	0.62169366	4.36095
309.5735156	0.59313947	4.40262
309.9604825	0.5678624	4.4486
310.348418	0.54639057	4.4984
310.7373258	0.52916978	4.55144
311.1272095	0.51654289	4.60707
311.5180729	0.50874289	4.66461
311.9099195	0.50589058	4.72336
312.3027531	0.50799735	4.78264
312.6965776	0.51497422	4.8418
313.0913965	0.52664217	4.90025
313.4872137	0.54276097	4.95749
313.8840329	0.56305656	5.01309
314.281858	0.58723237	5.06668
314.6806929	0.61498092	5.11795
315.0805413	0.64599915	5.16664
315.4814071	0.67997941	5.21249
315.8832943	0.71660374	5.25528
316.2862066	0.75553556	5.29478
316.6901481	0.79640044	5.33079
317.0951228	0.83880029	5.36317
317.5011344	0.8823033	5.39179
317.9081872	0.92644987	5.41663
318.316285	0.97078855	5.43775
318.7254319	1.01488306	5.45528
319.1356319	1.05834126	5.46946
319.5468892	1.10083644	5.48057
319.9592077	1.14211881	5.48895
320.3725917	1.1820147	5.49492
320.7870453	1.22041834	5.49881
321.2025725	1.25728609	5.5009
321.6191777	1.29261067	5.50142
322.0368649	1.32639679	5.50054
322.4556385	1.35864617	5.4984
322.8755026	1.38934689	5.4951
323.2964615	1.41845535	5.49072
323.7185196	1.4459034	5.48537
324.141681	1.47160695	5.47917
324.5659503	1.4954746	5.47229
324.9913316	1.51742649	5.46494
325.4178294	1.53741134	5.45738
325.8454481	1.5554232	5.4499
326.2741921	1.57151196	5.44281
326.7040659	1.58578459	5.43641
327.1350739	1.59841049	5.431
327.5672206	1.60962213	5.42683
328.0005106	1.61969179	5.42408
328.4349483	1.62891373	5.42287
328.8705385	1.63759753	5.42326
329.3072855	1.64604543	5.42522
329.7451941	1.65454011	5.42868
330.184269	1.66332365	5.43348
330.6245147	1.67259291	5.43947
331.0659359	1.68250452	5.44645
331.5085374	1.69316574	5.45423
331.952324	1.70464925	5.46263
332.3973003	1.71699646	5.47148
332.8434711	1.73023245	5.48065
333.2908414	1.744378	5.49002
333.7394159	1.75946543	5.49951
334.1891995	1.77554645	5.50902
334.640197	1.79268938	5.51845
335.0924135	1.81097868	5.52766
335.5458539	1.83050496	5.53647
336.000523	1.85134282	5.54462
336.4564261	1.87352774	5.5518
336.9135679	1.89703685	5.55763
337.3719537	1.92175149	5.56167
337.8315886	1.94744466	5.56349
338.2924775	1.97377311	5.56266
338.7546257	2.00026862	5.55882
339.2180383	2.02636175	5.55173
339.6827205	2.05141203	5.54129
340.1486776	2.07474249	5.52757
340.6159148	2.09568244	5.51082
341.0844374	2.11361131	5.49147
341.5542507	2.1280132	5.47013
342.02536	2.13850927	5.44751
342.4977707	2.1448786	5.42442
342.9714882	2.14707907	5.4017
343.446518	2.14524918	5.38018
343.9228655	2.13969969	5.36062
344.4005361	2.13088495	5.34366
344.8795355	2.11936994	5.3298
345.3598691	2.10579562	5.31937
345.8415425	2.09083397	5.31251
346.3245615	2.07513125	5.30916
346.8089315	2.0592568	5.3091
347.2946583	2.04367928	5.312
347.7817475	2.02872922	5.31741
348.2702051	2.01459489	5.3249
348.7600366	2.00132928	5.33402
349.2512479	1.98887329	5.34444
349.7438449	1.97709191	5.35589
350.2378333	1.96581096	5.36826
350.7332192	1.95487897	5.38155
351.2300085	1.94419513	5.39584
351.7282071	1.93372991	5.41126
352.227821	1.92353121	5.42794
352.7288563	1.9137101	5.44597
353.2313191	1.90442617	5.46539
353.7352154	1.89585216	5.48613
354.2405514	1.88812622	5.50804
354.7473333	1.88132699	5.53092
355.2555673	1.8754659	5.55456
355.7652597	1.87048201	5.57875
356.2764167	1.86624125	5.60333
356.7890446	1.86258056	5.62826
357.3031499	1.8593373	5.65355
357.8187388	1.85637165	5.67932
358.3358179	1.85361339	5.70576
358.8543936	1.85106722	5.73306
359.3744725	1.84880538	5.76141
359.896061	1.84697747	5.79098
360.4191657	1.84577411	5.82182
360.9437933	1.84539609	5.85394
361.4699504	1.84602383	5.88723
361.9976438	1.84780098	5.92158
362.5268801	1.8508188	5.95679
363.0576662	1.85510733	5.99271
363.5900088	1.8606574	6.02919
364.1239148	1.86742998	6.06614
364.6593912	1.87538794	6.10352
365.1964448	1.8845104	6.14132
365.7350826	1.89481192	6.17957
366.2753117	1.90635763	6.21829
366.8171391	1.91924133	6.25744
367.3605719	1.9335695	6.29695
367.9056172	1.94944997	6.33668
368.4522823	1.96696166	6.37642
369.0005744	1.98612666	6.4159
369.5505007	2.00688132	6.45481
370.1020687	2.02908018	6.49288
370.6552855	2.05249312	6.52984
371.2101587	2.07682142	6.56554
371.7666957	2.10173358	6.5999
372.3249039	2.12687389	6.63294
372.884791	2.1519064	6.66482
373.4463645	2.17655186	6.69578
374.009632	2.20060202	6.72613
374.5746012	2.223929	6.75621
375.1412799	2.24648275	6.78637
375.7096758	2.26828712	6.81695
376.2797967	2.2894324	6.84826
376.8516505	2.31004598	6.88054
377.4252451	2.33027961	6.91402
378.0005884	2.35030769	6.94888
378.5776885	2.37030113	6.98526
379.1565535	2.39044745	7.02334
379.7371914	2.41095234	7.06324
380.3196104	2.43204713	7.10513
380.9038187	2.45400808	7.14913
381.4898246	2.47714992	7.19535
382.0776364	2.50184451	7.24386
382.6672623	2.52849304	7.29461
383.258711	2.55751097	7.3475
383.8519907	2.58930726	7.40228
384.4471101	2.62423757	7.4586
385.0440776	2.66257955	7.51601
385.642902	2.70449779	7.57398
386.2435919	2.75003155	7.63197
386.846156	2.79908508	7.68943
387.4506031	2.85143467	7.7459
388.0569421	2.90676008	7.80102
388.6651818	2.9646785	7.85458
389.2753312	3.02479455	7.90653
389.8873994	3.08674434	7.95697
390.5013953	3.15024423	8.00615
391.1173281	3.21512921	8.05441
391.735207	3.28137651	8.10215
392.3550411	3.34911653	8.14976
392.9768399	3.41863018	8.19758
393.6006127	3.49031954	8.24581
394.2263688	3.56466762	8.29451
394.8541178	3.64219258	8.34354
395.4838692	3.72338692	8.39257
396.1156326	3.8086587	8.44108
396.7494176	3.89828573	8.48842
397.385234	3.99236363	8.53381
398.0230915	4.09079176	8.5765
398.663	4.19328442	8.61576
399.3049694	4.29938371	8.651
399.9490097	4.40851795	8.68182
400.5951309	4.52006724	8.70804
401.243343	4.63343741	8.72971
401.8936564	4.74813256	8.74708
402.5460812	4.86381706	8.76055
403.2006276	4.9803466	8.77057
403.8573062	5.09778248	8.77759
404.5161272	5.21636978	8.78192
405.1771013	5.33647728	8.78369
405.840239	5.45853354	8.7828
406.5055508	5.58294538	8.7789
407.1730476	5.71001988	8.77142
407.8427401	5.83989785	8.75961
408.5146392	5.97250517	8.74262
409.1887558	6.1075272	8.71958
409.8651008	6.24442946	8.68973
410.5436854	6.38250318	8.65245
411.2245207	6.52090935	8.60732
411.9076179	6.65875246	8.55417
412.5929884	6.79516121	8.49306
413.2806433	6.92934556	8.42423
413.9705943	7.06064105	8.34806
414.6628528	7.18852371	8.26497
415.3574305	7.31259982	8.17538
416.0543389	7.43257797	8.07963
416.7535899	7.54820783	7.97794
417.4551953	7.65923083	7.87044
418.1591669	7.76531802	7.75713
418.8655169	7.86601787	7.63799
419.5742572	7.96074928	7.51303
420.2854	8.04879355	7.38234
420.9989576	8.12931915	7.2462
421.7149422	8.20144531	7.10513
422.4333663	8.26430936	6.95991
423.1542423	8.3171444	6.8116
423.8775829	8.35935549	6.6615
424.6034007	8.39058992	6.51112
425.3317084	8.41078904	6.36208
426.0625189	8.42021539	6.21604
426.7958451	8.4194525	6.07458
427.5317	8.40937612	5.93913
428.2700967	8.39111307	5.81089
429.0110484	8.36598169	5.69077
429.7545685	8.33540759	5.57933
430.5006701	8.30084453	5.47681
431.249367	8.26370052	5.38311
432.0006725	8.22526658	5.29785
432.7546003	8.18665881	5.2204
433.5111643	8.1487822	5.14998
434.2703783	8.11231365	5.0857
435.0322561	8.07770153	5.02666
435.796812	8.04519213	4.972
436.5640599	8.01486403	4.92095
437.3340141	7.98666631	4.87285
438.106689	7.96046236	4.82718
438.8820991	7.93607629	4.78355
439.6602589	7.91332713	4.74168
440.4411829	7.89204864	4.70137
441.2248861	7.8721063	4.66249
442.0113832	7.85339326	4.62492
442.8006893	7.83583445	4.58859
443.5928193	7.81936922	4.55338
444.3877885	7.80394335	4.51922
445.1856122	7.78949686	4.48598
445.9863058	7.77595297	4.45359
446.7898847	7.763231	4.42197
447.5963646	7.7512328	4.39107
448.4057613	7.73985681	4.36089
449.2180906	7.7290173	4.33148
450.0333684	7.71865111	4.30292
450.8516109	7.70873363	4.27535
451.6728342	7.69929613	4.24893
452.4970547	7.69043901	4.22385
453.3242888	7.68234154	4.20028
454.1545531	7.67525936	4.17836
454.9878642	7.66952467	4.15817
455.824239	7.66553204	4.13969
456.6636943	7.66371621	4.12278
457.5062472	7.66451724	4.10714
458.351915	7.66832799	4.0923
459.2007148	7.67545148	4.07765
460.0526642	7.68605166	4.06243
460.9077807	7.7001119	4.04581
461.7660819	7.71740919	4.02692
462.6275858	7.73750356	4.00495
463.4923103	7.7597633	3.97922
464.3602734	7.78340007	3.94923
465.2314934	7.80752666	3.91473
466.1059887	7.83122333	3.87572
466.9837778	7.85361802	3.83249
467.8648792	7.87395116	3.78553
468.7493119	7.89162888	3.73554
469.6370947	7.90626357	3.68331
470.5282467	7.91768102	3.62968
471.4227871	7.92592127	3.57546
472.3207352	7.93121939	3.52137
473.2221107	7.93395834	3.46796
474.1269331	7.9346219	3.41562
475.0352222	7.93374352	3.36452
475.9469981	7.93184877	3.31464
476.8622808	7.92939928	3.26575
477.7810906	7.92673777	3.21747
478.7034479	7.92405521	3.16931
479.6293733	7.92136201	3.12072
480.5588876	7.91847958	3.07117
481.4920117	7.91504713	3.0202
482.4287665	7.91055005	2.96751
483.3691735	7.90437145	2.913
484.3132539	7.89585824	2.85682
485.2610294	7.88439228	2.79936
486.2125216	7.86946551	2.74126
487.1677525	7.85075454	2.68335
488.1267441	7.82817079	2.62658
489.0895187	7.80190314	2.57195
490.0560988	7.77240424	2.52034
491.0265069	7.7403636	2.47251
492.0007659	7.70666004	2.42893
492.9788986	7.67225624	2.38975
493.9609283	7.63811567	2.35481
494.9468782	7.60510307	2.3236
495.936772	7.57387654	2.29534
496.9306333	7.54483412	2.2691
497.9284859	7.51807419	2.24385
498.9303541	7.49338126	2.21862
499.9362621	7.47026117	2.1926
500.9462343	7.44801813	2.16527
501.9602955	7.42585401	2.13642
502.9784706	7.40296111	2.10618
504.0007846	7.37864448	2.07504
505.0272627	7.3524237	2.04373
506.0579306	7.32409005	2.01314
507.0928139	7.29374909	1.98421
508.1319385	7.26181326	1.95777
509.1753306	7.22894362	1.93443
510.2230165	7.19596327	1.91449
511.2750227	7.16374648	1.89789
512.331376	7.13309111	1.8842
513.3921035	7.10460699	1.8727
514.4572324	7.07862454	1.86245
515.52679	7.05515098	1.85247
516.6008042	7.03387533	1.84184
517.6793027	7.01420868	1.82986
518.7623138	6.99539057	1.81617
519.8498658	6.97661396	1.80077
520.9419874	6.95715189	1.78403
522.0387074	6.93647248	1.76661
523.1400549	6.91434054	1.74939
524.2460592	6.89085158	1.73324
525.35675	6.8664141	1.71895
526.4721571	6.84169185	1.70703
527.5923106	6.81749566	1.69766
528.7172409	6.7946455	1.69059
529.8469786	6.77382717	1.68522
530.9815546	6.75548258	1.68065
532.121	6.73971076	1.6758
533.2653462	6.72623688	1.66961
534.414625	6.71443312	1.66116
535.5688683	6.70338542	1.64985
536.7281082	6.6920198	1.6355
537.8923774	6.67923815	1.61838
539.0617087	6.66407916	1.59925
540.2361351	6.64587104	1.57924
541.41569	6.62434318	1.55974
542.600407	6.59967612	1.54218
543.7903202	6.57251911	1.52793
544.9854637	6.54393365	1.518
546.1858722	6.51526269	1.51297
547.3915806	6.48798745	1.51286
548.6026239	6.4635505	1.51711
549.8190377	6.44315575	1.52457
551.0408578	6.42761638	1.53371
552.2681203	6.41724217	1.54269
553.5008616	6.41177438	1.54965
554.7391186	6.41040013	1.55287
555.9829283	6.41182892	1.55103
557.2323281	6.4144355	1.54333
558.4873559	6.41643076	1.52961
559.7480497	6.4160602	1.51037
561.014448	6.41179066	1.48672
562.2865896	6.4024907	1.4603
563.5645136	6.38755448	1.43305
564.8482597	6.36696293	1.40705
566.1378676	6.34128994	1.38427
567.4333776	6.31164036	1.36639
568.7348303	6.279544	1.35462
570.0422667	6.24679235	1.34956
571.3557281	6.21525711	1.35117
572.6752564	6.18670256	1.35875
574.0008935	6.16261011	1.37104
575.3326821	6.14403132	1.38632
576.6706651	6.13148935	1.40262
578.0148858	6.1249352	1.41788
579.3653879	6.12374988	1.43017
580.7222155	6.12681297	1.43788
582.0854131	6.13263092	1.43989
583.4550259	6.13948212	1.43562
584.8310991	6.14558541	1.42513
586.2136785	6.14927999	1.40906
587.6028104	6.14917631	1.38857
588.9985416	6.14427927	1.3652
590.400919	6.13406539	1.34072
591.8099905	6.11851181	1.31695
593.2258038	6.09807715	1.2956
594.6484077	6.07363597	1.27811
596.077851	6.0463784	1.26555
597.5141831	6.01769485	1.25855
598.9574541	5.98904996	1.25727
600.4077143	5.96186217	1.26142
601.8650146	5.93738678	1.27029
603.3294063	5.9166466	1.28289
604.8009415	5.90035878	1.29793
606.2796724	5.88889801	1.31405
607.765652	5.88229578	1.32981
609.2589337	5.88023231	1.34385
610.7595714	5.88207932	1.35497
612.2676198	5.88695619	1.36221
613.7831337	5.89378698	1.36488
615.3061687	5.90137345	1.36264
616.8367811	5.90848564	1.3555
618.3750274	5.91393769	1.34381
619.920965	5.9166708	1.32826
621.4746516	5.91583618	1.30982
623.0361457	5.91083681	1.28964
624.6055063	5.90137922	1.26905
626.1827929	5.88749821	1.24938
627.7680658	5.869542	1.23193
629.3613858	5.84817255	1.21788
630.9628142	5.8243172	1.20816
632.5724133	5.79910388	1.20343
634.1902455	5.77380822	1.20402
635.8163744	5.74975411	1.20984
637.4508638	5.72821842	1.22044
639.0937784	5.71033502	1.23496
640.7451835	5.69700281	1.25224
642.4051451	5.68879316	1.27081
644.0737299	5.68588836	1.2891
645.7510052	5.68805433	1.30547
647.4370392	5.69462676	1.31841
649.1319005	5.70456081	1.32666
650.8356588	5.71651025	1.32934
652.5483842	5.7289447	1.32604
654.2701478	5.74027776	1.31685
656.0010212	5.74901084	1.30239
657.7410769	5.75387823	1.28374
659.4903883	5.75395345	1.26233
661.2490293	5.74873561	1.23984
663.0170749	5.73818452	1.218
664.7946005	5.72272451	1.1985
666.5816828	5.70318982	1.18275
668.3783989	5.68073491	1.17186
670.184827	5.65674318	1.1665
672.0010461	5.63268782	1.16686
673.8271359	5.61000783	1.17268
675.6631771	5.59000215	1.18328
677.5092514	5.57372973	1.19762
679.3654411	5.56193078	1.2144
681.2318297	5.55498346	1.23218
683.1085014	5.55289101	1.24949
684.9955414	5.55529948	1.26495
686.893036	5.56153519	1.27735
688.8010722	5.57067022	1.28576
690.7197382	5.58159047	1.28954
692.6491229	5.59309627	1.28846
694.5893165	5.60399033	1.28259
696.5404101	5.61315457	1.27238
698.5024958	5.61963993	1.25855
700.4756667	5.62271017	1.24204
702.460017	5.62188492	1.22395
704.455642	5.61695749	1.20544
706.4626382	5.60798889	1.18767
708.4811029	5.59530704	1.17175
710.5111347	5.57946981	1.15862
712.5528333	5.5612161	1.14906
714.6062997	5.54144942	1.14366
716.6716358	5.52117432	1.14271
718.7489449	5.50144306	1.14628
720.8383314	5.48330523	1.15412
722.9399009	5.46773603	1.16572
725.0537602	5.45558622	1.1803
727.1800176	5.44749919	1.19681
729.3187824	5.44385301	1.21405
731.4701652	5.44471749	1.23069
733.6342781	5.44982167	1.24541
735.8112344	5.45856278	1.25699
738.0011488	5.47003516	1.26442
740.2041373	5.48309123	1.267
742.4203174	5.49643918	1.26443
744.6498078	5.50875929	1.25683
746.8927289	5.51881635	1.24473
749.1492024	5.52556112	1.22902
751.4193515	5.52822246	1.21089
753.7033009	5.52637044	1.1917
756.0011768	5.51993865	1.17287
758.313107	5.5092184	1.15576
760.6392209	5.49481006	1.14155
762.9796492	5.47756944	1.13121
765.3345247	5.45854203	1.1254
767.7039814	5.43887566	1.12446
770.0881553	5.41974825	1.12841
772.4871838	5.40230317	1.13696
774.9012063	5.38758599	1.14952
777.3303636	5.37647422	1.16522
779.7747987	5.36962701	1.18299
782.2346562	5.36744278	1.20158
784.7100823	5.37001413	1.21964
787.2012254	5.37709374	1.23579
789.7082357	5.38809989	1.24877
792.2312652	5.40214801	1.25749
794.7704679	5.41807966	1.26113
797.326	5.43454995	1.25928
799.8980194	5.45014674	1.25196
802.4866861	5.46350637	1.23964
805.0921623	5.47342619	1.2232
807.7146124	5.47897724	1.2039
810.3542026	5.47960758	1.18326
813.0111016	5.47518344	1.16289
815.6854803	5.46599514	1.14439
818.3775116	5.45274021	1.1292
821.0873709	5.43645773	1.11847
823.8152359	5.41843675	1.11298
826.5612867	5.40011138	1.11308
829.3257057	5.38294604	1.11867
832.1086779	5.36832655	1.12922
834.9103906	5.35746395	1.14381
837.7310338	5.35130375	1.16118
840.5708	5.35045356	1.17983
843.4298844	5.35513339	1.19811
846.3084846	5.36515359	1.21435
849.2068014	5.37991422	1.22695
852.1250378	5.39842223	1.23451
855.0634	5.41935255	1.23596
858.0220969	5.44113648	1.23064
861.0013403	5.46206226	1.21837
864.0013449	5.4804101	1.19952
867.0223287	5.49460014	1.17498
870.0645123	5.50331902	1.1461
873.1281197	5.50563413	1.11461
876.2133781	5.5010973	1.0825
879.3205177	5.48978608	1.0518
882.4497722	5.47229138	1.02445
885.6013786	5.44967967	1.00213
888.7755771	5.42339754	0.9861
891.9726115	5.39513757	0.97711
895.1927292	5.36670301	0.97537
898.4361812	5.33985803	0.98051
901.7032218	5.31617935	0.99165
904.9941095	5.29693729	1.00748
908.3091062	5.2830063	1.02639
911.6484779	5.27482002	1.04661
915.0124945	5.27234756	1.06632
918.4014296	5.27510481	1.08382
921.8155613	5.2822129	1.09765
925.2551716	5.29247301	1.10668
928.7205468	5.30445641	1.11019
932.2119774	5.31661681	1.10793
935.7297585	5.32740525	1.10012
939.2741894	5.3353984	1.08747
942.8455741	5.33940124	1.07106
946.4442214	5.33853361	1.05233
950.0704444	5.33232873	1.03296
953.7245615	5.32076676	1.01469
957.4068958	5.30428316	0.99924
961.1177752	5.2837473	0.98812
964.8575331	5.26040065	0.98254
968.6265078	5.23576506	0.98326
972.4250431	5.21151168	0.99053
976.2534882	5.18931973	1.00405
980.1121976	5.17072837	1.02299
984.0015317	5.15700476	1.04606
987.9218566	5.14903029	1.0716
991.873544	5.14720352	1.09771
995.8569719	5.15140943	1.12247
999.8725242	5.16103213	1.14405
1003.920591	5.17498793	1.16089
1008.001569	5.19183608	1.17188
1012.115861	5.20989805	1.17638
1016.263877	5.22740944	1.17437
1020.446033	5.24267787	1.16635
1024.662752	5.25421363	1.15336
1028.914465	5.26087027	1.13687
1033.201608	5.26193573	1.11864
1037.524628	5.25719347	1.10059
1041.883975	5.24693072	1.0846
1046.28011	5.23192251	1.07242
1050.7135	5.21336655	1.06544
1055.184621	5.19278102	1.06465
1059.693957	5.17188467	1.07049
1064.242	5.15245398	1.08286
1068.82925	5.13617264	1.10106
1073.456216	5.12447549	1.12388
1078.123417	5.11842009	1.14967
1082.83138	5.11857248	1.17648
1087.58064	5.12494374	1.20225
1092.371744	5.13698558	1.225
1097.205248	5.15362151	1.24299
1102.081716	5.17334095	1.25494
1107.001723	5.19433926	1.26012
1111.965857	5.2146927	1.25848
1116.974712	5.23256095	1.25063
1122.028896	5.24635864	1.23777
1127.129027	5.25491944	1.22161
1132.275735	5.25761279	1.20415
1137.469661	5.25439625	1.18751
1142.711456	5.24582204	1.17371
1148.001787	5.23297223	1.16446
1153.34133	5.21734447	1.16101
1158.730776	5.20070505	1.16403
1164.170826	5.18490853	1.17354
1169.662198	5.17172639	1.18895
1175.205621	5.16267136	1.20906
1180.801838	5.15884787	1.23224
1186.451608	5.16085698	1.25655
1192.155702	5.16872292	1.27992
1197.914908	5.18187886	1.30037
1203.730029	5.19923043	1.31623
1209.601883	5.21925249	1.32626
1215.531304	5.24013976	1.32985
1221.519143	5.25998925	1.32703
1227.566267	5.27699996	1.31855
1233.673562	5.28967949	1.30576
1239.84193	5.29699482	1.29048
1246.072291	5.29850692	1.27485
1252.365586	5.29442273	1.26102
1258.722772	5.28556686	1.25097
1265.144827	5.27329514	1.24625
1271.632749	5.25934382	1.24784
1278.187557	5.24563176	1.256
1284.81029	5.23403906	1.27028
1291.50201	5.22618778	1.28954
1298.263801	5.22326573	1.31215
1305.096768	5.2258996	1.33612
1312.002042	5.23409026	1.35939
1318.980777	5.24721856	1.38001
1326.03415	5.26412921	1.39644
1333.163366	5.283288	1.40767
1340.369654	5.30296157	1.41335
1347.654272	5.32142995	1.41382
1355.018503	5.33720117	1.41007
1362.463659	5.34918619	1.40358
1369.991083	5.35682935	1.39617
1377.602144	5.3601804	1.38974
1385.298246	5.35987063	1.38602
1393.08082	5.35702329	1.38637
1400.951333	5.35310012	1.39159
1408.911284	5.34970039	1.40184
1416.962206	5.34835923	1.41664
1425.105667	5.35032726	1.43489
1433.343272	5.35641307	1.45513
1441.676663	5.36689711	1.47567
1450.10752	5.38149507	1.49487
1458.637565	5.39943139	1.51138
1467.268556	5.41956754	1.52429
1476.002298	5.44058365	1.53328
1484.840635	5.46117776	1.5386
1493.785458	5.48026161	1.54106
1502.838703	5.49711754	1.54183
1512.002354	5.5114816	1.54228
1521.278442	5.52357396	1.54376
1530.669049	5.53403223	1.54736
1540.176311	5.54378746	1.5538
1549.802413	5.55391875	1.56333
1559.549597	5.56546604	1.57569
1569.420165	5.5792778	1.59025
1579.416471	5.59590644	1.60609
1589.540936	5.61554069	1.62219
1599.796039	5.63802172	1.63762
1610.184325	5.66292113	1.65168
1620.708405	5.68964817	1.66398
1631.370961	5.71758493	1.6745
1642.174742	5.74621912	1.68353
1653.122573	5.77524174	1.69159
1664.217356	5.80460581	1.6993
1675.462068	5.83453695	1.70725
1686.859769	5.86548115	1.71585
1698.413603	5.8980423	1.72532
1710.1268	5.93289104	1.73556
1722.002681	5.97066926	1.74624
1734.044657	6.01192165	1.75678
1746.256239	6.05705411	1.76648
1758.641035	6.10631697	1.77451
1771.202757	6.15980194	1.78002
1783.945223	6.21745439	1.78212
1796.872362	6.27908799	1.77995
1809.988219	6.34440592	1.77264
1823.296956	6.41298455	1.75929
1836.802859	6.48428081	1.73901
1850.510343	6.55781426	1.71091
1864.423955	6.63002056	1.67E+00
1878.548379	6.70287769	1.63E+00
1892.888443	6.77447072	1.57E+00
1907.449123	6.84302253	1.51E+00
1922.23555	6.90692574	1.43E+00
1937.253016	6.96432315	1.35E+00
1952.506976	7.01278533	1.25E+00
1968.003063	7.04753795	1.15E+00
1983.747088	7.07331906	1.05E+00
1999.745048	7.08888352	9.43E-01
2016.003138	7.09168688	8.36E-01
2032.527754	7.08296353	7.32E-01
2049.325504	7.06340726	6.31E-01
2066.403217	7.03356672	5.36E-01
2083.76795	6.99524738	4.49E-01
2101.427	6.95011062	3.70E-01
2119.387915	6.89952179	3.00E-01
2137.6585	6.84556306	2.40E-01
2156.246835	6.7896525	1.88E-01
2175.161281	6.73284343	1.45E-01
2194.410496	6.6766027	1.10E-01
2214.003446	6.62203737	8.23E-02
2233.949423	6.56986224	6.04E-02
2254.258055	6.52038889	4.35E-02
2274.939321	6.4738973	3.08E-02
2296.003574	6.43050726	2.14E-02
2317.461551	6.39017931	1.46E-02
2339.324396	6.35280021	9.79E-03
2361.603676	6.31819089	6.45E-03
2384.311404	6.28612083	4.16E-03
2407.460058	6.25635328	2.64E-03
2431.062608	6.22865918	1.64E-03
2455.132535	6.20281546	1.00E-03
2479.68386	6.17862498	6.03E-04
2504.731172	6.15590783	3.55E-04
2530.289653	6.13450343	2.05E-04
2556.375113	6.114275	1.16E-04
2583.004021	6.09510477	6.51E-05
2610.193537	6.07689125	3.60E-05
2637.961553	6.05954678	2.00E-05
2666.326731	6.042996	1.15E-05
2695.308543	6.02717365	7.34E-06
2724.927319	6.01202287	5.62E-06
2755.204289	5.99749385	5.34E-06
2786.16164	5.98354268	5.96E-06
2817.822568	5.9701304	7.17E-06
2850.211333	5.95722226	8.84E-06
2883.353326	5.94478711	1.09E-05
2917.275129	5.93279688	1.33E-05
2952.004595	5.92122611	1.59E-05
2987.570916	5.91005171	1.88E-05
3024.004707	5.8992526	2.18E-05
3061.338099	5.88880943	2.48E-05
3099.604825	5.87870444	2.78E-05
3138.840329	5.86892133	3.07E-05
3179.081872	5.85944498	3.33E-05
3220.368649	5.85026134	3.55E-05
3262.741921	5.84135741	3.73E-05
3306.245147	5.8327211	3.86E-05
3350.924135	5.82434113	3.94E-05
3396.827205	5.81620702	3.97E-05
3444.005361	5.80830894	3.94E-05
3492.512479	5.80063764	3.86E-05
3542.405514	5.7931846	3.75E-05
3593.744725	5.7859418	3.60E-05
3646.593912	5.77890166	3.42E-05
3701.020687	5.77205714	3.23E-05
3757.096758	5.76540167	3.03E-05
3814.898246	5.75892899	2.82E-05
3874.506031	5.7526332	2.61E-05
3936.006127	5.74650882	2.41E-05
3999.490097	5.7405506	2.21E-05
4065.055508	5.73475365	2.03E-05
4132.806433	5.72911329	1.85E-05
4202.854	5.72362507	1.68E-05
4275.317	5.71828479	1.52E-05
4350.322561	5.71308847	1.37E-05
4428.006893	5.70803233	1.23E-05
4508.516109	5.70311279	1.10E-05
4592.007148	5.69832642	9.75E-06
4678.648792	5.69366994	8.59E-06
4768.622808	5.68914028	7.52E-06
4862.125216	5.68473449	6.53E-06
4959.36772	5.68044975	5.62E-06
5060.579306	5.6762834	4.80E-06
5166.008042	5.6722329	4.07E-06
5275.923106	5.66829581	3.41E-06
5390.617087	5.66446981	2.84E-06
5510.408578	5.6607527	2.34E-06
5635.645136	5.65714237	1.91E-06
5766.706651	5.65363681	1.55E-06
5904.00919	5.65023409	1.24E-06
6048.009415	5.64693237	9.87E-07
6199.20965	5.6437299	7.77E-07
6358.163744	5.64062499	6.06E-07
6525.483842	5.63761605	4.68E-07
6701.84827	5.63470154	3.57E-07
6888.010722	5.63188	2.71E-07
7084.811029	5.62915003	2.03E-07
7293.187824	5.62651029	1.50E-07
7514.193515	5.62395951	1.10E-07
7749.012063	5.62149647	8.01E-08
7998.980194	5.61912	5.75E-08
8265.612867	5.61682901	4.08E-08
8550.634	5.61462243	2.87E-08
8856.013786	5.61249925	1.99E-08
9184.014296	5.61045852	1.36E-08
9537.245615	5.60849933	9.20E-09
9918.73544	5.6066208	6.14E-09
10332.01608	5.60482212	4.04E-09
10781.23417	5.6031025	2.63E-09
11271.29027	5.60146119	1.68E-09
11808.01838	5.59989751	1.06E-09
12398.4193	5.59841078	6.61E-10
13050.96768	5.59700037	4.05E-10
13776.02144	5.59566571	2.44E-10
14586.37565	5.59440622	1.45E-10
15498.02413	5.5932214	8.48E-11
16531.22573	5.59211076	4.88E-11
17712.02757	5.59107384	2.76E-11
19074.49123	5.59011021	1.54E-11
20664.03217	5.58921951	8.40E-12
22542.58055	5.58840135	4.52E-12
24796.8386	5.58765542	2.39E-12
27552.04289	5.58698142	1.24E-12
30996.04825	5.58637908	6.33E-13
35424.05514	5.58584816	3.17E-13
41328.06433	5.58538846	1.56E-13
49593.6772	5.58499978	7.56E-14
61992.0965	5.58468198	3.59E-14
82656.12867	5.58443493	1.68E-14
123984.193	5.58425853	7.67E-15
247968.386	5.58415272	3.45E-15
123984193	5.58411746	1.52E-15
