123.984317	-0.50646926	0.47566
124.0463402	-0.3538334	0.4765
124.1084255	-0.27620408	0.47697
124.170573	-0.22334414	0.47702
124.2327828	-0.18274126	0.47659
124.2950549	-0.14943509	0.47561
124.3573895	-0.12098617	0.47403
124.4197867	-0.09604665	0.47178
124.4822465	-0.07382889	0.46882
124.544769	-0.05384985	0.46514
124.6073544	-0.03581103	0.46074
124.6700027	-0.01953589	0.45565
124.732714	-0.00491406	0.44995
124.7954885	0.00813575	0.44374
124.8583261	0.01967699	0.43713
124.9212271	0.0297673	0.43025
124.9841915	0.03847095	0.42324
125.0472194	0.0458785	0.41626
125.1103109	0.05209504	0.40941
125.1734661	0.05722942	0.4028
125.2366851	0.06140518	0.39651
125.299968	0.06474443	0.39058
125.3633148	0.06735839	0.38503
125.4267258	0.06935366	0.37987
125.4902009	0.07081756	0.37506
125.5537403	0.07180865	0.37057
125.6173441	0.07237551	0.36638
125.6810123	0.07254564	0.36244
125.7447452	0.07232664	0.35874
125.8085427	0.07172626	0.35528
125.8724049	0.070747	0.35206
125.9363321	0.06939422	0.34911
126.0003242	0.06767869	0.34645
126.0643814	0.06562207	0.34413
126.1285037	0.06326215	0.34218
126.1926913	0.0606386	0.34062
126.2569443	0.05779932	0.33948
126.3212627	0.05480409	0.33877
126.3856467	0.05170826	0.33847
126.4500963	0.04855876	0.33856
126.5146117	0.04539205	0.339
126.579193	0.04223487	0.33976
126.6438403	0.03910274	0.34079
126.7085536	0.03598633	0.34204
126.7733331	0.03287463	0.34351
126.8381789	0.0297431	0.34515
126.903091	0.02656314	0.347
126.9680696	0.02331538	0.34906
127.0331148	0.0199863	0.35139
127.0982267	0.0165805	0.35403
127.1634053	0.01311891	0.35705
127.2286508	0.00964273	0.3605
127.2939633	0.00621807	0.36445
127.3593429	0.00293194	0.36892
127.4247897	-0.00012374	0.37392
127.4903038	-0.00284637	0.37944
127.5558853	-0.00513197	0.38543
127.6215344	-0.00688855	0.39181
127.687251	-0.00803878	0.39848
127.7530353	-0.00853419	0.4053
127.8188874	-0.00835206	0.41215
127.8848075	-0.00750022	0.41887
127.9507956	-0.00601811	0.42534
128.0168519	-0.00396632	0.43143
128.0829763	-0.00143447	0.43703
128.1491691	0.00146122	0.44205
128.2154304	0.00459707	0.44646
128.2817603	0.00784775	0.45023
128.3481587	0.01107916	0.45337
128.414626	0.01417092	0.45594
128.4811622	0.01701607	0.458
128.5477673	0.01952474	0.45966
128.6144415	0.0216391	0.46104
128.6811849	0.02332456	0.46226
128.7479977	0.02458107	0.46347
128.8148798	0.02543719	0.46478
128.8818315	0.02595326	0.46633
128.9488528	0.02621415	0.46819
129.0159438	0.02632274	0.47045
129.0831047	0.02639909	0.47313
129.1503356	0.02656632	0.47624
129.2176365	0.02693748	0.47972
129.2850076	0.02761025	0.48352
129.352449	0.02867098	0.48754
129.4199608	0.03016901	0.49165
129.4875431	0.03212492	0.49574
129.555196	0.03452718	0.49967
129.6229196	0.03733868	0.50335
129.6907141	0.04050304	0.50667
129.7585795	0.04393869	0.50956
129.826516	0.04755769	0.51198
129.8945237	0.05126952	0.51391
129.9626027	0.05499361	0.51537
130.030753	0.05865778	0.51637
130.0989749	0.06220068	0.51696
130.1672684	0.06557827	0.51718
130.2356337	0.06876391	0.51709
130.3040707	0.07175121	0.51673
130.3725798	0.07453108	0.51611
130.4411609	0.07709944	0.51527
130.5098142	0.07945951	0.51421
130.5785398	0.08159984	0.51292
130.6473379	0.08350593	0.51141
130.7162085	0.08515601	0.50966
130.7851517	0.08651407	0.50767
130.8541677	0.0875359	0.50544
130.9232565	0.08817019	0.50299
130.9924184	0.08836172	0.50035
131.0616533	0.08806554	0.49759
131.1309615	0.08724549	0.49476
131.2003431	0.08586765	0.49194
131.2697981	0.08391805	0.48923
131.3393266	0.0814067	0.48673
131.4089289	0.07836043	0.48453
131.478605	0.07482779	0.48273
131.548355	0.07087802	0.4814
131.618179	0.06658678	0.48059
131.6880772	0.06204393	0.48035
131.7580497	0.05734005	0.48067
131.8280966	0.05255271	0.48154
131.898218	0.04775335	0.48293
131.968414	0.04299836	0.48479
132.0386848	0.03832178	0.48706
132.1090305	0.03373847	0.48969
132.1794512	0.02924579	0.49263
132.2499469	0.02482379	0.49585
132.320518	0.02045556	0.49936
132.3911643	0.01612231	0.50315
132.4618862	0.01181152	0.50727
132.5326836	0.00752587	0.51175
132.6035568	0.00329252	0.51667
132.6745058	-0.00084397	0.52205
132.7455308	-0.00482224	0.52796
132.8166318	-0.00855853	0.53441
132.8878091	-0.01195841	0.54142
132.9590627	-0.01492367	0.54895
133.0303927	-0.01735917	0.55697
133.1017994	-0.0191661	0.56541
133.1732827	-0.02026623	0.57416
133.2448428	-0.02059258	0.58313
133.3164799	-0.02008771	0.59218
133.3881941	-0.01872873	0.60115
133.4599854	-0.01650736	0.60991
133.5318541	-0.01344444	0.61826
133.6038002	-0.00959484	0.62605
133.6758239	-0.00504607	0.63308
133.7479253	0.00006044	0.63918
133.8201045	0.00555047	0.64422
133.8923617	0.01121492	0.64808
133.9646969	0.01680248	0.65069
134.0371103	0.02204828	0.65207
134.1096021	0.02667326	0.65226
134.1821723	0.0304146	0.65145
134.2548211	0.03304407	0.64983
134.3275486	0.03438126	0.64772
134.4003549	0.03432045	0.64544
134.4732402	0.03282613	0.64336
134.5462046	0.02994994	0.64185
134.6192482	0.02582884	0.64126
134.6923712	0.02066492	0.64187
134.7655737	0.01471807	0.64393
134.8388557	0.00828131	0.64757
134.9122175	0.00166361	0.65289
134.9856592	-0.00482478	0.65987
135.0591809	-0.01090412	0.66844
135.1327827	-0.01632547	0.67848
135.2064648	-0.02087815	0.68983
135.2802273	-0.02439766	0.7023
135.3540703	-0.02676362	0.7157
135.4279939	-0.02789248	0.72984
135.5019984	-0.02773477	0.74454
135.5760837	-0.02626141	0.75965
135.6502502	-0.02345254	0.77503
135.7244978	-0.01929663	0.79055
135.7988267	-0.01378766	0.80609
135.8732371	-0.00692106	0.82154
135.9477291	0.00131362	0.8368
136.0223028	0.01093454	0.85176
136.0969584	0.02195744	0.86629
136.171696	0.03439504	0.88026
136.2465157	0.04825948	0.89352
136.3214176	0.06355059	0.90589
136.396402	0.08025287	0.91718
136.4714689	0.09832762	0.92716
136.5466184	0.11769842	0.93558
136.6218508	0.13823668	0.94216
136.6971661	0.15975334	0.94663
136.7725646	0.18199273	0.94872
136.8480462	0.20463127	0.94821
136.9236112	0.22728693	0.94493
136.9992597	0.24951973	0.93878
137.0749918	0.27085308	0.92978
137.1508077	0.29080865	0.91807
137.2267075	0.30893552	0.90391
137.3026914	0.32483761	0.88767
137.3787594	0.33819998	0.86982
137.4549118	0.34882551	0.85092
137.5311487	0.35663663	0.83152
137.6074702	0.36167457	0.8122
137.6838764	0.36410959	0.79349
137.7603675	0.36420737	0.77582
137.8369437	0.36229701	0.75953
137.913605	0.35876101	0.74487
137.9903517	0.35399298	0.73193
138.0671838	0.34836068	0.72072
138.1441016	0.34219275	0.71115
138.221105	0.3357518	0.70306
138.2981944	0.32923258	0.69627
138.3753698	0.32276734	0.69058
138.4526314	0.31641503	0.68578
138.5299794	0.31018353	0.68173
138.6074138	0.30404793	0.6783
138.6849348	0.29796036	0.67543
138.7625425	0.29187604	0.6731
138.8402372	0.28575803	0.67132
138.918019	0.27958892	0.67014
138.9958879	0.2733784	0.66962
139.0738442	0.26717095	0.66984
139.1518879	0.26103538	0.67084
139.2300193	0.255065	0.67268
139.3082385	0.24936658	0.67535
139.3865457	0.24405342	0.67886
139.4649409	0.23924867	0.68316
139.5434244	0.23505921	0.68817
139.6219962	0.23157605	0.6938
139.7006566	0.22888222	0.69995
139.7794056	0.22703317	0.70647
139.8582435	0.22606242	0.71325
139.9371704	0.22597991	0.72013
140.0161864	0.22676961	0.727
140.0952916	0.22840809	0.73374
140.1744863	0.23084217	0.74022
140.2537706	0.23401057	0.74638
140.3331447	0.23785043	0.75213
140.4126086	0.24229289	0.75743
140.4921626	0.24727973	0.76224
140.5718068	0.2527525	0.76652
140.6515413	0.25866499	0.77026
140.7313663	0.26497713	0.77341
140.811282	0.27164019	0.77593
140.8912885	0.27860662	0.77778
140.971386	0.28582328	0.7789
141.0515746	0.29321217	0.77921
141.1318544	0.30066671	0.77865
141.2122258	0.30806086	0.77718
141.2926887	0.31524868	0.77478
141.3732433	0.32207439	0.77148
141.4538899	0.32838206	0.76734
141.5346285	0.33402875	0.76248
141.6154593	0.33889944	0.75705
141.6963825	0.34291682	0.75124
141.7773983	0.34604974	0.74525
141.8585067	0.34831706	0.73929
141.939708	0.34979015	0.73355
142.0210023	0.35057362	0.72817
142.1023898	0.350804	0.72328
142.1838706	0.35063133	0.71892
142.2654449	0.35020443	0.71512
142.3471129	0.34965981	0.71183
142.4288747	0.34911021	0.709
142.5107305	0.34864337	0.70653
142.5926804	0.34830979	0.70432
142.6747246	0.34813714	0.70228
142.7568633	0.34812368	0.7003
142.8390966	0.34824233	0.69831
142.9214247	0.34845689	0.69625
143.0038478	0.34871745	0.69407
143.0863659	0.3489749	0.69176
143.1689794	0.3491707	0.68928
143.2516883	0.34924297	0.68666
143.3344929	0.3491451	0.68392
143.4173932	0.34883107	0.68109
143.5003895	0.34825995	0.67822
143.5834819	0.34740465	0.67538
143.6666705	0.34626518	0.67266
143.7499557	0.34485893	0.67012
143.8333374	0.34322302	0.66785
143.9168159	0.34142376	0.66591
144.0003914	0.33953743	0.66433
144.084064	0.33765637	0.66314
144.1678339	0.33587631	0.6623
144.2517013	0.334273	0.66175
144.3356663	0.33290387	0.66141
144.4197291	0.33180289	0.66118
144.5038899	0.33096784	0.66094
144.5881488	0.33035932	0.66059
144.672506	0.32990962	0.66005
144.7569618	0.32954129	0.65929
144.8415162	0.32916272	0.65827
144.9261694	0.32868515	0.65704
145.0109217	0.32804109	0.65564
145.0957731	0.32717888	0.65415
145.1807239	0.32607816	0.65266
145.2657742	0.32474444	0.65125
145.3509242	0.32320863	0.65
145.4361741	0.32151663	0.64895
145.5215241	0.31971606	0.64813
145.6069743	0.31786199	0.64756
145.6925249	0.31600475	0.64722
145.7781761	0.3141736	0.64708
145.8639281	0.31239679	0.64714
145.949781	0.31068634	0.64734
146.035735	0.30904263	0.64769
146.1217904	0.30746679	0.64816
146.2079472	0.30595264	0.64876
146.2942057	0.3045035	0.6495
146.380566	0.30312535	0.65039
146.4670283	0.30183485	0.65146
146.5535929	0.30066594	0.65273
146.6402598	0.29965828	0.6542
146.7270293	0.29885521	0.65587
146.8139015	0.29830211	0.65772
146.9008767	0.29804527	0.65973
146.9879549	0.29813282	0.66186
147.0751365	0.29860538	0.66405
147.1624216	0.29948371	0.66622
147.2498103	0.30078138	0.66832
147.3373028	0.30250248	0.67026
147.4248994	0.3046387	0.67198
147.5126003	0.30717005	0.67339
147.6004055	0.31007064	0.67444
147.6883153	0.31330271	0.67503
147.7763299	0.3168078	0.6751
147.8644495	0.32052576	0.67459
147.9526742	0.32438441	0.67343
148.0410042	0.32828068	0.67154
148.1294398	0.3320949	0.6689
148.2179811	0.33569794	0.66548
148.3066284	0.33894083	0.66129
148.3953817	0.34167393	0.65639
148.4842413	0.34375511	0.65087
148.5732074	0.34505619	0.64487
148.6622802	0.34549086	0.63859
148.7514598	0.3450151	0.63222
148.8407465	0.34363315	0.626
148.9301405	0.34141945	0.62016
149.0196419	0.33849987	0.61488
149.1092509	0.33504607	0.61032
149.1989677	0.33126673	0.60656
149.2887926	0.32738041	0.60361
149.3787258	0.3236015	0.60141
149.4687673	0.32010477	0.5998
149.5589174	0.31701578	0.59861
149.6491764	0.314396	0.59759
149.7395444	0.31223113	0.59652
149.8300215	0.31043716	0.59517
149.9206081	0.30886524	0.59338
150.0113043	0.30732941	0.59105
150.1021103	0.30561265	0.58814
150.1930263	0.30349905	0.58473
150.2840525	0.30081205	0.58097
150.3751891	0.29742135	0.57706
150.4664362	0.29326726	0.57327
150.5577942	0.28837051	0.56986
150.6492632	0.28283297	0.5671
150.7408435	0.27682961	0.56519
150.8325351	0.2705877	0.56428
150.9243383	0.26437237	0.56443
151.0162534	0.25846137	0.56561
151.1082804	0.25310585	0.56767
151.2004198	0.24851515	0.57042
151.2926715	0.24483406	0.57356
151.3850359	0.24211728	0.57678
151.4775131	0.2403387	0.57976
151.5701034	0.2393787	0.58218
151.6628069	0.23903847	0.5838
151.7556239	0.23905833	0.58443
151.8485546	0.239141	0.584
151.9415992	0.23898261	0.58252
152.0347579	0.23828798	0.5801
152.1280308	0.23679922	0.57695
152.2214183	0.23433564	0.57338
152.3149205	0.23080237	0.56971
152.4085377	0.22618801	0.5663
152.50227	0.22058951	0.56352
152.5961177	0.2141951	0.56166
152.6900809	0.20726714	0.56097
152.7841599	0.20013213	0.56159
152.878355	0.19313558	0.56353
152.9726662	0.18661075	0.5667
153.0670939	0.18085597	0.5709
153.1616382	0.17610222	0.57583
153.2562995	0.17247787	0.58111
153.3510777	0.17000186	0.58636
153.4459733	0.16858311	0.59119
153.5409864	0.16801909	0.59527
153.6361173	0.1680245	0.59837
153.7313661	0.1682684	0.60038
153.826733	0.16840149	0.6013
153.9222184	0.16809556	0.60128
154.0178224	0.16709021	0.60058
154.1135452	0.1652118	0.59953
154.2093871	0.1623984	0.59853
154.3053482	0.15871375	0.59797
154.4014289	0.15432922	0.59819
154.4976293	0.14951342	0.59947
154.5939496	0.14459646	0.60195
154.6903901	0.13994308	0.60569
154.786951	0.13591946	0.61058
154.8836326	0.1328405	0.6164
154.980435	0.13095007	0.62284
155.0773584	0.13040092	0.62952
155.1744032	0.13123588	0.63602
155.2715695	0.13339089	0.64194
155.3688576	0.13669292	0.64689
155.4662677	0.14088586	0.6506
155.5638	0.14566296	0.65286
155.6614547	0.15067842	0.65357
155.7592321	0.15558814	0.65275
155.8571324	0.1600736	0.6505
155.9551559	0.16386523	0.64702
156.0533028	0.16675932	0.64255
156.1515732	0.16862745	0.63738
156.2499675	0.1694143	0.63178
156.3484859	0.16912768	0.62602
156.4471286	0.16782798	0.62032
156.5458959	0.1656115	0.61487
156.6447879	0.16260153	0.60981
156.743805	0.15893081	0.60523
156.8429473	0.15472014	0.60117
156.9422151	0.15008406	0.59768
157.0416087	0.14513563	0.59477
157.1411282	0.13997476	0.59244
157.2407739	0.13469556	0.59069
157.3405461	0.12939593	0.58952
157.440445	0.12418479	0.58892
157.5404708	0.11917053	0.58884
157.6406238	0.11446684	0.58924
157.7409043	0.11018623	0.59001
157.8413123	0.10641875	0.59102
157.9418483	0.10323467	0.59211
158.0425125	0.10066494	0.59307
158.143305	0.09869334	0.59369
158.2442262	0.09724974	0.59373
158.3452763	0.09619256	0.59296
158.4464555	0.09532689	0.59121
158.5477641	0.09440454	0.58832
158.6492024	0.09312444	0.58422
158.7507705	0.09116345	0.57893
158.8524687	0.08819498	0.57256
158.9542974	0.08390795	0.56532
159.0562566	0.07804466	0.55754
159.1583468	0.07041657	0.5496
159.2605681	0.060938	0.542
159.3629208	0.04964429	0.53522
159.4654051	0.036688	0.52977
159.5680213	0.02235197	0.52611
159.6707697	0.00704071	0.52463
159.7736505	-0.0087568	0.52556
159.8766639	-0.0244941	0.52903
159.9798103	-0.03959772	0.53497
160.0830898	-0.05353032	0.54314
160.1865028	-0.06582318	0.55316
160.2900495	-0.07611632	0.5645
160.3937301	-0.08419182	0.57655
160.497545	-0.08999268	0.58864
160.6014943	-0.09363551	0.60011
160.7055784	-0.09539511	0.61037
160.8097974	-0.09568131	0.61893
160.9141517	-0.09501295	0.62544
161.0186416	-0.09397533	0.62973
161.1232672	-0.09316662	0.63182
161.2280289	-0.09315282	0.6319
161.3329269	-0.09443002	0.63032
161.4379615	-0.09739168	0.62756
161.543133	-0.10228254	0.62423
161.6484415	-0.1091961	0.62093
161.7538875	-0.11807073	0.61832
161.8594711	-0.12867657	0.61699
161.9651926	-0.1406547	0.61743
162.0710524	-0.15353686	0.62003
162.1770506	-0.1667656	0.62503
162.2831875	-0.17974372	0.63248
162.3894635	-0.19187507	0.64227
162.4958788	-0.20261128	0.65409
162.6024336	-0.21149149	0.6675
162.7091282	-0.21818056	0.6819
162.815963	-0.22250609	0.69662
162.9229381	-0.22446674	0.71095
163.030054	-0.22424924	0.72418
163.1373107	-0.22221398	0.7357
163.2447087	-0.21887319	0.745
163.3522482	-0.21485509	0.75177
163.4599294	-0.21084957	0.75589
163.5677527	-0.20755723	0.75747
163.6757184	-0.20562395	0.75684
163.7838267	-0.20559196	0.75451
163.8920778	-0.20785055	0.75116
164.0004722	-0.21260289	0.74755
164.1090101	-0.21985146	0.74449
164.2176917	-0.22938949	0.74276
164.3265173	-0.24083034	0.74303
164.4354873	-0.25363373	0.74586
164.5446019	-0.2671379	0.75162
164.6538614	-0.28061328	0.76048
164.7632661	-0.29331608	0.77239
164.8728163	-0.30453316	0.78711
164.9825123	-0.31363112	0.80419
165.0923543	-0.32009752	0.82304
165.2023427	-0.32356597	0.84294
165.3124777	-0.32384401	0.86309
165.4227597	-0.32092597	0.88266
165.533189	-0.31498723	0.90085
165.6437657	-0.3063848	0.9169
165.7544903	-0.29563305	0.9302
165.865363	-0.28335902	0.94028
165.9763842	-0.27028269	0.94683
166.087554	-0.25716525	0.94977
166.1988729	-0.24475794	0.9492
166.3103411	-0.2337517	0.94544
166.421959	-0.22473778	0.93894
166.5337267	-0.21818219	0.9303
166.6456447	-0.21438624	0.92021
166.7577132	-0.21348543	0.90937
166.8699325	-0.21545331	0.89848
166.982303	-0.22012189	0.88815
167.0948249	-0.22720772	0.87892
167.2074986	-0.23634085	0.87119
167.3203243	-0.24709928	0.86525
167.4333024	-0.25904858	0.86123
167.5464332	-0.27176712	0.85918
167.6597169	-0.28487121	0.85901
167.773154	-0.29803313	0.86059
167.8867446	-0.3109902	0.8637
168.0004892	-0.32354478	0.86813
168.114388	-0.33556513	0.87361
168.2284413	-0.34698683	0.87991
168.3426495	-0.35779277	0.8868
168.4570128	-0.36801685	0.89407
168.5715317	-0.37774062	0.90154
168.6862064	-0.38707086	0.9091
168.8010372	-0.3961282	0.91666
168.9160244	-0.40504244	0.92419
169.0311684	-0.4139433	0.93169
169.1464695	-0.42293687	0.93924
169.261928	-0.43210466	0.9469
169.3775442	-0.44149946	0.9548
169.4933185	-0.451129	0.96305
169.6092512	-0.46097512	0.97175
169.7253425	-0.47099661	0.98099
169.8415929	-0.48113275	0.99084
169.9580027	-0.49131389	1.00134
170.0745721	-0.50147849	1.0125
170.1913016	-0.51157195	1.02434
170.3081914	-0.52154735	1.03686
170.4252418	-0.53136065	1.05009
170.5424533	-0.54095655	1.06406
170.6598261	-0.55027296	1.0788
170.7773606	-0.55921647	1.09438
170.8950571	-0.56766381	1.11081
171.0129159	-0.57546661	1.12811
171.1309374	-0.58245342	1.14622
171.2491219	-0.58845567	1.16503
171.3674698	-0.59332725	1.18435
171.4859813	-0.5969672	1.20394
171.6046569	-0.59933983	1.2235
171.7234968	-0.6005038	1.2427
171.8425015	-0.6006117	1.26125
171.9616712	-0.59989386	1.27891
172.0810064	-0.59865415	1.29551
172.2005072	-0.59722999	1.31103
172.3201742	-0.59596295	1.32553
172.4400076	-0.59516168	1.33924
172.5600077	-0.5950557	1.35247
172.680175	-0.59577452	1.36562
172.8005098	-0.59733087	1.37911
172.9210124	-0.59960931	1.39338
173.0416832	-0.60237405	1.40879
173.1625226	-0.60530111	1.42562
173.2835308	-0.60798678	1.44406
173.4047083	-0.60998682	1.46413
173.5260553	-0.61086827	1.48572
173.6475723	-0.61021879	1.50862
173.7692597	-0.60769473	1.53244
173.8911177	-0.60304956	1.55675
174.0131467	-0.5961477	1.58101
174.1353471	-0.58697954	1.60469
174.2577193	-0.57566075	1.62723
174.3802635	-0.56243645	1.64813
174.5029803	-0.54766649	1.66695
174.6258699	-0.5318023	1.68338
174.7489327	-0.51535335	1.69723
174.8721691	-0.49885134	1.70847
174.9955794	-0.48282057	1.71719
175.119164	-0.46774093	1.72365
175.2429233	-0.45400333	1.72822
175.3668577	-0.44188673	1.73136
175.4909674	-0.4315399	1.73357
175.615253	-0.42299056	1.73533
175.7397147	-0.41614625	1.73711
175.864353	-0.41081303	1.73927
175.9891682	-0.40673889	1.74207
176.1141607	-0.40364762	1.74565
176.2393308	-0.40127092	1.75005
176.364679	-0.39938371	1.7552
176.4902057	-0.3978227	1.76099
176.6159111	-0.39650269	1.76725
176.7417958	-0.39540869	1.77386
176.86786	-0.39458527	1.78069
176.9941042	-0.3941254	1.7877
177.1205287	-0.39413241	1.79491
177.247134	-0.394698	1.80241
177.3739204	-0.39588497	1.81033
177.5008883	-0.39771724	1.81884
177.6280381	-0.40015843	1.82814
177.7553703	-0.40312374	1.83838
177.8828851	-0.40648975	1.84971
178.0105829	-0.41010911	1.8622
178.1384643	-0.41382959	1.8759
178.2665295	-0.41751268	1.89078
178.394779	-0.42105468	1.9068
178.5232131	-0.42438521	1.9239
178.6518324	-0.42748526	1.94201
178.780637	-0.43037328	1.96113
178.9096276	-0.43308247	1.9813
179.0388044	-0.43563847	2.00265
179.1681679	-0.43802837	2.02537
179.2977184	-0.44017652	2.04972
179.4274565	-0.44190044	2.07602
179.5573824	-0.44290678	2.10454
179.6874966	-0.44278964	2.13554
179.8177996	-0.44102796	2.16916
179.9482917	-0.4370303	2.20538
180.0789732	-0.43017631	2.24401
180.2098448	-0.41986364	2.28466
180.3409067	-0.40556932	2.32674
180.4721593	-0.38690942	2.36949
180.6036032	-0.36368255	2.41204
180.7352387	-0.33589516	2.45347
180.8670662	-0.30376522	2.49289
180.9990861	-0.26770529	2.5295
181.131299	-0.22829433	2.56265
181.2637051	-0.18620579	2.59193
181.3963049	-0.14215681	2.61709
181.5290989	-0.09684444	2.63815
181.6620874	-0.05088499	2.65526
181.795271	-0.00478012	2.66874
181.9286499	0.04111817	2.67896
182.0622248	0.08659487	2.68629
182.1959959	0.13155935	2.69106
182.3299637	0.17600397	2.69348
182.4641287	0.21995598	2.69366
182.5984913	0.26342762	2.69157
182.7330519	0.30636074	2.68709
182.867811	0.34860238	2.68006
183.002769	0.38987865	2.6703
183.1379263	0.42979389	2.65772
183.2732835	0.46786475	2.64236
183.4088408	0.5035606	2.62444
183.5445989	0.53637284	2.60441
183.680558	0.56588637	2.58292
183.8167188	0.59184893	2.56082
183.9530815	0.61424128	2.53909
184.0896468	0.63331176	2.51874
184.2264149	0.64960021	2.50075
184.3633864	0.66391836	2.4859
184.5005618	0.67729669	2.47473
184.6379414	0.69091526	2.46742
184.7755257	0.70599581	2.46375
184.9133153	0.72369171	2.46309
185.0513105	0.74496772	2.46441
185.1895119	0.77049957	2.46638
185.3279198	0.80058838	2.46743
185.4665347	0.83511031	2.46593
185.6053572	0.87350713	2.46029
185.7443876	0.91482043	2.44915
185.8836265	0.95775419	2.43144
186.0230743	1.00077215	2.40655
186.1627315	1.0422315	2.37434
186.3025985	1.08050831	2.33517
186.4426759	1.11412769	2.28986
186.582964	1.14186101	2.2396
186.7234634	1.16282384	2.18591
186.8641746	1.17652148	2.13042
187.005098	1.18284709	2.07482
187.1462342	1.18208013	2.02072
187.2875835	1.17481974	1.96951
187.4291465	1.16191071	1.92235
187.5709237	1.14437717	1.8801
187.7129155	1.12333459	1.8433
187.8551225	1.09990903	1.81219
187.9975451	1.07518213	1.78676
188.1401838	1.05014921	1.76677
188.2830392	1.02567605	1.75179
188.4261116	1.00248389	1.74128
188.5694016	0.98115164	1.73461
188.7129098	0.96211244	1.73109
188.8566365	0.9456481	1.72999
189.0005823	0.93189264	1.73059
189.1447477	0.92084743	1.7322
189.2891333	0.91238766	1.73417
189.4337394	0.90627402	1.73593
189.5785666	0.90216986	1.737
189.7236155	0.89966631	1.73703
189.8688865	0.89831636	1.7358
190.0143801	0.89766152	1.73322
190.1600969	0.8972658	1.72934
190.3060373	0.89674765	1.72432
190.4522019	0.8958022	1.71841
190.5985912	0.89420583	1.7119
190.7452058	0.89182838	1.70514
190.892046	0.8886379	1.69846
191.0391125	0.88467029	1.69215
191.1864058	0.88002987	1.6865
191.3339264	0.8748727	1.68171
191.4816749	0.86937855	1.67795
191.6296517	0.86376013	1.67536
191.7778574	0.85825649	1.67402
191.9262925	0.85311914	1.67396
192.0749575	0.84860505	1.67516
192.2238531	0.84498409	1.67757
192.3729796	0.84252101	1.68104
192.5223378	0.8414689	1.6854
192.671928	0.84205328	1.69036
192.8217509	0.84444031	1.69559
192.971807	0.8487378	1.70071
193.1220968	0.85496865	1.70528
193.2726208	0.8630686	1.70888
193.4233798	0.87287807	1.71106
193.574374	0.88414407	1.71145
193.7256043	0.89654676	1.70973
193.877071	0.90969998	1.70565
194.0287747	0.92317774	1.69908
194.180716	0.93654847	1.68999
194.3328955	0.94939108	1.67844
194.4853137	0.96131741	1.66459
194.6379712	0.9719946	1.64867
194.7908685	0.98114758	1.63095
194.9440062	0.98857523	1.61176
195.0973849	0.9941457	1.5914
195.2510051	0.99778022	1.57018
195.4048675	0.99945886	1.54839
195.5589725	0.99918807	1.52625
195.7133208	0.99699788	1.504
195.8679129	0.99292497	1.48179
196.0227494	0.98700089	1.45981
196.177831	0.97926966	1.43822
196.3331581	0.96976826	1.41717
196.4887314	0.95853462	1.39684
196.6445514	0.94564076	1.37745
196.8006187	0.93118928	1.35918
196.956934	0.9153122	1.34224
197.1134978	0.89819208	1.32682
197.2703107	0.88004989	1.31306
197.4273733	0.86112986	1.30105
197.5846862	0.84169436	1.29083
197.74225	0.82200211	1.28235
197.9000653	0.80228069	1.2755
198.0581327	0.78271461	1.27012
198.2164528	0.76342985	1.26601
198.3750262	0.74448921	1.26297
198.5338535	0.72589587	1.26081
198.6929354	0.70760773	1.25939
198.8522724	0.68954898	1.2586
199.0118652	0.67162163	1.2584
199.1717143	0.65374177	1.25883
199.3318205	0.63585689	1.25996
199.4921842	0.61795248	1.2619
199.6528062	0.60006084	1.26477
199.813687	0.58226809	1.2687
199.9748274	0.5647185	1.27379
200.1362278	0.54759184	1.28007
200.297889	0.53108295	1.28752
200.4598116	0.51539533	1.29606
200.6219962	0.50071512	1.30552
200.7844434	0.48718201	1.31567
200.9471539	0.47488588	1.32625
201.1101283	0.46384111	1.33693
201.2733673	0.45398216	1.34742
201.4368715	0.44517198	1.35742
201.6006416	0.4371914	1.36668
201.7646782	0.42977249	1.37505
201.928982	0.42261472	1.38243
202.0935535	0.41539648	1.38883
202.2583936	0.40781831	1.39437
202.4235027	0.39961371	1.39922
202.5888817	0.39057183	1.40366
202.7545311	0.38055161	1.40798
202.9204516	0.36948431	1.41253
203.0866439	0.35738488	1.41765
203.2531086	0.34434179	1.42367
203.4198465	0.33050623	1.43088
203.5868581	0.31609546	1.43956
203.7541442	0.30138043	1.4499
203.9217055	0.28666672	1.46205
204.0895425	0.27229661	1.47609
204.2576561	0.25862865	1.49201
204.4260469	0.24602397	1.50973
204.5947155	0.2348365	1.52908
204.7636627	0.22538667	1.54979
204.9328891	0.21794391	1.57152
205.1023955	0.21270542	1.59384
205.2721826	0.20977682	1.61628
205.4422509	0.20916933	1.63834
205.6126013	0.21077807	1.65949
205.7832345	0.21439376	1.67927
205.9541511	0.2197038	1.69722
206.1253518	0.22630226	1.71301
206.2968374	0.23372539	1.72639
206.4686086	0.24145747	1.73722
206.6406661	0.24896728	1.74551
206.8130105	0.2557392	1.75138
206.9856427	0.26129797	1.75508
207.1585633	0.26522629	1.75694
207.3317731	0.26718397	1.7574
207.5052728	0.26693482	1.75696
207.6790631	0.26435197	1.75615
207.8531448	0.25941667	1.7555
208.0275185	0.25221468	1.75552
208.2021851	0.24292149	1.75666
208.3771452	0.23179194	1.75932
208.5523996	0.21913892	1.76379
208.727949	0.20530073	1.77027
208.9037943	0.19061778	1.77886
209.0799361	0.1754102	1.78958
209.2563751	0.15995671	1.80237
209.4331122	0.14448124	1.81713
209.6101481	0.12913473	1.83371
209.7874836	0.11400533	1.85201
209.9651193	0.09912102	1.87191
210.1430562	0.08445819	1.89339
210.3212949	0.06996972	1.91648
210.4998362	0.05561546	1.94134
210.6786808	0.04140154	1.9682
210.8578297	0.0274006	1.99738
211.0372835	0.01380045	2.02929
211.217043	0.00093469	2.06435
211.3971089	-0.01070106	2.10297
211.5774822	-0.02044412	2.14546
211.7581635	-0.02748517	2.19198
211.9391537	-0.03089448	2.24248
212.1204536	-0.02969193	2.2966
212.3020639	-0.0229234	2.3537
212.4839854	-0.00973482	2.41281
212.666219	0.01051754	2.47264
212.8487654	0.03818357	2.53169
213.0316255	0.07326073	2.58831
213.2148	0.11535751	2.64084
213.3982898	0.16368865	2.68771
213.5820957	0.21711665	2.72761
213.7662186	0.27421849	2.75954
213.9506591	0.33338587	2.78296
214.1354182	0.39295622	2.79778
214.3204967	0.45132242	2.80436
214.5058953	0.50705527	2.80349
214.6916151	0.55898713	2.79625
214.8776566	0.6062804	2.78398
215.0640209	0.64844943	2.76806
215.2507088	0.68533696	2.74988
215.437721	0.71709864	2.73072
215.6250585	0.74412524	2.71163
215.812722	0.76696208	2.69345
216.0007125	0.78625046	2.67678
216.1890308	0.80265013	2.66197
216.3776778	0.81678117	2.64919
216.5666543	0.8291987	2.63847
216.7559611	0.84037017	2.62973
216.9455992	0.85067322	2.62285
217.1355694	0.86040449	2.61768
217.3258726	0.86980241	2.6141
217.5165097	0.87906503	2.61198
217.7074815	0.88836736	2.61123
217.8987889	0.89787444	2.61174
218.0904329	0.90773485	2.6134
218.2824142	0.91808393	2.61609
218.4747339	0.92904391	2.61968
218.6673927	0.94070707	2.624
218.8603916	0.9531243	2.62889
219.0537315	0.9663106	2.6342
219.2474133	0.98024818	2.63981
219.4414379	0.99490126	2.64565
219.6358063	1.01023357	2.6517
219.8305192	1.02623663	2.65801
220.0255777	1.04294744	2.66465
220.2209826	1.06047152	2.67174
220.416735	1.07899744	2.67936
220.6128356	1.09878536	2.68754
220.8092855	1.12014636	2.6962
221.0060856	1.14341859	2.70516
221.2032368	1.16892731	2.71407
221.40074	1.19693402	2.72245
221.5985962	1.22759545	2.72968
221.7968064	1.26091439	2.73504
221.9953715	1.29671579	2.73778
222.1942925	1.33463845	2.73716
222.3935702	1.37412299	2.7325
222.5932057	1.41444933	2.72331
222.7932	1.45477629	2.70925
222.9935539	1.49418381	2.69024
223.1942686	1.53174346	2.66644
223.3953449	1.56658189	2.63827
223.5967838	1.59794019	2.60636
223.7985863	1.62523002	2.57154
224.0007534	1.6480661	2.53473
224.2032861	1.66628591	2.49693
224.4061854	1.67994979	2.45909
224.6094522	1.68931202	2.42209
224.8130876	1.6947992	2.38668
225.0170926	1.69695417	2.35341
225.2214682	1.69636905	2.32264
225.4262153	1.69365458	2.29458
225.6313351	1.68938354	2.26922
225.8368285	1.68403995	2.24645
226.0426965	1.67802177	2.22609
226.2489402	1.67162915	2.2079
226.4555606	1.66506506	2.19165
226.6625588	1.65846305	2.17715
226.8699357	1.65190954	2.16425
227.0776924	1.64547287	2.15287
227.28583	1.63923375	2.14297
227.4943495	1.63328934	2.13452
227.703252	1.62777335	2.12753
227.9125384	1.62285359	2.12195
228.12221	1.61871199	2.11771
228.3322676	1.61553658	2.11468
228.5427125	1.61350883	2.11269
228.7535457	1.61277465	2.11148
228.9647682	1.61343279	2.11079
229.1763811	1.61552909	2.1103
229.3883855	1.61904154	2.1097
229.6007826	1.62389221	2.10869
229.8135733	1.62993578	2.10697
230.0267589	1.63697383	2.10432
230.2403403	1.64477323	2.10055
230.4543187	1.65307064	2.09554
230.6686952	1.66158233	2.08922
230.8834709	1.6700184	2.08161
231.098647	1.67811517	2.07281
231.3142245	1.68562926	2.06294
231.5302045	1.69236341	2.05224
231.7465883	1.69817811	2.04093
231.9633769	1.70299343	2.02931
232.1805715	1.70680931	2.01766
232.3981732	1.70969217	2.00625
232.6161831	1.71176983	1.99531
232.8346025	1.7132253	1.98503
233.0534324	1.71428431	1.97552
233.2726741	1.71517816	1.96679
233.4923286	1.71613376	1.95881
233.7123972	1.71735551	1.95144
233.932881	1.71899357	1.94449
234.1537812	1.72114011	1.93773
234.375099	1.72381118	1.93089
234.5968356	1.72694869	1.92373
234.8189921	1.73043132	1.91602
235.0415697	1.73406403	1.90756
235.2645698	1.73760823	1.89826
235.4879933	1.74079586	1.88806
235.7118417	1.7433472	1.87703
235.936116	1.7449971	1.86529
236.1608174	1.74550327	1.85306
236.3859474	1.74467828	1.84064
236.6115069	1.74240237	1.82838
236.8374973	1.73863438	1.81668
237.0639198	1.73343067	1.80597
237.2907757	1.72693741	1.79665
237.5180661	1.71939917	1.78914
237.7457924	1.71117021	1.78379
237.9739558	1.70268144	1.78085
238.2025575	1.69443971	1.78051
238.4315989	1.68700091	1.78278
238.6610812	1.68093039	1.78756
238.8910056	1.67678535	1.79459
239.1213734	1.67506942	1.80345
239.352186	1.67619271	1.81358
239.5834446	1.68043383	1.8243
239.8151505	1.68791726	1.83487
240.047305	1.69859849	1.84451
240.2799095	1.71225031	1.85246
240.5129651	1.72848381	1.85806
240.7464733	1.74677191	1.86075
240.9804353	1.7664682	1.86013
241.2148526	1.7868725	1.85603
241.4497263	1.80727416	1.84843
241.6850579	1.82698638	1.83753
241.9208486	1.8454143	1.82372
242.1570999	1.86208792	1.80751
242.3938131	1.87668494	1.78952
242.6309895	1.88905494	1.77042
242.8686305	1.8992189	1.75087
243.1067375	1.90736377	1.73149
243.3453118	1.91383208	1.7128
243.5843548	1.91907849	1.69515
243.8238679	1.92362414	1.67873
244.0638525	1.9280204	1.66354
244.30431	1.93278598	1.64936
244.5452417	1.93834818	1.6358
244.7866491	1.94500615	1.62233
245.0285337	1.95289122	1.60831
245.2708967	1.96194409	1.59307
245.5137396	1.97190475	1.57595
245.7570639	1.98232915	1.55641
246.000871	1.99263322	1.53406
246.2451624	2.00212725	1.50869
246.4899393	2.01007006	1.48033
246.7352035	2.01574751	1.44926
246.9809561	2.01853394	1.41596
247.2271989	2.01793149	1.38108
247.4739331	2.01361752	1.34542
247.7211603	2.00547668	1.30984
247.9688819	1.99360366	1.2752
248.2170995	1.97829782	1.2423
248.4658146	1.96002574	1.21179
248.7150285	1.93938349	1.18418
248.9647429	1.91705214	1.15976
249.2149592	1.89373956	1.13862
249.465679	1.87012187	1.12062
249.7169038	1.84678993	1.10545
249.968635	1.82420924	1.09264
250.2208743	1.80268715	1.08163
250.4736232	1.78235645	1.07181
250.7268832	1.76317628	1.0626
250.9806558	1.74495238	1.05349
251.2349427	1.72735662	1.04408
251.4897454	1.70997903	1.03416
251.7450655	1.69237897	1.02367
252.0009045	1.67412708	1.01274
252.257264	1.6548658	1.00167
252.5141456	1.63435079	0.99088
252.771551	1.61247537	0.98087
253.0294817	1.5892916	0.97218
253.2879393	1.56501684	0.96532
253.5469255	1.54000853	0.9607
253.8064418	1.51473661	0.95862
254.0664899	1.48974996	0.95921
254.3270714	1.46562797	0.96242
254.5881881	1.44291959	0.96799
254.8498414	1.42209241	0.97551
255.1120332	1.40350096	0.98443
255.3747649	1.38734543	0.99409
255.6380384	1.37364536	1.00379
255.9018553	1.36223469	1.01285
256.1662173	1.35279203	1.0207
256.431126	1.34485099	1.02684
256.6965832	1.33784581	1.03101
256.9625906	1.33117457	1.0331
257.2291499	1.32424467	1.03323
257.4962627	1.31653066	1.03168
257.7639309	1.30761616	1.0289
258.0321562	1.29723614	1.02544
258.3009402	1.28529482	1.0219
258.5702848	1.27186578	1.01886
258.8401917	1.25717963	1.01684
259.1106627	1.24159374	1.01623
259.3816995	1.22555375	1.01728
259.653304	1.20953723	1.02004
259.9254778	1.19401204	1.02443
260.1982229	1.17939585	1.03018
260.4715409	1.16600351	1.0369
260.7454337	1.15402154	1.04411
261.0199032	1.14350167	1.05131
261.2949511	1.13435538	1.05798
261.5705793	1.12635416	1.06366
261.8467895	1.11915408	1.06798
262.1235838	1.11233532	1.07071
262.4009638	1.10542631	1.07172
262.6789315	1.09793919	1.07106
262.9574888	1.08941553	1.0689
263.2366374	1.07944432	1.06553
263.5163794	1.06768948	1.06135
263.7967166	1.05391384	1.05684
264.0776509	1.03797987	1.05251
264.3591841	1.01984743	1.04891
264.6413183	0.99954758	1.04658
264.9240554	0.97686521	1.04603
265.2068299	0.95551073	1.04774
265.4907773	0.93005496	1.05211
265.7753333	0.90436882	1.05946
266.0605	0.87858023	1.07003
266.3462793	0.85321381	1.08391
266.6326731	0.82885246	1.10107
266.9196835	0.80608441	1.12134
267.2073125	0.78547114	1.14442
267.495562	0.76751143	1.16986
267.7844341	0.75260605	1.1971
268.0739308	0.74103672	1.22549
268.3640541	0.73294468	1.25432
268.6548061	0.72833004	1.28288
268.9461887	0.72704509	1.31045
269.2382041	0.72880583	1.3364
269.5308543	0.73321185	1.36016
269.8241415	0.73976841	1.3813
270.1180675	0.74791838	1.3995
270.4126347	0.7570667	1.41459
270.707845	0.76661889	1.42654
271.0037005	0.7759976	1.43543
271.3002035	0.78467349	1.44149
271.597356	0.79219364	1.44503
271.8951601	0.79818233	1.44643
272.193618	0.80235743	1.44614
272.4927319	0.80454816	1.44464
272.7925039	0.80467437	1.44237
273.0929361	0.80274422	1.43979
273.3940309	0.79884813	1.43728
273.6957903	0.79313551	1.43518
273.9982166	0.78580109	1.43374
274.3013119	0.77704658	1.43312
274.6050786	0.76707021	1.43344
274.9095188	0.75605442	1.43474
275.2146349	0.74414335	1.43702
275.5204289	0.73143326	1.44025
275.8269032	0.71797847	1.44442
276.1340601	0.70379688	1.44952
276.4419019	0.68887791	1.45559
276.7504308	0.67320284	1.46271
277.0596492	0.65675857	1.47101
277.3695593	0.63955746	1.48067
277.6801635	0.62164946	1.4919
277.9914641	0.60314615	1.50496
278.3034635	0.58421941	1.52007
278.616164	0.5651089	1.53748
278.9295681	0.5461145	1.55734
279.2436779	0.52757709	1.57978
279.5584961	0.50987498	1.60483
279.8740248	0.49339577	1.63244
280.1902667	0.47850758	1.66245
280.507224	0.4655348	1.69464
280.8248992	0.45475014	1.72873
281.1432948	0.44636075	1.7644
281.4624132	0.44050371	1.80132
281.7822568	0.43725519	1.83918
282.1028282	0.43664425	1.8777
282.4241298	0.43867105	1.91665
282.7461642	0.44333908	1.95586
283.0689338	0.45067159	1.99517
283.3924411	0.46071332	2.03443
283.7166888	0.47353857	2.07348
284.0416793	0.48924342	2.11211
284.3674151	0.50792053	2.15004
284.693899	0.52963066	2.18692
285.0211333	0.55437664	2.22234
285.3491208	0.58208969	2.25586
285.6778641	0.61260085	2.28699
286.0073656	0.64563625	2.3153
286.3376282	0.68083946	2.34041
286.6686543	0.71778467	2.36203
287.0004468	0.75600677	2.37998
287.3330081	0.79503279	2.39419
287.6663411	0.83441597	2.4047
288.0004483	0.8737528	2.41161
288.3353326	0.9126953	2.41509
288.6709965	0.95096328	2.41533
289.0074429	0.98832684	2.4125
289.3446744	1.02458928	2.40676
289.6826939	1.05957273	2.39824
290.0215041	1.09310747	2.38706
290.3611077	1.12500526	2.37329
290.7015076	1.15505793	2.35705
291.0427066	1.18303935	2.33844
291.3847074	1.20870556	2.31763
291.7275129	1.23181431	2.29482
292.071126	1.2521311	2.27027
292.4155495	1.26944407	2.24429
292.7607863	1.28358684	2.21726
293.1068392	1.29444649	2.18957
293.4537112	1.3019572	2.16164
293.8014052	1.30612175	2.13393
294.1499241	1.30700849	2.10687
294.4992708	1.30475004	2.08091
294.8494483	1.29954862	2.05646
295.2004595	1.29167138	2.03391
295.5523075	1.28144097	2.01358
295.9049952	1.26924014	1.99577
296.2585257	1.25549558	1.98065
296.6129019	1.24065768	1.96834
296.9681269	1.22518308	1.95882
297.3242038	1.20950824	1.952
297.6811357	1.1940262	1.94766
298.0389255	1.17905648	1.94552
298.3975764	1.16483755	1.94524
298.7570916	1.15151237	1.94645
299.1174741	1.13912	1.94878
299.4787271	1.12762292	1.95194
299.8408537	1.11692284	1.95566
300.2038571	1.10687824	1.95978
300.5677406	1.09734457	1.96421
300.9325073	1.08819396	1.96893
301.2981604	1.07933101	1.97396
301.6647032	1.0707031	1.97935
302.0321389	1.06229554	1.98513
302.4004707	1.05412278	1.99132
302.7697021	1.04620277	1.99787
303.1398362	1.03853427	2.00472
303.5108764	1.03108501	2.01177
303.882826	1.02377756	2.01893
304.2556883	1.01648567	2.02612
304.6294668	1.00904319	2.03333
305.0041648	1.00126905	2.04062
305.3797857	0.99299272	2.04814
305.7563329	0.98407669	2.05611
306.1338099	0.97445164	2.06485
306.51222	0.96413986	2.0747
306.8915668	0.95326435	2.08603
307.2718538	0.94205441	2.09917
307.6530844	0.93083756	2.1144
308.0352621	0.92001682	2.13188
308.4183905	0.91003831	2.15166
308.8024732	0.90134865	2.17363
309.1875137	0.89436594	2.19759
309.5735156	0.88944853	2.22319
309.9604825	0.88685691	2.25001
310.348418	0.88673967	2.27757
310.7373258	0.88913143	2.3054
311.1272095	0.89395736	2.33304
311.5180729	0.90104465	2.36011
311.9099195	0.91016707	2.38634
312.3027531	0.9210679	2.41153
312.6965776	0.93349143	2.43561
313.0913965	0.94722201	2.45858
313.4872137	0.96209271	2.48049
313.8840329	0.9780003	2.50143
314.281858	0.99491187	2.52148
314.6806929	1.01283863	2.54066
315.0805413	1.03182511	2.55897
315.4814071	1.05192068	2.5763
315.8832943	1.0731473	2.59251
316.2862066	1.09549	2.6074
316.6901481	1.11887168	2.62074
317.0951228	1.14314952	2.63231
317.5011344	1.16811573	2.64191
317.9081872	1.19351821	2.64942
318.316285	1.21907759	2.65476
318.7254319	1.24450088	2.65794
319.1356319	1.26950979	2.65904
319.5468892	1.29386257	2.65821
319.9592077	1.3173582	2.65562
320.3725917	1.33985004	2.6515
320.7870453	1.36124689	2.64605
321.2025725	1.38150135	2.63948
321.6191777	1.40060629	2.63196
322.0368649	1.41857642	2.62363
322.4556385	1.43544123	2.6146
322.8755026	1.45123316	2.60494
323.2964615	1.46597341	2.59469
323.7185196	1.47966975	2.58388
324.141681	1.49231352	2.57252
324.5659503	1.50387701	2.56062
324.9913316	1.51430184	2.54817
325.4178294	1.52351433	2.53522
325.8454481	1.53142003	2.52178
326.2741921	1.53790835	2.50795
326.7040659	1.54286747	2.49382
327.1350739	1.54618737	2.47956
327.5672206	1.54777804	2.46536
328.0005106	1.54758953	2.45149
328.4349483	1.54562409	2.43821
328.8705385	1.54193768	2.42582
329.3072855	1.53665135	2.4146
329.7451941	1.52995189	2.40482
330.184269	1.52207775	2.39667
330.6245147	1.51329699	2.39029
331.0659359	1.50389551	2.38574
331.5085374	1.49414335	2.38299
331.952324	1.48427862	2.38197
332.3973003	1.47449347	2.38255
332.8434711	1.4649394	2.38462
333.2908414	1.45572072	2.38802
333.7394159	1.4469083	2.39267
334.1891995	1.43856031	2.39847
334.640197	1.43072597	2.40538
335.0924135	1.42347713	2.41338
335.5458539	1.41690869	2.42244
336.000523	1.41112842	2.43251
336.4564261	1.40626353	2.44354
336.9135679	1.40245537	2.45542
337.3719537	1.39982692	2.46798
337.8315886	1.39847407	2.48103
338.2924775	1.39845582	2.49433
338.7546257	1.39978074	2.50763
339.2180383	1.40240418	2.52067
339.6827205	1.40622758	2.53321
340.1486776	1.41110689	2.54504
340.6159148	1.41686001	2.55599
341.0844374	1.42328375	2.56595
341.5542507	1.43015947	2.57484
342.02536	1.43726917	2.58266
342.4977707	1.44440748	2.58943
342.9714882	1.45138717	2.59523
343.446518	1.4580465	2.60015
343.9228655	1.46424489	2.60431
344.4005361	1.46987099	2.60785
344.8795355	1.47484638	2.61092
345.3598691	1.47911305	2.61365
345.8415425	1.48263032	2.61619
346.3245615	1.48537822	2.61868
346.8089315	1.48735586	2.62127
347.2946583	1.48858978	2.62411
347.7817475	1.48912117	2.62732
348.2702051	1.48901397	2.63105
348.7600366	1.4883613	2.63541
349.2512479	1.48727588	2.6405
349.7438449	1.48588897	2.64638
350.2378333	1.48432865	2.65306
350.7332192	1.48272314	2.66055
351.2300085	1.48119197	2.66879
351.7282071	1.47982181	2.6777
352.227821	1.47866882	2.68719
352.7288563	1.47775365	2.69716
353.2313191	1.47706888	2.70754
353.7352154	1.4765903	2.71827
354.2405514	1.4762682	2.7293
354.7473333	1.47605597	2.74066
355.2555673	1.47591401	2.75235
355.7652597	1.47581198	2.76444
356.2764167	1.47574226	2.77698
356.7890446	1.47571717	2.79005
357.3031499	1.47576095	2.80369
357.8187388	1.47591057	2.81798
358.3358179	1.47621966	2.83296
358.8543936	1.4767469	2.84868
359.3744725	1.47755758	2.86517
359.896061	1.47871562	2.88246
360.4191657	1.48029757	2.9006
360.9437933	1.48239573	2.91962
361.4699504	1.48511241	2.93955
361.9976438	1.48856937	2.96042
362.5268801	1.49291063	2.98224
363.0576662	1.49829415	3.00499
363.5900088	1.50489598	3.02864
364.1239148	1.51291081	3.05311
364.6593912	1.52253919	3.07827
365.1964448	1.53397006	3.10392
365.7350826	1.54737181	3.12982
366.2753117	1.56288625	3.15566
366.8171391	1.58059224	3.18104
367.3605719	1.60048244	3.20553
367.9056172	1.62246488	3.22868
368.4522823	1.64633049	3.24999
369.0005744	1.67173605	3.26902
369.5505007	1.69823128	3.28542
370.1020687	1.72526507	3.29893
370.6552855	1.75221876	3.30948
371.2101587	1.77844534	3.31715
371.7666957	1.80333595	3.32228
372.3249039	1.82637373	3.32533
372.884791	1.84717576	3.32696
373.4463645	1.86553939	3.32789
374.009632	1.8814582	3.3289
374.5746012	1.89512357	3.3307
375.1412799	1.90689174	3.3339
375.7096758	1.91723494	3.33893
376.2797967	1.92669528	3.34607
376.8516505	1.9358233	3.35537
377.4252451	1.94512266	3.36675
378.0005884	1.9550202	3.37998
378.5776885	1.96583003	3.39475
379.1565535	1.97775304	3.41073
379.7371914	1.99089502	3.42761
380.3196104	2.0052823	3.44511
380.9038187	2.02089199	3.46303
381.4898246	2.03767716	3.48121
382.0776364	2.05559356	3.49957
382.6672623	2.07460488	3.51802
383.258711	2.0946948	3.53654
383.8519907	2.11586211	3.55505
384.4471101	2.13810723	3.57351
385.0440776	2.16143686	3.59184
385.642902	2.18583847	3.60995
386.2435919	2.21127839	3.62776
386.846156	2.23771382	3.64522
387.4506031	2.26509108	3.66228
388.0569421	2.29335452	3.67895
388.6651818	2.32247677	3.69528
389.2753312	2.35247275	3.71134
389.8873994	2.38339786	3.72719
390.5013953	2.41536262	3.74291
391.1173281	2.44853992	3.75852
391.735207	2.48313893	3.77396
392.3550411	2.51938239	3.78908
392.9768399	2.55747796	3.80362
393.6006127	2.59758901	3.81722
394.2263688	2.63978773	3.82939
394.8541178	2.68401542	3.83959
395.4838692	2.73007233	3.84726
396.1156326	2.7776067	3.85186
396.7494176	2.82610993	3.85292
397.385234	2.87494463	3.85013
398.0230915	2.92338764	3.84335
398.663	2.97067664	3.83266
399.3049694	3.01606901	3.81836
399.9490097	3.05890657	3.80098
400.5951309	3.0986795	3.78123
401.243343	3.13505303	3.75992
401.8936564	3.1678979	3.73796
402.5460812	3.19731017	3.71624
403.2006276	3.22358279	3.69556
403.8573062	3.24717041	3.67659
404.5161272	3.26864478	3.65982
405.1771013	3.28863001	3.64553
405.840239	3.30774407	3.63382
406.5055508	3.32655671	3.62463
407.1730476	3.34554912	3.61777
407.8427401	3.36508473	3.61298
408.5146392	3.38542689	3.61003
409.1887558	3.40676016	3.6087
409.8651008	3.42922034	3.60887
410.5436854	3.45295536	3.61051
411.2245207	3.47816557	3.61365
411.9076179	3.50514625	3.61837
412.5929884	3.53430616	3.6247
413.2806433	3.56616903	3.6326
413.9705943	3.60135137	3.64184
414.6628528	3.64049065	3.65195
415.3574305	3.68418345	3.66223
416.0543389	3.73290547	3.67169
416.7535899	3.78690047	3.67909
417.4551953	3.84611681	3.68307
418.1591669	3.91016264	3.68219
418.8655169	3.97827163	3.67508
419.5742572	4.04934101	3.6606
420.2854	4.12198347	3.63789
420.9989576	4.19463149	3.60656
421.7149422	4.26565834	3.56663
422.4333663	4.33350023	3.51863
423.1542423	4.39679327	3.46349
423.8775829	4.4544707	3.40248
424.6034007	4.50583247	3.33706
425.3317084	4.55056313	3.26875
426.0625189	4.58872278	3.19901
426.7958451	4.62068376	3.12908
427.5317	4.64704485	3.05995
428.2700967	4.66853259	2.99227
429.0110484	4.68588701	2.92638
429.7545685	4.69977863	2.86236
430.5006701	4.71074352	2.80009
431.249367	4.71914767	2.73935
432.0006725	4.72518999	2.67991
432.7546003	4.72893183	2.6216
433.5111643	4.7303362	2.56435
434.2703783	4.7293385	2.50826
435.0322561	4.72590274	2.45352
435.796812	4.72006345	2.40044
436.5640599	4.71196694	2.34936
437.3340141	4.70186149	2.30058
438.106689	4.69008472	2.25435
438.8820991	4.67704124	2.2108
439.6602589	4.66313825	2.1699
440.4411829	4.64874884	2.13154
441.2248861	4.63418542	2.09549
442.0113832	4.61965801	2.06146
442.8006893	4.60528002	2.02918
443.5928193	4.59107473	1.99839
444.3877885	4.57700893	1.96895
445.1856122	4.56303824	1.94078
445.9863058	4.5491243	1.91388
446.7898847	4.53527944	1.88834
447.5963646	4.52159318	1.86426
448.4057613	4.5082207	1.84171
449.2180906	4.4953737	1.82072
450.0333684	4.48330197	1.80123
450.8516109	4.47225066	1.78307
451.6728342	4.46242699	1.76599
452.4970547	4.45397318	1.74966
453.3242888	4.44694815	1.73372
454.1545531	4.44131678	1.71779
454.9878642	4.43695387	1.70154
455.824239	4.43368071	1.68472
456.6636943	4.43127823	1.66712
457.5062472	4.42951834	1.64865
458.351915	4.42818645	1.62924
459.2007148	4.42709201	1.6089
460.0526642	4.42607884	1.58763
460.9077807	4.4250111	1.56544
461.7660819	4.42376096	1.54231
462.6275858	4.42218917	1.51821
463.4923103	4.42011954	1.49308
464.3602734	4.41733933	1.46692
465.2314934	4.41360403	1.43974
466.1059887	4.40864026	1.41164
466.9837778	4.40217151	1.3828
467.8648792	4.39395614	1.35353
468.7493119	4.38382219	1.32421
469.6370947	4.37169393	1.29531
470.5282467	4.35762287	1.26733
471.4227871	4.34179064	1.24075
472.3207352	4.32449878	1.21599
473.2221107	4.30616258	1.19339
474.1269331	4.28727704	1.17312
475.0352222	4.26836326	1.15519
475.9469981	4.24992738	1.13944
476.8622808	4.2324113	1.12554
477.7810906	4.21613588	1.11301
478.7034479	4.20128203	1.10132
479.6293733	4.18786377	1.08985
480.5588876	4.17570811	1.07803
481.4920117	4.1644767	1.06537
482.4287665	4.15369394	1.05154
483.3691735	4.14280663	1.03642
484.3132539	4.13123373	1.02009
485.2610294	4.11845081	1.00292
486.2125216	4.10406814	0.98545
487.1677525	4.08788874	0.96841
488.1267441	4.06996523	0.95259
489.0895187	4.05061532	0.93876
490.0560988	4.03040048	0.92753
491.0265069	4.01007582	0.91929
492.0007659	3.99050091	0.91408
492.9788986	3.97253175	0.91161
493.9609283	3.95689633	0.9112
494.9468782	3.9440808	0.91192
495.936772	3.93424964	0.91264
496.9306333	3.92720491	0.91223
497.9284859	3.92238472	0.90964
498.9303541	3.91892225	0.90414
499.9362621	3.91575365	0.89535
500.9462343	3.91175072	0.88338
501.9602955	3.90588048	0.86878
502.9784706	3.8973441	0.85251
504.0007846	3.88569449	0.8358
505.0272627	3.87090016	0.82
506.0579306	3.853371	0.80642
507.0928139	3.83391292	0.79611
508.1319385	3.81361334	0.78973
509.1753306	3.79370853	0.78748
510.2230165	3.77543349	0.78905
511.2750227	3.75984774	0.79363
512.331376	3.74769817	0.80006
513.3921035	3.73932962	0.80694
514.4572324	3.73462692	0.81281
515.52679	3.73303964	0.81637
516.6008042	3.73364602	0.81658
517.6793027	3.73526139	0.81285
518.7623138	3.73660216	0.80509
519.8498658	3.73643914	0.7937
520.9419874	3.73374259	0.77953
522.0387074	3.72780759	0.76377
523.1400549	3.71833556	0.7478
524.2460592	3.70546332	0.73302
525.35675	3.68974338	0.72069
526.4721571	3.67207415	0.71177
527.5923106	3.6535773	0.7068
528.7172409	3.63546461	0.70588
529.8469786	3.61890188	0.70864
530.9815546	3.6048722	0.7143
532.121	3.59406768	0.72176
533.2653462	3.58679872	0.72971
534.414625	3.58298054	0.73686
535.5688683	3.58214724	0.74198
536.7281082	3.58350203	0.74413
537.8923774	3.58601528	0.74269
539.0617087	3.58854125	0.73749
540.2361351	3.58995367	0.72877
541.41569	3.58926516	0.71718
542.600407	3.58573647	0.70368
543.7903202	3.578947	0.68944
544.9854637	3.56884678	0.67573
546.1858722	3.55575603	0.66374
547.3915806	3.54031801	0.65448
548.6026239	3.52343208	0.64867
549.8190377	3.50614647	0.64665
551.0408578	3.48955017	0.64839
552.2681203	3.47466481	0.65346
553.5008616	3.46232282	0.66108
554.7391186	3.4530928	0.67025
555.9829283	3.44722527	0.6798
557.2323281	3.44462007	0.68855
558.4873559	3.44484979	0.69543
559.7480497	3.44720912	0.69958
561.014448	3.45078297	0.70043
562.2865896	3.45455071	0.69779
563.5645136	3.4575007	0.69183
564.8482597	3.45871699	0.68305
566.1378676	3.45748901	0.67229
567.4333776	3.45338654	0.66055
568.7348303	3.44628034	0.64893
570.0422667	3.43636685	0.63853
571.3557281	3.42414607	0.6303
572.6752564	3.41035156	0.62495
574.0008935	3.39588475	0.62292
575.3326821	3.38171537	0.62427
576.6706651	3.36877829	0.62875
578.0148858	3.35788884	0.63578
579.3653879	3.34965281	0.64453
580.7222155	3.34441293	0.65401
582.0854131	3.34221168	0.66315
583.4550259	3.3427914	0.67094
584.8310991	3.34561736	0.67649
586.2136785	3.34993974	0.67918
587.6028104	3.35487159	0.67865
588.9985416	3.35947131	0.67489
590.400919	3.36284632	0.66821
591.8099905	3.36423461	0.65921
593.2258038	3.36308814	0.64874
594.6484077	3.35912974	0.63778
596.077851	3.35236334	0.62734
597.5141831	3.34307819	0.6184
598.9574541	3.3318299	0.61178
600.4077143	3.31936593	0.60804
601.8650146	3.30655281	0.60748
603.3294063	3.29429741	0.61007
604.8009415	3.28344836	0.61547
606.2796724	3.27472337	0.62308
607.765652	3.26862908	0.63205
609.2589337	3.26541034	0.64143
610.7595714	3.26503807	0.65022
612.2676198	3.26719794	0.65747
613.7831337	3.27132877	0.66241
615.3061687	3.27668473	0.66449
616.8367811	3.28239803	0.66344
618.3750274	3.28756981	0.65932
619.920965	3.29136912	0.6525
621.4746516	3.29311231	0.64361
623.0361457	3.29232424	0.63348
624.6055063	3.28878872	0.62307
626.1827929	3.28256608	0.61335
627.7680658	3.27398376	0.60523
629.3613858	3.26361037	0.59946
630.9628142	3.25219091	0.59654
632.5724133	3.24056373	0.59669
634.1902455	3.22959465	0.59986
635.8163744	3.22009555	0.60568
637.4508638	3.21272447	0.61351
639.0937784	3.20793518	0.62255
640.7451835	3.20593951	0.63186
642.4051451	3.20667081	0.64047
644.0737299	3.20980048	0.6475
645.7510052	3.21476628	0.6522
647.4370392	3.22082225	0.65407
649.1319005	3.22712105	0.65289
650.8356588	3.23279963	0.64875
652.5483842	3.2370606	0.64202
654.2701478	3.23925072	0.63334
656.0010212	3.2389318	0.62354
657.7410769	3.23591695	0.61355
659.4903883	3.23029204	0.60433
661.2490293	3.2224028	0.59674
663.0170749	3.21281521	0.59149
664.7946005	3.20226819	0.58906
666.5816828	3.19158735	0.58963
668.3783989	3.18161556	0.59313
670.184827	3.17312903	0.59916
672.0010461	3.16675566	0.60711
673.8271359	3.16292679	0.61617
675.6631771	3.16182522	0.62542
677.5092514	3.16337175	0.63393
679.3654411	3.16723104	0.64083
681.2318297	3.17283877	0.64541
683.1085014	3.17945856	0.64719
684.9955414	3.18625539	0.64597
686.893036	3.19238007	0.64185
688.8010722	3.19704742	0.63521
690.7197382	3.19962297	0.62671
692.6491229	3.19969127	0.61718
694.5893165	3.19709218	0.60756
696.5404101	3.19193825	0.59879
698.5024958	3.18459789	0.59172
700.4756667	3.1756574	0.58703
702.460017	3.16586854	0.58517
704.455642	3.15606257	0.58628
706.4626382	3.14707198	0.59024
708.4811029	3.13965204	0.59662
710.5111347	3.13439237	0.60476
712.5528333	3.13168148	0.61386
714.6062997	3.13165951	0.62298
716.6716358	3.13419526	0.63121
718.7489449	3.13891849	0.63773
720.8383314	3.1452396	0.64186
722.9399009	3.15241031	0.64319
725.0537602	3.15960632	0.64157
727.1800176	3.16599593	0.63714
729.3187824	3.17082409	0.63033
731.4701652	3.17350226	0.62183
733.6342781	3.17365905	0.61247
735.8112344	3.17118399	0.60321
738.0011488	3.16624015	0.59496
740.2041373	3.15924382	0.58856
742.4203174	3.15083246	0.58464
744.6498078	3.14178098	0.58356
746.8927289	3.1329276	0.58541
749.1492024	3.12509535	0.58997
751.4193515	3.11899471	0.59673
753.7033009	3.11515806	0.60498
756.0011768	3.11387975	0.61383
758.313107	3.11519472	0.62238
760.6392209	3.11887522	0.62972
762.9796492	3.12445131	0.63511
765.3345247	3.13127045	0.63799
767.7039814	3.1385507	0.63806
770.0881553	3.14546647	0.63532
772.4871838	3.15123774	0.63006
774.9012063	3.15520341	0.62282
777.3303636	3.15689131	0.61436
779.7747987	3.15607046	0.60556
782.2346562	3.15277159	0.59734
784.7100823	3.14729104	0.59057
787.2012254	3.1401605	0.58596
789.7082357	3.13208504	0.58399
792.2312652	3.12387176	0.58487
794.7704679	3.11635086	0.58851
797.326	3.11029653	0.59452
799.8980194	3.10614664	6.02E-01
802.4866861	3.10443235	6.11E-01
805.0921623	3.10564826	6.20E-01
807.7146124	3.10909843	6.27E-01
810.3542026	3.11420285	6.33E-01
813.0111016	3.12089936	6.37E-01
815.6854803	3.12839859	6.38E-01
818.3775116	3.13558307	6.36E-01
821.0873709	3.14187729	6.32E-01
823.8152359	3.14631834	6.25E-01
826.5612867	3.14851426	6.18E-01
829.3257057	3.14851177	6.10E-01
832.1086779	3.1461948	6.03E-01
834.9103906	3.14193998	5.97E-01
837.7310338	3.13602217	5.93E-01
840.5708	3.129404	5.92E-01
843.4298844	3.1227741	5.93E-01
846.3084846	3.11681667	5.97E-01
849.2068014	3.11248352	6.03E-01
852.1250378	3.11002068	6.10E-01
855.0634	3.10969852	6.18E-01
858.0220969	3.11193026	6.26E-01
861.0013403	3.11611949	6.32E-01
864.0013449	3.12170075	6.37E-01
867.0223287	3.12857663	6.40E-01
870.0645123	3.13580745	6.40E-01
873.1281197	3.14263633	6.38E-01
876.2133781	3.14808638	6.33E-01
879.3205177	3.15190868	6.28E-01
882.4497722	3.15386262	6.21E-01
885.6013786	3.15366368	6.15E-01
888.7755771	3.15153654	6.09E-01
891.9726115	3.14752573	6.05E-01
895.1927292	3.14292138	6.04E-01
898.4361812	3.1381432	6.04E-01
901.7032218	3.13356156	6.07E-01
904.9941095	3.13021198	6.12E-01
908.3091062	3.12896598	6.19E-01
911.6484779	3.12960989	6.25E-01
915.0124945	3.13196914	6.32E-01
918.4014296	3.13648432	6.38E-01
921.8155613	3.1424493	6.42E-01
925.2551716	3.14908598	6.44E-01
928.7205468	3.15580263	6.44E-01
932.2119774	3.16193468	6.42E-01
935.7297585	3.16721862	6.39E-01
939.2741894	3.1710581	6.34E-01
942.8455741	3.17288637	6.29E-01
946.4442214	3.17326976	6.25E-01
950.0704444	3.17212294	6.21E-01
953.7245615	3.1700516	6.20E-01
957.4068958	3.16795413	6.20E-01
961.1177752	3.16610279	6.22E-01
964.8575331	3.16488594	6.25E-01
968.6265078	3.16489187	6.30E-01
972.4250431	3.1665359	6.35E-01
976.2534882	3.16953897	6.40E-01
980.1121976	3.17416233	6.45E-01
984.0015317	3.17997047	6.48E-01
987.9218566	3.18633794	6.50E-01
991.873544	3.19280679	6.50E-01
995.8569719	3.19890172	6.49E-01
999.8725242	3.20389561	6.46E-01
1003.920591	3.20781735	6.44E-01
1008.001569	3.21084721	6.41E-01
1012.115861	3.21274322	6.39E-01
1016.263877	3.21409783	6.38E-01
1020.446033	3.21524226	6.38E-01
1024.662752	3.21643288	6.39E-01
1028.914465	3.21785847	6.41E-01
1033.201608	3.22042192	6.45E-01
1037.524628	3.22416658	6.48E-01
1041.883975	3.22901521	6.52E-01
1046.28011	3.23463167	6.54E-01
1050.7135	3.24088368	6.57E-01
1055.184621	3.247866	6.58E-01
1059.693957	3.25455296	6.58E-01
1064.242	3.26102433	6.58E-01
1068.82925	3.26706755	6.57E-01
1073.456216	3.27286028	6.57E-01
1078.123417	3.27840402	6.56E-01
1082.83138	3.2834622	6.56E-01
1087.58064	3.2888146	6.57E-01
1092.371744	3.29464109	6.58E-01
1097.205248	3.30060947	6.59E-01
1102.081716	3.30691839	6.61E-01
1107.001723	3.31440768	6.64E-01
1111.965857	3.32307218	6.66E-01
1116.974712	3.33199168	6.67E-01
1122.028896	3.34145606	6.69E-01
1127.129027	3.35172199	6.70E-01
1132.275735	3.36256075	6.71E-01
1137.469661	3.37381993	6.71E-01
1142.711456	3.38519577	6.71E-01
1148.001787	3.39746178	6.72E-01
1153.34133	3.41091564	6.72E-01
1158.730776	3.42482593	6.71E-01
1164.170826	3.43968368	6.71E-01
1169.662198	3.45608362	6.70E-01
1175.205621	3.47375263	6.68E-01
1180.801838	3.49281091	6.65E-01
1186.451608	3.51312732	6.60E-01
1192.155702	3.53424107	6.53E-01
1197.914908	3.55658368	6.45E-01
1203.730029	3.57976714	6.33E-01
1209.601883	3.60320895	6.19E-01
1215.531304	3.62660362	6.01E-01
1221.519143	3.64914769	5.80E-01
1227.566267	3.67069537	5.56E-01
1233.673562	3.69042665	5.28E-01
1239.84193	3.70800293	4.98E-01
1246.072291	3.72285809	4.64E-01
1252.365586	3.7339755	4.28E-01
1258.722772	3.74153887	3.91E-01
1265.144827	3.74502778	3.52E-01
1271.632749	3.74446042	3.14E-01
1278.187557	3.73967921	2.75E-01
1284.81029	3.73092425	2.39E-01
1291.50201	3.71900418	2.04E-01
1298.263801	3.70353673	1.71E-01
1305.096768	3.68536888	1.42E-01
1312.002042	3.66550977	1.16E-01
1318.980777	3.64423673	9.30E-02
1326.03415	3.62203834	7.34E-02
1333.163366	3.59951987	5.70E-02
1340.369654	3.57718403	4.36E-02
1347.654272	3.55537188	3.27E-02
1355.018503	3.53430464	2.41E-02
1362.463659	3.51421713	1.75E-02
1369.991083	3.49525522	1.25E-02
1377.602144	3.47743839	8.73E-03
1385.298246	3.46075346	6.00E-03
1393.08082	3.44517956	4.05E-03
1400.951333	3.4306556	2.69E-03
1408.911284	3.41710196	1.75E-03
1416.962206	3.40443156	1.12E-03
1425.105667	3.39255917	7.01E-04
1433.343272	3.38140167	4.31E-04
1441.676663	3.37088501	2.61E-04
1450.10752	3.36094052	1.54E-04
1458.637565	3.35150766	8.99E-05
1467.268556	3.34253426	5.13E-05
1476.002298	3.3339744	2.87E-05
1484.840635	3.32578888	1.58E-05
1493.785458	3.31794386	8.52E-06
1502.838703	3.31041012	4.51E-06
1512.002354	3.30316233	2.34E-06
1521.278442	3.29617843	1.19E-06
1530.669049	3.28943909	5.94E-07
1540.176311	3.28292725	2.91E-07
1549.802413	3.27662778	1.40E-07
1559.549597	3.27052716	6.60E-08
1569.420165	3.26461325	3.05E-08
1579.416471	3.25887512	1.38E-08
1589.540936	3.25330283	6.15E-09
1599.796039	3.24788736	2.69E-09
1610.184325	3.24262046	1.15E-09
1620.708405	3.23749456	4.90E-10
1631.370961	3.23250273	2.11E-10
1642.174742	3.22763855	1.00E-10
1653.122573	3.2228961	6.26E-11
1664.217356	3.21826991	5.94E-11
1675.462068	3.21375486	7.53E-11
1686.859769	3.20934624	1.06E-10
1698.413603	3.20503962	1.51E-10
1710.1268	3.20083088	2.15E-10
1722.002681	3.19671617	3.00E-10
1734.044657	3.19269186	4.13E-10
1746.256239	3.18875457	5.60E-10
1758.641035	3.18490111	7.46E-10
1771.202757	3.18112848	9.77E-10
1783.945223	3.17743387	1.26E-09
1796.872362	3.17381459	1.60E-09
1809.988219	3.17026815	2.00E-09
1823.296956	3.16679215	2.46E-09
1836.802859	3.16338435	2.97E-09
1850.510343	3.1600426	3.54E-09
1864.423955	3.15676489	4.16E-09
1878.548379	3.1535493	4.81E-09
1892.888443	3.15039399	5.48E-09
1907.449123	3.14729723	6.15E-09
1922.23555	3.14425736	6.80E-09
1937.253016	3.14127282	7.42E-09
1952.506976	3.13834209	7.98E-09
1968.003063	3.13546374	8.47E-09
1983.747088	3.13263641	8.87E-09
1999.745048	3.12985879	9.16E-09
2016.003138	3.12712962	9.33E-09
2032.527754	3.12444771	9.39E-09
2049.325504	3.12181192	9.32E-09
2066.403217	3.11922114	9.14E-09
2083.76795	3.11667432	8.84E-09
2101.427	3.11417045	8.44E-09
2119.387915	3.11170857	7.96E-09
2137.6585	3.10928775	7.40E-09
2156.246835	3.10690708	6.79E-09
2175.161281	3.10456572	6.15E-09
2194.410496	3.10226283	5.49E-09
2214.003446	3.09999762	4.83E-09
2233.949423	3.09776933	4.19E-09
2254.258055	3.09557722	3.58E-09
2274.939321	3.09342058	3.01E-09
2296.003574	3.09129872	2.50E-09
2317.461551	3.08921098	2.04E-09
2339.324396	3.08715673	1.64E-09
2361.603676	3.08513536	1.29E-09
2384.311404	3.08314627	1.01E-09
2407.460058	3.08118889	7.69E-10
2431.062608	3.07926266	5.78E-10
2455.132535	3.07736705	4.27E-10
2479.68386	3.07550155	3.10E-10
2504.731172	3.07366565	2.21E-10
2530.289653	3.07185888	1.55E-10
2556.375113	3.07008075	1.07E-10
2583.004021	3.06833083	7.22E-11
2610.193537	3.06660868	4.80E-11
2637.961553	3.06491386	3.13E-11
2666.326731	3.06324597	2.00E-11
2695.308543	3.0616046	1.26E-11
2724.927319	3.05998938	7.78E-12
2755.204289	3.05839993	4.71E-12
2786.16164	3.05683589	2.80E-12
2817.822568	3.0552969	1.64E-12
2850.211333	3.05378263	9.37E-13
2883.353326	3.05229273	5.27E-13
2917.275129	3.0508269	2.91E-13
2952.004595	3.04938482	1.57E-13
2987.570916	3.04796618	8.35E-14
3024.004707	3.0465707	4.35E-14
3061.338099	3.04519809	2.22E-14
3099.604825	3.04384806	1.12E-14
3138.840329	3.04252036	5.49E-15
3179.081872	3.04121471	2.65E-15
3220.368649	3.03993087	1.25E-15
3262.741921	3.03866859	5.82E-16
3306.245147	3.03742763	2.65E-16
3350.924135	3.03620775	1.19E-16
3396.827205	3.03500874	5.20E-17
3444.005361	3.03383036	2.23E-17
3492.512479	3.0326724	9.42E-18
3542.405514	3.03153466	3.89E-18
3593.744725	3.03041693	1.58E-18
3646.593912	3.02931902	6.28E-19
3701.020687	3.02824074	2.45E-19
3757.096758	3.02718189	9.37E-20
3814.898246	3.0261423	3.52E-20
3874.506031	3.02512179	1.29E-20
3936.006127	3.02412019	4.67E-21
3999.490097	3.02313733	1.65E-21
4065.055508	3.02217305	5.73E-22
4132.806433	3.0212272	1.95E-22
4202.854	3.02029962	6.50E-23
4275.317	3.01939016	2.13E-23
4350.322561	3.01849868	6.83E-24
4428.006893	3.01762503	2.15E-24
4508.516109	3.01676908	6.62E-25
4592.007148	3.01593069	2.00E-25
4678.648792	3.01510975	5.94E-26
4768.622808	3.01430611	1.73E-26
4862.125216	3.01351966	4.92E-27
4959.36772	3.01275028	1.38E-27
5060.579306	3.01199785	3.77E-28
5166.008042	3.01126226	1.01E-28
5275.923106	3.01054341	2.67E-29
5390.617087	3.00984119	6.90E-30
5510.408578	3.00915549	1.75E-30
5635.645136	3.00848621	4.34E-31
5766.706651	3.00783327	1.06E-31
5904.00919	3.00719655	2.52E-32
6048.009415	3.00657599	5.90E-33
6199.20965	3.00597148	1.35E-33
6358.163744	3.00538294	3.04E-34
6525.483842	3.00481029	6.71E-35
6701.84827	3.00425344	1.45E-35
6888.010722	3.00371233	3.07E-36
7084.811029	3.00318688	6.39E-37
7293.187824	3.00267701	1.30E-37
7514.193515	3.00218265	2.60E-38
7749.012063	3.00170374	5.09E-39
7998.980194	3.00124021	9.77E-40
8265.612867	3.00079201	1.84E-40
8550.634	3.00035906	3.39E-41
8856.013786	2.99994131	6.13E-42
9184.014296	2.99953871	1.09E-42
9537.245615	2.9991512	1.89E-43
9918.73544	2.99877873	3.22E-44
10332.01608	2.99842125	5.38E-45
10781.23417	2.99807872	8.81E-46
11271.29027	2.99775109	1.41E-46
11808.01838	2.99743831	2.23E-47
12398.4193	2.99714035	3.43E-48
13050.96768	2.99685716	5.19E-49
13776.02144	2.99658872	7.70E-50
14586.37565	2.99633498	1.12E-50
15498.02413	2.99609591	1.59E-51
16531.22573	2.99587149	2.23E-52
17712.02757	2.99566167	3.05E-53
19074.49123	2.99546645	4.09E-54
20664.03217	2.99528578	5.38E-55
22542.58055	2.99511965	6.94E-56
24796.8386	2.99496804	8.78E-57
27552.04289	2.99483093	1.09E-57
30996.04825	2.99470829	1.32E-58
35424.05514	2.99460012	1.57E-59
41328.06433	2.9945064	1.84E-60
49593.6772	2.99442712	2.10E-61
61992.0965	2.99436227	2.36E-62
82656.12867	2.99431184	2.60E-63
123984.193	2.99427582	2.80E-64
247968.386	2.99425421	2.96E-65
123984193	2.99424701	3.06E-66
