123.984317	-3.21732081	1.07633
124.0463402	-2.87951841	1.07815
124.1084255	-2.71254601	1.08027
124.170573	-2.60234293	1.08273
124.2327828	-2.52034148	1.08548
124.2950549	-2.45508405	1.08848
124.3573895	-2.40082032	1.09165
124.4197867	-2.35426507	1.0949
124.4822465	-2.31338114	1.09813
124.544769	-2.27682615	1.10127
124.6073544	-2.24367474	1.10424
124.6700027	-2.21327871	1.10697
124.732714	-2.18517517	1.10941
124.7954885	-2.15901885	1.11154
124.8583261	-2.13455007	1.11333
124.9212271	-2.11157278	1.11478
124.9841915	-2.08992495	1.1159
125.0472194	-2.06948127	1.11668
125.1103109	-2.05013836	1.11715
125.1734661	-2.031807	1.11731
125.2366851	-2.01441577	1.11718
125.299968	-1.9979027	1.11677
125.3633148	-1.98222114	1.11609
125.4267258	-1.96732847	1.11517
125.4902009	-1.95318757	1.11402
125.5537403	-1.93976868	1.11267
125.6173441	-1.92704039	1.11115
125.6810123	-1.9149652	1.1095
125.7447452	-1.90350407	1.10774
125.8085427	-1.89261192	1.10591
125.8724049	-1.88224355	1.10401
125.9363321	-1.87235194	1.10207
126.0003242	-1.86288351	1.10008
126.0643814	-1.85379458	1.09802
126.1285037	-1.8450578	1.09585
126.1926913	-1.83665605	1.09355
126.2569443	-1.82857818	1.09108
126.3212627	-1.82083455	1.08839
126.3856467	-1.81345421	1.08545
126.4500963	-1.80647726	1.08224
126.5146117	-1.79995147	1.07876
126.579193	-1.79392354	1.07503
126.6438403	-1.78844284	1.07107
126.7085536	-1.78355284	1.06694
126.7733331	-1.77928773	1.06269
126.8381789	-1.775673	1.0584
126.903091	-1.77271676	1.05415
126.9680696	-1.77041618	1.05002
127.0331148	-1.76875573	1.0461
127.0982267	-1.76769643	1.04249
127.1634053	-1.76718395	1.03926
127.2286508	-1.76715322	1.03649
127.2939633	-1.76751864	1.03425
127.3593429	-1.76817691	1.03259
127.4247897	-1.76901575	1.03153
127.4903038	-1.76991964	1.03107
127.5558853	-1.77076708	1.03119
127.6215344	-1.77144313	1.03182
127.687251	-1.77185209	1.03287
127.7530353	-1.77191522	1.03423
127.8188874	-1.77158519	1.03575
127.8848075	-1.77085748	1.03728
127.9507956	-1.76975718	1.03869
128.0168519	-1.7683411	1.03984
128.0829763	-1.76670267	1.04062
128.1491691	-1.76495763	1.04096
128.2154304	-1.76323146	1.04083
128.2817603	-1.76164916	1.04024
128.3481587	-1.76032324	1.03924
128.414626	-1.75934999	1.0379
128.4811622	-1.75880046	1.03633
128.5477673	-1.75870871	1.03465
128.6144415	-1.75907941	1.03297
128.6811849	-1.75988405	1.03141
128.7479977	-1.76107218	1.03004
128.8148798	-1.76258385	1.02893
128.8818315	-1.76434108	1.02813
128.9488528	-1.766259	1.02765
129.0159438	-1.76826857	1.02746
129.0831047	-1.77030799	1.02755
129.1503356	-1.77232482	1.02786
129.2176365	-1.77428757	1.02834
129.2850076	-1.77617801	1.02893
129.352449	-1.77799473	1.02957
129.4199608	-1.7797555	1.0302
129.4875431	-1.78148589	1.03079
129.555196	-1.78322279	1.03129
129.6229196	-1.7850148	1.03169
129.6907141	-1.78690654	1.03199
129.7585795	-1.78894785	1.03219
129.826516	-1.79118526	1.03233
129.8945237	-1.79365369	1.03245
129.9626027	-1.79637785	1.03261
130.030753	-1.79936397	1.03288
130.0989749	-1.80259885	1.03333
130.1672684	-1.80604848	1.03403
130.2356337	-1.80966262	1.03503
130.3040707	-1.81337367	1.03638
130.3725798	-1.81710162	1.03809
130.4411609	-1.82076722	1.04015
130.5098142	-1.82429147	1.04253
130.5785398	-1.82760815	1.04516
130.6473379	-1.83066573	1.04797
130.7162085	-1.83344053	1.05084
130.7851517	-1.83594054	1.05368
130.8541677	-1.83819408	1.05639
130.9232565	-1.84025777	1.05888
130.9924184	-1.84221476	1.06108
131.0616533	-1.84415632	1.06297
131.1309615	-1.84618675	1.06452
131.2003431	-1.84840727	1.06579
131.2697981	-1.85089918	1.06683
131.3393266	-1.85372522	1.06774
131.4089289	-1.85692436	1.06861
131.478605	-1.86050669	1.06957
131.548355	-1.86444481	1.07073
131.618179	-1.8686845	1.07219
131.6880772	-1.87314506	1.07403
131.7580497	-1.87773049	1.07629
131.8280966	-1.88234279	1.07898
131.898218	-1.88688273	1.08209
131.968414	-1.89125625	1.08557
132.0386848	-1.8953955	1.08933
132.1090305	-1.89925838	1.09329
132.1794512	-1.90281746	1.09736
132.2499469	-1.90607999	1.10142
132.320518	-1.90907343	1.10541
132.3911643	-1.91183754	1.10924
132.4618862	-1.91443205	1.11286
132.5326836	-1.91692419	1.11623
132.6035568	-1.91937807	1.11935
132.6745058	-1.92185261	1.12221
132.7455308	-1.92440947	1.12482
132.8166318	-1.92709413	1.12722
132.8878091	-1.92995006	1.12941
132.9590627	-1.93301894	1.13144
133.0303927	-1.93632761	1.13334
133.1017994	-1.93990232	1.13514
133.1732827	-1.94377002	1.13687
133.2448428	-1.94795662	1.13857
133.3164799	-1.95247948	1.14029
133.3881941	-1.95735778	1.14206
133.4599854	-1.96260597	1.14395
133.5318541	-1.96822718	1.14601
133.6038002	-1.97422492	1.1483
133.6758239	-1.98058335	1.15091
133.7479253	-1.98727519	1.15389
133.8201045	-1.99426747	1.15732
133.8923617	-2.0015004	1.16128
133.9646969	-2.00890363	1.16581
134.0371103	-2.01639528	1.17097
134.1096021	-2.02387796	1.17678
134.1821723	-2.03124854	1.18325
134.2548211	-2.03839639	1.19036
134.3275486	-2.04522455	1.19804
134.4003549	-2.05164907	1.20623
134.4732402	-2.05759378	1.21483
134.5462046	-2.06301777	1.2237
134.6192482	-2.06791488	1.23272
134.6923712	-2.07230559	1.24176
134.7655737	-2.07625126	1.25069
134.8388557	-2.0798353	1.25944
134.9122175	-2.08316598	1.26792
134.9856592	-2.08636921	1.27613
135.0591809	-2.08956176	1.28409
135.1327827	-2.09285499	1.29186
135.2064648	-2.09633703	1.29955
135.2802273	-2.10006164	1.30729
135.3540703	-2.10404535	1.31523
135.4279939	-2.10825794	1.32353
135.5019984	-2.11262951	1.33232
135.5760837	-2.11705752	1.34172
135.6502502	-2.12141025	1.35181
135.7244978	-2.12554237	1.36263
135.7988267	-2.12929283	1.3742
135.8732371	-2.132504	1.38646
135.9477291	-2.13503616	1.39934
136.0223028	-2.13676298	1.41273
136.0969584	-2.13758434	1.42649
136.171696	-2.1374347	1.44046
136.2465157	-2.13626972	1.4545
136.3214176	-2.13406922	1.46843
136.396402	-2.13085172	1.48208
136.4714689	-2.1266532	1.49531
136.5466184	-2.12153453	1.50795
136.6218508	-2.11557866	1.51988
136.6971661	-2.10889227	1.53095
136.7725646	-2.10159954	1.54108
136.8480462	-2.09383789	1.55016
136.9236112	-2.0857701	1.55813
136.9992597	-2.07756475	1.56496
137.0749918	-2.06939885	1.57064
137.1508077	-2.06145765	1.5752
137.2267075	-2.05391317	1.57873
137.3026914	-2.04692732	1.58132
137.3787594	-2.04064164	1.58314
137.4549118	-2.03515729	1.58437
137.5311487	-2.03053626	1.58522
137.6074702	-2.02679834	1.5859
137.6838764	-2.02391429	1.58664
137.7603675	-2.02180419	1.58764
137.8369437	-2.02034597	1.58908
137.913605	-2.01938439	1.59109
137.9903517	-2.01873673	1.59377
138.0671838	-2.0182096	1.59714
138.1441016	-2.01761288	1.60119
138.221105	-2.01676898	1.60584
138.2981944	-2.01552653	1.61098
138.3753698	-2.01376932	1.61645
138.4526314	-2.01142442	1.62208
138.5299794	-2.00845781	1.62769
138.6074138	-2.00487353	1.6331
138.6849348	-2.00072318	1.63812
138.7625425	-1.99608977	1.64262
138.8402372	-1.99108659	1.64645
138.918019	-1.9858498	1.64954
138.9958879	-1.9805298	1.65181
139.0738442	-1.97528568	1.65326
139.1518879	-1.97027404	1.65389
139.2300193	-1.96565067	1.65376
139.3082385	-1.96155277	1.65296
139.3865457	-1.95809618	1.65161
139.4649409	-1.95536499	1.64986
139.5434244	-1.95341887	1.64785
139.6219962	-1.95228159	1.64577
139.7006566	-1.95193936	1.64377
139.7794056	-1.95234764	1.64202
139.8582435	-1.95342787	1.64065
139.9371704	-1.95508868	1.63976
140.0161864	-1.9572182	1.63945
140.0952916	-1.95969847	1.63975
140.1744863	-1.9624118	1.6407
140.2537706	-1.96524945	1.64227
140.3331447	-1.96812009	1.64445
140.4126086	-1.97093936	1.6472
140.4921626	-1.97364289	1.65047
140.5718068	-1.97618057	1.65422
140.6515413	-1.9785104	1.65841
140.7313663	-1.98059385	1.66301
140.811282	-1.98239692	1.66798
140.8912885	-1.98389264	1.67329
140.971386	-1.98504534	1.67893
141.0515746	-1.98581552	1.68486
141.1318544	-1.98616799	1.69105
141.2122258	-1.98606034	1.69747
141.2926887	-1.98545421	1.70406
141.3732433	-1.98431194	1.71078
141.4538899	-1.98260626	1.71754
141.5346285	-1.98032025	1.72429
141.6154593	-1.97743602	1.73095
141.6963825	-1.97395433	1.73743
141.7773983	-1.96988703	1.74366
141.8585067	-1.96524534	1.74957
141.939708	-1.96005843	1.75506
142.0210023	-1.9543637	1.76008
142.1023898	-1.94819798	1.76455
142.1838706	-1.94161069	1.7684
142.2654449	-1.93466562	1.77155
142.3471129	-1.92744155	1.77394
142.4288747	-1.92002328	1.77552
142.5107305	-1.91251315	1.77623
142.5926804	-1.9050296	1.77605
142.6747246	-1.89769332	1.77498
142.7568633	-1.89062757	1.77304
142.8390966	-1.8839618	1.77027
142.9214247	-1.87780815	1.76678
143.0038478	-1.8722531	1.76267
143.0863659	-1.86736025	1.75808
143.1689794	-1.86315983	1.75315
143.2516883	-1.85964833	1.74803
143.3344929	-1.85679051	1.74285
143.4173932	-1.85451782	1.73774
143.5003895	-1.85273338	1.73278
143.5834819	-1.85134114	1.728
143.6666705	-1.85023831	1.72344
143.7499557	-1.84931924	1.71907
143.8333374	-1.84850449	1.71483
143.9168159	-1.84773484	1.71066
144.0003914	-1.84696703	1.70648
144.084064	-1.84618638	1.70219
144.1678339	-1.84540999	1.6977
144.2517013	-1.84466816	1.69295
144.3356663	-1.84400811	1.68786
144.4197291	-1.84349384	1.68239
144.5038899	-1.84319757	1.6765
144.5881488	-1.84319933	1.67018
144.672506	-1.84358165	1.66343
144.7569618	-1.84442418	1.65628
144.8415162	-1.84580324	1.64876
144.9261694	-1.84779079	1.64093
145.0109217	-1.85044607	1.63286
145.0957731	-1.853817	1.62463
145.1807239	-1.85793874	1.61633
145.2657742	-1.86282969	1.60806
145.3509242	-1.86848935	1.59992
145.4361741	-1.87490358	1.592
145.5215241	-1.88204754	1.58439
145.6069743	-1.88988089	1.57718
145.6925249	-1.8983525	1.57044
145.7781761	-1.90740283	1.56424
145.8639281	-1.91696555	1.55863
145.949781	-1.92696859	1.55366
146.035735	-1.93733424	1.54936
146.1217904	-1.94798536	1.54575
146.2079472	-1.95883899	1.54285
146.2942057	-1.96981116	1.54065
146.380566	-1.98081975	1.53914
146.4670283	-1.99178739	1.53828
146.5535929	-2.00264475	1.53803
146.6402598	-2.01333557	1.53832
146.7270293	-2.02381948	1.53909
146.8139015	-2.03406516	1.54027
146.9008767	-2.04406524	1.54177
146.9879549	-2.05383367	1.54353
147.0751365	-2.06339149	1.5455
147.1624216	-2.07277482	1.54763
147.2498103	-2.08202124	1.54992
147.3373028	-2.09116349	1.55236
147.4248994	-2.10022642	1.55498
147.5126003	-2.10922818	1.55779
147.6004055	-2.11816637	1.56086
147.6883153	-2.1270149	1.56421
147.7763299	-2.13573703	1.56788
147.8644495	-2.14428115	1.57188
147.9526742	-2.15258461	1.57622
148.0410042	-2.16057789	1.58087
148.1294398	-2.16819786	1.58578
148.2179811	-2.17539665	1.59087
148.3066284	-2.18214398	1.59606
148.3953817	-2.18842119	1.60126
148.4842413	-2.19423735	1.60635
148.5732074	-2.19962863	1.61124
148.6622802	-2.20464842	1.61584
148.7514598	-2.209361	1.62009
148.8407465	-2.21385028	1.62391
148.9301405	-2.21820835	1.62729
149.0196419	-2.22252593	1.6302
149.1092509	-2.22690104	1.63265
149.1989677	-2.23142283	1.63467
149.2887926	-2.23618003	1.63629
149.3787258	-2.24124992	1.63759
149.4687673	-2.2466994	1.63863
149.5589174	-2.25257828	1.63953
149.6491764	-2.25890779	1.64039
149.7395444	-2.26569477	1.64132
149.8300215	-2.27291707	1.64245
149.9206081	-2.28052196	1.64389
150.0113043	-2.28842696	1.64575
150.1021103	-2.29652289	1.6481
150.1930263	-2.3046879	1.65098
150.2840525	-2.31278335	1.65441
150.3751891	-2.32066816	1.65834
150.4664362	-2.32821548	1.66269
150.5577942	-2.33532692	1.66732
150.6492632	-2.34193583	1.67209
150.7408435	-2.34801926	1.6768
150.8325351	-2.35361212	1.68127
150.9243383	-2.3587881	1.68534
151.0162534	-2.36366601	1.68885
151.1082804	-2.3684123	1.69169
151.2004198	-2.37320955	1.69383
151.2926715	-2.37824364	1.69527
151.3850359	-2.38369723	1.69608
151.4775131	-2.38972981	1.69638
151.5701034	-2.3964644	1.69634
151.6628069	-2.40397426	1.69616
151.7556239	-2.4122857	1.69604
151.8485546	-2.42137287	1.6962
151.9415992	-2.43115491	1.69683
152.0347579	-2.44151489	1.69808
152.1280308	-2.45230053	1.70008
152.2214183	-2.46334077	1.70288
152.3149205	-2.47446378	1.7065
152.4085377	-2.48550388	1.7109
152.50227	-2.49631146	1.71601
152.5961177	-2.50676879	1.7217
152.6900809	-2.5167908	1.72785
152.7841599	-2.52633032	1.73429
152.878355	-2.5353826	1.74088
152.9726662	-2.54397817	1.74747
153.0670939	-2.55217278	1.75396
153.1616382	-2.56005066	1.76023
153.2562995	-2.56770999	1.76625
153.3510777	-2.57525135	1.77197
153.4459733	-2.58277841	1.77741
153.5409864	-2.59038586	1.78259
153.6361173	-2.5981508	1.78759
153.7313661	-2.6061306	1.79247
153.826733	-2.61436183	1.79734
153.9222184	-2.6228455	1.8023
154.0178224	-2.63155992	1.80744
154.1135452	-2.64045967	1.81285
154.2093871	-2.6494751	1.8186
154.3053482	-2.65851683	1.82474
154.4014289	-2.66747805	1.83129
154.4976293	-2.6762562	1.83821
154.5939496	-2.68475668	1.84546
154.6903901	-2.6928916	1.85295
154.786951	-2.7006054	1.86055
154.8836326	-2.70787018	1.86814
154.980435	-2.71469693	1.87555
155.0773584	-2.72113949	1.88265
155.1744032	-2.72728733	1.8893
155.2715695	-2.7332645	1.89541
155.3688576	-2.73921287	1.90092
155.4662677	-2.74529556	1.9058
155.5638	-2.75167592	1.9101
155.6614547	-2.75849688	1.9139
155.7592321	-2.76588594	1.91731
155.8571324	-2.77393605	1.9205
155.9551559	-2.78269534	1.92364
156.0533028	-2.79217494	1.92691
156.1515732	-2.802338	1.9305
156.2499675	-2.81311418	1.93455
156.3484859	-2.82439705	1.93922
156.4471286	-2.83605762	1.94458
156.5458959	-2.84796077	1.95071
156.6447879	-2.85994835	1.95765
156.743805	-2.8718676	1.96537
156.8429473	-2.88358326	1.97383
156.9422151	-2.8949575	1.98298
157.0416087	-2.90587282	1.99269
157.1411282	-2.91623888	2.00285
157.2407739	-2.92598637	2.0133
157.3405461	-2.93508445	2.02387
157.440445	-2.94354151	2.03438
157.5404708	-2.95140407	2.04466
157.6406238	-2.95875884	2.05454
157.7409043	-2.96573268	2.06388
157.8413123	-2.97249331	2.07256
157.9418483	-2.97923281	2.08054
158.0425125	-2.98615473	2.08781
158.143305	-2.99345979	2.09445
158.2442262	-3.0013253	2.10058
158.3452763	-3.00989854	2.10638
158.4464555	-3.01927518	2.11208
158.5477641	-3.02949608	2.11792
158.6492024	-3.04053332	2.12418
158.7507705	-3.05229406	2.13109
158.8524687	-3.06462259	2.13889
158.9542974	-3.0773071	2.14773
159.0562566	-3.09010795	2.15771
159.1583468	-3.10275681	2.16887
159.2605681	-3.11498497	2.18114
159.3629208	-3.12654168	2.1944
159.4654051	-3.13721626	2.20842
159.5680213	-3.14686722	2.22293
159.6707697	-3.15541425	2.23764
159.7736505	-3.16285445	2.25221
159.8766639	-3.16927509	2.26632
159.9798103	-3.1748452	2.27968
160.0830898	-3.17979582	2.29208
160.1865028	-3.18440651	2.30336
160.2900495	-3.18898737	2.31347
160.3937301	-3.19385173	2.32244
160.497545	-3.19929757	2.3304
160.6014943	-3.20557793	2.33757
160.7055784	-3.2128832	2.34423
160.8097974	-3.22132915	2.35071
160.9141517	-3.23094802	2.35736
161.0186416	-3.24168706	2.36453
161.1232672	-3.25340611	2.37255
161.2280289	-3.26590127	2.38167
161.3329269	-3.27891043	2.39212
161.4379615	-3.292129	2.40401
161.543133	-3.30523255	2.4174
161.6484415	-3.31789296	2.43223
161.7538875	-3.32980739	2.44837
161.8594711	-3.34070918	2.46561
161.9651926	-3.35038216	2.48368
162.0710524	-3.35868154	2.50224
162.1770506	-3.36554316	2.52094
162.2831875	-3.37098445	2.53941
162.3894635	-3.37510276	2.55731
162.4958788	-3.37806958	2.57432
162.6024336	-3.38012684	2.59018
162.7091282	-3.38156564	2.60471
162.815963	-3.38270652	2.61781
162.9229381	-3.38388109	2.62947
163.030054	-3.38540946	2.63977
163.1373107	-3.38758022	2.64887
163.2447087	-3.39063233	2.657
163.3522482	-3.39474765	2.66443
163.4599294	-3.4000403	2.67148
163.5677527	-3.40654583	2.67848
163.6757184	-3.41422559	2.68575
163.7838267	-3.42297505	2.69358
163.8920778	-3.4326349	2.70222
164.0004722	-3.44299472	2.71188
164.1090101	-3.45380823	2.72269
164.2176917	-3.46481914	2.73471
164.3265173	-3.47576726	2.74795
164.4354873	-3.48640178	2.76234
164.5446019	-3.49650527	2.77775
164.6538614	-3.50588924	2.79403
164.7632661	-3.5144113	2.81095
164.8728163	-3.52198595	2.82829
164.9825123	-3.52858171	2.8458
165.0923543	-3.53421518	2.86327
165.2023427	-3.53894335	2.88048
165.3124777	-3.54287373	2.89724
165.4227597	-3.54613683	2.91343
165.533189	-3.54887669	2.92894
165.6437657	-3.55124778	2.94372
165.7544903	-3.55339869	2.95775
165.865363	-3.5554715	2.97104
165.9763842	-3.55758931	2.98364
166.087554	-3.55985389	2.9956
166.1988729	-3.56236201	3.00697
166.3103411	-3.56518794	3.01785
166.421959	-3.56839307	3.02829
166.5337267	-3.57203329	3.03839
166.6456447	-3.5761498	3.04823
166.7577132	-3.58076552	3.05793
166.8699325	-3.58588411	3.06758
166.982303	-3.59149269	3.0773
167.0948249	-3.59754895	3.0872
167.2074986	-3.60397877	3.09739
167.3203243	-3.61068015	3.10794
167.4333024	-3.61753566	3.11889
167.5464332	-3.62441845	3.13024
167.6597169	-3.63119909	3.14195
167.773154	-3.63776807	3.15391
167.8867446	-3.64405086	3.16599
168.0004892	-3.6500074	3.17803
168.114388	-3.65565666	3.18983
168.2284413	-3.66106954	3.20124
168.3426495	-3.6663619	3.2121
168.4570128	-3.67169004	3.22232
168.5715317	-3.67723417	3.23184
168.6862064	-3.68318398	3.24068
168.8010372	-3.68972009	3.2489
168.9160244	-3.69700581	3.25662
169.0311684	-3.70516614	3.26401
169.1464695	-3.71427842	3.27126
169.261928	-3.72437838	3.27856
169.3775442	-3.73545988	3.28611
169.4933185	-3.74746836	3.2941
169.6092512	-3.76031787	3.30267
169.7253425	-3.77389808	3.31195
169.8415929	-3.78808927	3.322
169.9580027	-3.80277165	3.33288
170.0745721	-3.81782362	3.3446
170.1913016	-3.83314114	3.35714
170.3081914	-3.84863858	3.37047
170.4252418	-3.86425254	3.38454
170.5424533	-3.87994339	3.39931
170.6598261	-3.89568064	3.41476
170.7773606	-3.91143717	3.43087
170.8950571	-3.92719701	3.44762
171.0129159	-3.94294191	3.46503
171.1309374	-3.95863688	3.48312
171.2491219	-3.97423353	3.50191
171.3674698	-3.98966452	3.52142
171.4859813	-4.00485542	3.54163
171.6046569	-4.01972593	3.56253
171.7234968	-4.03418549	3.58407
171.8425015	-4.04816232	3.60615
171.9616712	-4.06159639	3.62869
172.0810064	-4.07445555	3.65153
172.2005072	-4.0867481	3.67455
172.3201742	-4.09850268	3.69762
172.4400076	-4.10978793	3.7206
172.5600077	-4.12069839	3.74341
172.680175	-4.13135078	3.76596
172.8005098	-4.14187497	3.78824
172.9210124	-4.15239559	3.81025
173.0416832	-4.16303065	3.83204
173.1625226	-4.17388007	3.85368
173.2835308	-4.18502198	3.87527
173.4047083	-4.19650035	3.89693
173.5260553	-4.20833333	3.91876
173.6475723	-4.22051299	3.94088
173.7692597	-4.23300304	3.96338
173.8911177	-4.24575418	3.98633
174.0131467	-4.25870178	4.00979
174.1353471	-4.27177936	4.03377
174.2577193	-4.28492505	4.05828
174.3802635	-4.29809207	4.08328
174.5029803	-4.31124632	4.10876
174.6258699	-4.32436904	4.13466
174.7489327	-4.33746566	4.16095
174.8721691	-4.35055921	4.18759
174.9955794	-4.36367791	4.21459
175.119164	-4.37685772	4.24193
175.2429233	-4.39013453	4.26966
175.3668577	-4.40352904	4.29781
175.4909674	-4.41705927	4.32643
175.615253	-4.43071714	4.3556
175.7397147	-4.44448065	4.38535
175.864353	-4.45831839	4.41574
175.9891682	-4.47219079	4.44678
176.1141607	-4.48605371	4.4785
176.2393308	-4.49987235	4.51086
176.364679	-4.51362477	4.54386
176.4902057	-4.5273109	4.57743
176.6159111	-4.54095881	4.61156
176.7417958	-4.55460911	4.64622
176.86786	-4.56832523	4.68141
176.9941042	-4.58218695	4.71715
177.1205287	-4.5962827	4.75351
177.247134	-4.61068075	4.79062
177.3739204	-4.6254353	4.8286
177.5008883	-4.64057026	4.86766
177.6280381	-4.656062	4.90799
177.7553703	-4.67184759	4.94981
177.8828851	-4.68780717	4.99334
178.0105829	-4.70377373	5.03876
178.1384643	-4.71954747	5.08622
178.2665295	-4.73489456	5.13584
178.394779	-4.74956154	5.18767
178.5232131	-4.76329732	5.24171
178.6518324	-4.77585882	5.29792
178.780637	-4.78702181	5.35621
178.9096276	-4.79659357	5.41646
179.0388044	-4.8044124	5.47854
179.1681679	-4.81034572	5.54231
179.2977184	-4.81430043	5.60762
179.4274565	-4.81620385	5.67438
179.5573824	-4.81598567	5.7425
179.6874966	-4.8135874	5.81191
179.8177996	-4.80893789	5.8826
179.9482917	-4.80194109	5.95456
180.0789732	-4.79246193	6.02783
180.2098448	-4.78031025	6.10243
180.3409067	-4.76525071	6.17836
180.4721593	-4.74698837	6.25561
180.6036032	-4.72516823	6.33409
180.7352387	-4.69939766	6.41362
180.8670662	-4.66925664	6.49392
180.9990861	-4.63433884	6.57454
181.131299	-4.59428262	6.65493
181.2637051	-4.54880087	6.73437
181.3963049	-4.49773905	6.81201
181.5290989	-4.44110365	6.88692
181.6620874	-4.37909409	6.9581
181.795271	-4.31211597	7.02458
181.9286499	-4.24078233	7.08543
182.0622248	-4.16590601	7.13986
182.1959959	-4.08846422	7.18726
182.3299637	-4.00955167	7.22726
182.4641287	-3.93031888	7.25975
182.5984913	-3.85191488	7.28488
182.7330519	-3.7754301	7.30306
182.867811	-3.70183596	7.31494
183.002769	-3.63193367	7.32136
183.1379263	-3.56632938	7.32328
183.2732835	-3.50540988	7.32176
183.4088408	-3.44933895	7.31785
183.5445989	-3.3980749	7.31257
183.680558	-3.35139198	7.30684
183.8167188	-3.30890654	7.30147
183.9530815	-3.27012374	7.29708
184.0896468	-3.2344736	7.29416
184.2264149	-3.20135415	7.29298
184.3633864	-3.17018403	7.29367
184.5005618	-3.14041329	7.29623
184.6379414	-3.11155784	7.30051
184.7755257	-3.08323415	7.30627
184.9133153	-3.05515311	7.31324
185.0513105	-3.0271273	7.32109
185.1895119	-2.99906985	7.32952
185.3279198	-2.97098508	7.33823
185.4665347	-2.94295323	7.347
185.6053572	-2.91511734	7.35564
185.7443876	-2.88766303	7.36408
185.8836265	-2.86078274	7.37232
186.0230743	-2.8346733	7.38043
186.1627315	-2.80951007	7.38859
186.3025985	-2.78541013	7.39706
186.4426759	-2.76242286	7.40614
186.582964	-2.74051988	7.41618
186.7234634	-2.71956862	7.42756
186.8641746	-2.69933767	7.44061
187.005098	-2.67950151	7.45564
187.1462342	-2.65964526	7.47286
187.2875835	-2.6392963	7.49237
187.4291465	-2.61794574	7.51415
187.5709237	-2.59507812	7.53803
187.7129155	-2.57022596	7.56367
187.8551225	-2.54299627	7.59064
187.9975451	-2.51309701	7.61837
188.1401838	-2.48037774	7.64622
188.2830392	-2.44484109	7.67352
188.4261116	-2.40664298	7.69962
188.5694016	-2.36609432	7.72391
188.7129098	-2.3236403	7.74591
188.8566365	-2.27982386	7.76527
189.0005823	-2.23526232	7.7818
189.1447477	-2.19059103	7.79553
189.2891333	-2.14641585	7.80665
189.4337394	-2.10327113	7.81555
189.5785666	-2.06157058	7.82276
189.7236155	-2.02157503	7.82893
189.8688865	-1.98335674	7.83478
190.0143801	-1.94680021	7.841
190.1600969	-1.91161502	7.84824
190.3060373	-1.87733819	7.85705
190.4522019	-1.84337642	7.86779
190.5985912	-1.8090612	7.88063
190.7452058	-1.77370723	7.89551
190.892046	-1.73665224	7.9122
191.0391125	-1.69732349	7.93021
191.1864058	-1.65528812	7.94895
191.3339264	-1.61027213	7.96769
191.4816749	-1.5621929	7.98566
191.6296517	-1.51115515	8.0021
191.7778574	-1.45744345	8.01631
191.9262925	-1.40149477	8.02772
192.0749575	-1.34384627	8.03593
192.2238531	-1.28510587	8.04068
192.3729796	-1.22589708	8.04195
192.5223378	-1.1667987	8.03987
192.671928	-1.10831803	8.03473
192.8217509	-1.05084239	8.02696
192.971807	-0.99462041	8.01704
193.1220968	-0.939753	8.0055
193.2726208	-0.88619236	7.99283
193.4233798	-0.83376313	7.97946
193.574374	-0.78218744	7.96571
193.7256043	-0.73111678	7.95178
193.877071	-0.68017496	7.93771
194.0287747	-0.62900313	7.92341
194.180716	-0.57728284	7.90868
194.3328955	-0.52477136	7.8932
194.4853137	-0.47131346	7.87662
194.6379712	-0.416845	7.85853
194.7908685	-0.36140119	7.83853
194.9440062	-0.30509734	7.81625
195.0973849	-0.24811282	7.79136
195.2510051	-0.1906753	7.76358
195.4048675	-0.13303678	7.73269
195.5589725	-0.07547161	7.69848
195.7133208	-0.018269	7.6608
195.8679129	0.0382672	7.61949
196.0227494	0.09381886	7.57444
196.177831	0.14803978	7.5255
196.3331581	0.20053847	7.47257
196.4887314	0.25088186	7.41556
196.6445514	0.29857783	7.35442
196.8006187	0.34307987	7.28918
196.956934	0.3838054	7.21997
197.1134978	0.42014557	7.14702
197.2703107	0.45150205	7.07073
197.4273733	0.47731639	6.9916
197.5846862	0.49709402	6.91029
197.74225	0.51045041	6.82758
197.9000653	0.51713748	6.74434
198.0581327	0.51705345	6.66148
198.2164528	0.51025761	6.57995
198.3750262	0.4969764	6.50066
198.5338535	0.47757704	6.42444
198.6929354	0.45255031	6.35204
198.8522724	0.42248924	6.28408
199.0118652	0.38805022	6.22104
199.1717143	0.3499296	6.16328
199.3318205	0.30883486	6.11101
199.4921842	0.26546346	6.06434
199.6528062	0.22047547	6.02324
199.813687	0.17449249	5.98765
199.9748274	0.12809428	5.95739
200.1362278	0.081801	5.93225
200.297889	0.0360908	5.91198
200.4598116	-0.00860412	5.89628
200.6219962	-0.05189995	5.88482
200.7844434	-0.09346306	5.87723
200.9471539	-0.1330186	5.87311
201.1101283	-0.17034915	5.87205
201.2733673	-0.20529522	5.87362
201.4368715	-0.23776362	5.87738
201.6006416	-0.26773708	5.88289
201.7646782	-0.29526543	5.88976
201.928982	-0.32044733	5.89764
202.0935535	-0.34343679	5.90621
202.2583936	-0.36442044	5.91526
202.4235027	-0.38358353	5.92464
202.5888817	-0.40110317	5.93426
202.7545311	-0.41713438	5.94409
202.9204516	-0.43178522	5.95416
203.0866439	-0.44511723	5.96449
203.2531086	-0.45714474	5.97513
203.4198465	-0.46783307	5.98609
203.5868581	-0.47712237	5.99734
203.7541442	-0.48494171	6.00881
203.9217055	-0.49121263	6.0204
204.0895425	-0.49586742	6.03194
204.2576561	-0.4988769	6.04322
204.4260469	-0.50024717	6.05403
204.5947155	-0.50002222	6.06413
204.7636627	-0.49829102	6.07329
204.9328891	-0.49518142	6.08129
205.1023955	-0.49085935	6.08793
205.2721826	-0.48551854	6.09305
205.4422509	-0.47936962	6.09652
205.6126013	-0.47263672	6.09824
205.7832345	-0.46555536	6.09814
205.9541511	-0.45835777	6.0962
206.1253518	-0.45127299	6.0924
206.2968374	-0.4445279	6.08676
206.4686086	-0.43835263	6.07929
206.6406661	-0.43298146	6.07005
206.8130105	-0.42864236	6.05911
206.9856427	-0.42557207	6.04655
207.1585633	-0.42401163	6.0325
207.3317731	-0.4241962	6.01712
207.5052728	-0.42635611	6.00061
207.6790631	-0.43069575	5.98324
207.8531448	-0.43738994	5.96529
208.0275185	-0.44657758	5.94711
208.2021851	-0.45833694	5.92908
208.3771452	-0.47268542	5.91159
208.5523996	-0.48957579	5.89504
208.727949	-0.50889533	5.87981
208.9037943	-0.53047326	5.86625
209.0799361	-0.55409314	5.85466
209.2563751	-0.57950097	5.8453
209.4331122	-0.60642647	5.83835
209.6101481	-0.63459192	5.83397
209.7874836	-0.66371709	5.83225
209.9651193	-0.69355094	5.83323
210.1430562	-0.72385711	5.83698
210.3212949	-0.75439876	5.84354
210.4998362	-0.78495533	5.85294
210.6786808	-0.81529088	5.86527
210.8578297	-0.84514092	5.88058
211.0372835	-0.87420965	5.89895
211.217043	-0.902139	5.92044
211.3971089	-0.92852913	5.94502
211.5774822	-0.95294216	5.97263
211.7581635	-0.97490882	6.00308
211.9391537	-0.99397094	6.03606
212.1204536	-1.00970804	6.07114
212.3020639	-1.02177207	6.10776
212.4839854	-1.02992887	6.14525
212.666219	-1.03408414	6.18288
212.8487654	-1.03429759	6.21989
213.0316255	-1.03079011	6.25554
213.2148	-1.02394223	6.28915
213.3982898	-1.01426473	6.32018
213.5820957	-1.00237208	6.34821
213.7662186	-0.98893663	6.37304
213.9506591	-0.97463295	6.39463
214.1354182	-0.96010628	6.41312
214.3204967	-0.94592167	6.42882
214.5058953	-0.93253071	6.44215
214.6916151	-0.92024941	6.45362
214.8776566	-0.9092464	6.46376
215.0640209	-0.89955955	6.47307
215.2507088	-0.89111012	6.48201
215.437721	-0.88372003	6.49095
215.6250585	-0.87715966	6.50013
215.812722	-0.87117134	6.50972
216.0007125	-0.86550552	6.51974
216.1890308	-0.85994898	6.53017
216.3776778	-0.85433531	6.5409
216.5666543	-0.84855175	6.55182
216.7559611	-0.84254957	6.56276
216.9455992	-0.83633528	6.57362
217.1355694	-0.82994964	6.58429
217.3258726	-0.82347246	6.59471
217.5165097	-0.81699438	6.60488
217.7074815	-0.81060646	6.61483
217.8987889	-0.80439011	6.62465
218.0904329	-0.79839148	6.63448
218.2824142	-0.79261694	6.64447
218.4747339	-0.78703003	6.6548
218.6673927	-0.78152922	6.66567
218.8603916	-0.77594945	6.67724
219.0537315	-0.77006443	6.68965
219.2474133	-0.76360556	6.70294
219.4414379	-0.7562706	6.71712
219.6358063	-0.74773493	6.73207
219.8305192	-0.73769439	6.74757
220.0255777	-0.72588136	6.76331
220.2209826	-0.71210185	6.77886
220.416735	-0.69625197	6.79376
220.6128356	-0.67833297	6.80747
220.8092855	-0.6584696	6.81946
221.0060856	-0.6369065	6.82921
221.2032368	-0.61400259	6.83627
221.40074	-0.59020653	6.84028
221.5985962	-0.56603712	6.84098
221.7968064	-0.54206198	6.83823
221.9953715	-0.51886939	6.83202
222.1942925	-0.49703657	6.82247
222.3935702	-0.47711855	6.80979
222.5932057	-0.45962389	6.79433
222.7932	-0.44498996	6.77651
222.9935539	-0.43359253	6.75681
223.1942686	-0.42572497	6.73581
223.3953449	-0.42158177	6.71412
223.5967838	-0.42126829	6.69238
223.7985863	-0.42478391	6.67128
224.0007534	-0.43200519	6.65151
224.2032861	-0.44269387	6.63373
224.4061854	-0.45649133	6.61858
224.6094522	-0.47292287	6.60661
224.8130876	-0.49141642	6.59828
225.0170926	-0.51132109	6.59392
225.2214682	-0.53192912	6.59373
225.4262153	-0.55251287	6.59773
225.6313351	-0.57236318	6.6058
225.8368285	-0.59081591	6.61767
226.0426965	-0.60728176	6.63295
226.2489402	-0.6212603	6.65116
226.4555606	-0.63235488	6.67174
226.6625588	-0.64027895	6.6941
226.8699357	-0.64483955	6.71765
227.0776924	-0.64593433	6.74178
227.28583	-0.64354505	6.76591
227.4943495	-0.63772487	6.78947
227.703252	-0.62858555	6.81193
227.9125384	-0.61629711	6.83275
228.12221	-0.60110207	6.85141
228.3322676	-0.58331455	6.86742
228.5427125	-0.56331114	6.88034
228.7535457	-0.54154465	6.88974
228.9647682	-0.51854396	6.89529
229.1763811	-0.49489009	6.89674
229.3883855	-0.47121382	6.89393
229.6007826	-0.44817738	6.88683
229.8135733	-0.42644366	6.87554
230.0267589	-0.40664845	6.86029
230.2403403	-0.38937944	6.84142
230.4543187	-0.37514975	6.81939
230.6686952	-0.36437671	6.79473
230.8834709	-0.35737859	6.76802
231.098647	-0.35437074	6.73987
231.3142245	-0.355469	6.71089
231.5302045	-0.36069637	6.68168
231.7465883	-0.36998801	6.65281
231.9633769	-0.38321831	6.62478
232.1805715	-0.40020853	6.59808
232.3981732	-0.42073091	6.57313
232.6161831	-0.4445303	6.55031
232.8346025	-0.4713166	6.52998
233.0534324	-0.50077141	6.51244
233.2726741	-0.53254827	6.49798
233.4923286	-0.56626477	6.48684
233.7123972	-0.6015069	6.47922
233.932881	-0.63783206	6.47526
234.1537812	-0.67476975	6.47505
234.375099	-0.71183114	6.47859
234.5968356	-0.74851266	6.48582
234.8189921	-0.7843264	6.49653
235.0415697	-0.81882161	6.51046
235.2645698	-0.85159719	6.52722
235.4879933	-0.88233393	6.54635
235.7118417	-0.91081812	6.5673
235.936116	-0.93696176	6.5895
236.1608174	-0.96080885	6.61237
236.3859474	-0.98252289	6.6354
236.6115069	-1.00238502	6.65811
236.8374973	-1.02077208	6.68018
237.0639198	-1.03811642	6.7014
237.2907757	-1.0548667	6.72175
237.5180661	-1.07143279	6.74135
237.7457924	-1.08816369	6.76044
237.9739558	-1.10529747	6.77941
238.2025575	-1.12293035	6.79868
238.4315989	-1.14101757	6.81869
238.6610812	-1.15937384	6.83983
238.8910056	-1.17769441	6.8624
239.1213734	-1.19559072	6.88656
239.352186	-1.21262596	6.91233
239.5834446	-1.22836925	6.93953
239.8151505	-1.24245751	6.96783
240.047305	-1.25462216	6.99679
240.2799095	-1.26472948	7.02585
240.5129651	-1.27281113	7.05443
240.7464733	-1.27904286	7.082
240.9804353	-1.2837416	7.10806
241.2148526	-1.28734692	7.13226
241.4497263	-1.29036122	7.15441
241.6850579	-1.29331063	7.17447
241.9208486	-1.29670505	7.19257
242.1570999	-1.30098401	7.209
242.3938131	-1.3064889	7.22414
242.6309895	-1.31343834	7.23847
242.8686305	-1.32191326	7.25248
243.1067375	-1.3318605	7.26666
243.3453118	-1.34309527	7.28144
243.5843548	-1.3553379	7.29713
243.8238679	-1.3682392	7.31395
244.0638525	-1.3814093	7.33196
244.30431	-1.39446511	7.35108
244.5452417	-1.40706564	7.37109
244.7866491	-1.41894815	7.39165
245.0285337	-1.42995545	7.41233
245.2708967	-1.44006374	7.43263
245.5137396	-1.44939496	7.45205
245.7570639	-1.45822037	7.47011
246.000871	-1.46693585	7.48645
246.2451624	-1.47604676	7.50078
246.4899393	-1.48614074	7.51301
246.7352035	-1.49781899	7.52323
246.9809561	-1.51166738	7.53168
247.2271989	-1.52821267	7.5388
247.4739331	-1.5478563	7.54519
247.7211603	-1.57085186	7.55152
247.9688819	-1.59729261	7.55853
248.2170995	-1.6270855	7.56697
248.4658146	-1.65997402	7.57749
248.7150285	-1.69556399	7.59066
248.9647429	-1.733356	7.60687
249.2149592	-1.77280245	7.62634
249.465679	-1.81335583	7.6491
249.7169038	-1.85452741	7.675
249.968635	-1.89593142	7.70376
250.2208743	-1.93731812	7.735
250.4736232	-1.97859559	7.76831
250.7268832	-2.01982076	7.80332
250.9806558	-2.06119098	7.83972
251.2349427	-2.10299866	7.87738
251.4897454	-2.14558533	7.91629
251.7450655	-2.18929006	7.95666
252.0009045	-2.23438489	7.99884
252.257264	-2.28103939	8.04332
252.5141456	-2.32928108	8.09068
252.771551	-2.37897026	8.14154
253.0294817	-2.42980521	8.19647
253.2879393	-2.48134121	8.25597
253.5469255	-2.53301925	8.3204
253.8064418	-2.58420913	8.38997
254.0664899	-2.63425788	8.46471
254.3270714	-2.68252829	8.54451
254.5881881	-2.72844162	8.62909
254.8498414	-2.7715068	8.71809
255.1120332	-2.81132308	8.81107
255.3747649	-2.84760077	8.90753
255.6380384	-2.88015124	9.00699
255.9018553	-2.90887273	9.10896
256.1662173	-2.93374078	9.21299
256.431126	-2.95480453	9.31863
256.6965832	-2.97218224	9.42549
256.9625906	-2.98604702	9.53321
257.2291499	-2.99663909	9.64146
257.4962627	-3.00426707	9.74998
257.7639309	-3.00929874	9.85859
258.0321562	-3.01215565	9.96721
258.3009402	-3.01329713	10.0759
258.5702848	-3.01318356	10.1849
258.8401917	-3.01217541	10.2947
259.1106627	-3.01059215	10.4057
259.3816995	-3.00861703	10.5188
259.653304	-3.00617965	10.6348
259.9254778	-3.00302297	10.7546
260.1982229	-2.99865418	10.8791
260.4715409	-2.99229706	11.0092
260.7454337	-2.98294627	11.1455
261.0199032	-2.96941033	11.2885
261.2949511	-2.95036854	11.4383
261.5705793	-2.92438453	11.5949
261.8467895	-2.89000458	11.7577
262.1235838	-2.84583667	11.926
262.4009638	-2.79064801	12.0985
262.6789315	-2.72337543	12.274
262.9574888	-2.64316544	12.4507
263.2366374	-2.54952946	12.6268
263.5163794	-2.44227652	12.8004
263.7967166	-2.32152368	12.9696
264.0776509	-2.18778249	13.1324
264.3591841	-2.04200021	13.2871
264.6413183	-1.88593923	13.432
264.9240554	-1.7261944	13.5657
265.2068299	-1.52054335	13.6872
265.4907773	-1.34424862	13.7956
265.7753333	-1.15554545	13.8902
266.0605	-0.9611857	13.9709
266.3462793	-0.76333763	14.0374
266.6326731	-0.5636098	14.0898
266.9196835	-0.36332983	14.1283
267.2073125	-0.1637051	14.1531
267.495562	0.03419585	14.1646
267.7844341	0.22932737	14.1629
268.0739308	0.42061769	14.1484
268.3640541	0.60702762	14.1214
268.6548061	0.78747966	14.0823
268.9461887	0.96082917	14.0315
269.2382041	1.12583758	13.9696
269.5308543	1.28126686	13.8975
269.8241415	1.4259358	13.8163
270.1180675	1.55876514	13.7274
270.4126347	1.67880406	13.6324
270.707845	1.78545776	13.5335
271.0037005	1.87848409	13.4326
271.3002035	1.9579444	13.332
271.597356	2.02442118	13.234
271.8951601	2.07893931	13.1406
272.193618	2.12283015	13.0535
272.4927319	2.15781471	12.9743
272.7925039	2.18581514	12.9037
273.0929361	2.20883904	12.8423
273.3940309	2.22889099	12.7898
273.6957903	2.24774051	12.7456
273.9982166	2.26693755	12.7087
274.3013119	2.28768964	12.6777
274.6050786	2.3107688	12.651
274.9095188	2.33654857	12.627
275.2146349	2.36491866	12.6039
275.5204289	2.39529489	12.5803
275.8269032	2.42687536	12.5552
276.1340601	2.45859218	12.5276
276.4419019	2.48912075	12.4971
276.7504308	2.51711428	12.4638
277.0596492	2.54138082	12.4283
277.3695593	2.56080312	12.3912
277.6801635	2.57446324	12.3539
277.9914641	2.58189394	12.3179
278.3034635	2.5828897	12.2846
278.616164	2.57758081	12.2558
278.9295681	2.56658958	12.2332
279.2436779	2.55089217	12.2182
279.5584961	2.53172212	12.212
279.8740248	2.51059367	12.2156
280.1902667	2.48919901	12.2295
280.507224	2.46936365	12.254
280.8248992	2.45290399	12.2887
281.1432948	2.44161776	12.3332
281.4624132	2.43714491	12.3862
281.7822568	2.4408447	12.4465
282.1028282	2.45384703	12.5124
282.4241298	2.47698557	12.5822
282.7461642	2.51074145	12.6538
283.0689338	2.55514617	12.7252
283.3924411	2.60994967	12.7946
283.7166888	2.67460411	12.8601
284.0416793	2.74818889	12.92
284.3674151	2.82956214	12.973
284.693899	2.917397	13.0179
285.0211333	3.01018065	13.0539
285.3491208	3.10635985	13.0806
285.6778641	3.20442584	13.0979
286.0073656	3.30290279	13.1059
286.3376282	3.40040805	13.1051
286.6686543	3.49581099	13.0963
287.0004468	3.58815263	13.0802
287.3330081	3.67668777	13.0579
287.6663411	3.76091643	13.0303
288.0004483	3.84055935	12.9985
288.3353326	3.9155392	12.9633
288.6709965	3.98587702	12.9255
289.0074429	4.05173285	12.8858
289.3446744	4.11334222	12.8447
289.6826939	4.17097036	12.8026
290.0215041	4.22485655	12.7597
290.3611077	4.27518771	12.7162
290.7015076	4.32217533	12.6723
291.0427066	4.36592986	12.6279
291.3847074	4.40655749	12.5833
291.7275129	4.44419044	12.5384
292.071126	4.47891331	12.4933
292.4155495	4.51074006	12.4478
292.7607863	4.53970342	12.4021
293.1068392	4.56576938	12.3558
293.4537112	4.58881039	12.309
293.8014052	4.60861787	12.2613
294.1499241	4.62481292	12.2127
294.4992708	4.63696489	12.1631
294.8494483	4.64447603	12.1125
295.2004595	4.64673362	12.0613
295.5523075	4.64311348	12.0098
295.9049952	4.63297199	11.9587
296.2585257	4.61573579	11.9088
296.6129019	4.5909896	11.8613
296.9681269	4.55854907	11.8174
297.3242038	4.51839959	11.7784
297.6811357	4.4708103	11.7458
298.0389255	4.41624748	11.7208
298.3975764	4.35546741	11.705
298.7570916	4.28949565	11.6994
299.1174741	4.21947639	11.7051
299.4787271	4.1468043	11.723
299.8408537	4.07299168	11.7536
300.2038571	3.99964348	11.7973
300.5677406	3.92838532	11.854
300.9325073	3.86078559	11.9235
301.2981604	3.79838794	12.0053
301.6647032	3.74260796	12.0986
302.0321389	3.69473968	12.2025
302.4004707	3.65587257	12.3157
302.7697021	3.62681233	12.4369
303.1398362	3.60817739	12.5648
303.5108764	3.60040115	12.698
303.882826	3.60356219	12.8349
304.2556883	3.61756469	12.9745
304.6294668	3.64213901	13.1154
305.0041648	3.67679578	13.2568
305.3797857	3.72104517	13.398
305.7563329	3.77436508	13.5385
306.1338099	3.83624099	13.678
306.51222	3.90626856	13.8165
306.8915668	3.9842395	13.9541
307.2718538	4.07011409	14.0909
307.6530844	4.16407049	14.2271
308.0352621	4.26643809	14.3626
308.4183905	4.377691	14.4974
308.8024732	4.49843949	14.6311
309.1875137	4.62928296	14.7631
309.5735156	4.77080154	14.8926
309.9604825	4.92347841	15.0185
310.348418	5.08767865	15.1396
310.7373258	5.26354149	15.2543
311.1272095	5.45093851	15.3611
311.5180729	5.64956625	15.4584
311.9099195	5.85882533	15.5444
312.3027531	6.07776835	15.6174
312.6965776	6.30514201	15.6758
313.0913965	6.5394143	15.7182
313.4872137	6.77881354	15.7434
313.8840329	7.02123213	15.7503
314.281858	7.26441195	15.7386
314.6806929	7.50601544	15.708
315.0805413	7.74360405	15.6589
315.4814071	7.97482848	15.5921
315.8832943	8.19748482	15.5089
316.2862066	8.40966548	15.4111
316.6901481	8.60985384	15.3008
317.0951228	8.79701029	15.1804
317.5011344	8.97053853	15.0522
317.9081872	9.13031255	14.9187
318.316285	9.27663476	14.782
318.7254319	9.4101843	14.6442
319.1356319	9.5319462	14.5068
319.5468892	9.64302448	14.371
319.9592077	9.74451586	14.2375
320.3725917	9.83753564	14.107
320.7870453	9.92309975	13.9795
321.2025725	10.00193435	13.855
321.6191777	10.07467821	13.7336
322.0368649	10.14176089	13.615
322.4556385	10.20346265	13.4994
322.8755026	10.26004376	13.3868
323.2964615	10.31165843	13.2774
323.7185196	10.35856706	13.1717
324.141681	10.40113327	13.07
324.5659503	10.43973363	12.9727
324.9913316	10.47493375	12.8804
325.4178294	10.50748821	12.7934
325.8454481	10.53817414	12.7118
326.2741921	10.56775725	12.6356
326.7040659	10.59708053	12.5648
327.1350739	10.62693096	12.4989
327.5672206	10.65795999	12.4375
328.0005106	10.69075678	12.38
328.4349483	10.7256964	12.3256
328.8705385	10.76305269	12.2738
329.3072855	10.80294191	12.2237
329.7451941	10.84535349	12.1749
330.184269	10.89020566	12.1267
330.6245147	10.9373945	12.0789
331.0659359	10.98679798	12.0309
331.5085374	11.03821375	11.9825
331.952324	11.0915598	11.9335
332.3973003	11.14667339	11.8834
332.8434711	11.20336506	11.8321
333.2908414	11.26146954	11.7792
333.7394159	11.32072669	11.7244
334.1891995	11.38076579	11.6673
334.640197	11.4410898	11.6077
335.0924135	11.50120568	11.5456
335.5458539	11.56054877	11.4809
336.000523	11.6185759	11.414
336.4564261	11.67477595	11.3451
336.9135679	11.72873419	11.275
337.3719537	11.7802906	11.2044
337.8315886	11.82945743	11.1341
338.2924775	11.87646061	11.0649
338.7546257	11.92177881	10.9976
339.2180383	11.9660712	10.9327
339.6827205	12.01016666	10.8707
340.1486776	12.05505806	10.8117
340.6159148	12.10169645	10.7554
341.0844374	12.15095688	10.7014
341.5542507	12.20371402	10.6491
342.02536	12.26060316	10.5973
342.4977707	12.32203988	10.5451
342.9714882	12.38823442	10.4911
343.446518	12.45908625	10.4341
343.9228655	12.53425355	10.3728
344.4005361	12.61315501	10.3061
344.8795355	12.69498294	10.2329
345.3598691	12.77871838	10.1524
345.8415425	12.86321953	10.064
346.3245615	12.94725715	9.96736
346.8089315	13.02955462	9.86237
347.2946583	13.10884069	9.74922
347.7817475	13.18392494	9.62836
348.2702051	13.25373683	9.50044
348.7600366	13.31735169	9.36629
349.2512479	13.37402635	9.22689
349.7438449	13.42320645	9.08328
350.2378333	13.46453163	8.93657
350.7332192	13.49783797	8.78785
351.2300085	13.52313911	8.63817
351.7282071	13.54059735	8.48848
352.227821	13.55049846	8.33965
352.7288563	13.55322934	8.19242
353.2313191	13.54924757	8.04741
353.7352154	13.53904044	7.90508
354.2405514	13.52309752	7.7658
354.7473333	13.50189609	7.62982
355.2555673	13.47587771	7.49731
355.7652597	13.44543684	7.36837
356.2764167	13.41090945	7.24306
356.7890446	13.3725855	7.12145
357.3031499	13.33072806	7.00361
357.8187388	13.28556823	6.8896
358.3358179	13.23732635	6.77954
358.8543936	13.18624361	6.67356
359.3744725	13.13257169	6.57177
359.896061	13.07659032	6.47432
360.4191657	13.01861257	6.3813
360.9437933	12.95896857	6.29278
361.4699504	12.89800156	6.20877
361.9976438	12.83603761	6.12921
362.5268801	12.77338466	6.05403
363.0576662	12.7103124	5.98307
363.5900088	12.64702895	5.91618
364.1239148	12.58370358	5.85323
364.6593912	12.52046335	5.79409
365.1964448	12.45740987	5.73871
365.7350826	12.39465517	5.68709
366.2753117	12.3323395	5.63928
366.8171391	12.27066027	5.59538
367.3605719	12.20989156	5.55549
367.9056172	12.15039228	5.51969
368.4522823	12.09260354	5.48798
369.0005744	12.03701611	5.46023
369.5505007	11.98413525	5.43618
370.1020687	11.93444319	5.41541
370.6552855	11.88834523	5.39734
371.2101587	11.84613281	5.38128
371.7666957	11.80794176	5.36642
372.3249039	11.77372937	5.35194
372.884791	11.7432675	5.33701
373.4463645	11.71613928	5.32089
374.009632	11.69178551	5.303
374.5746012	11.66953141	5.28289
375.1412799	11.64862899	5.26035
375.7096758	11.62832014	5.23537
376.2797967	11.60789037	5.20817
376.8516505	11.5867199	5.17914
377.4252451	11.56431257	5.14882
378.0005884	11.54034513	5.11789
378.5776885	11.51468241	5.08704
379.1565535	11.48736282	5.05696
379.7371914	11.45859928	5.02829
380.3196104	11.42874903	5.00154
380.9038187	11.39827657	4.97709
381.4898246	11.36770928	4.95513
382.0776364	11.3375817	4.93568
382.6672623	11.30840228	4.91861
383.258711	11.28061357	4.90363
383.8519907	11.25455353	4.89034
384.4471101	11.23043768	4.87827
385.0440776	11.20834985	4.86692
385.642902	11.18824856	4.85581
386.2435919	11.16997311	4.84449
386.846156	11.15325767	4.8326
387.4506031	11.13776404	4.81989
388.0569421	11.12311234	4.80623
388.6651818	11.10890635	4.79161
389.2753312	11.09477321	4.77617
389.8873994	11.08039854	4.76015
390.5013953	11.06554072	4.74388
391.1173281	11.05006874	4.72779
391.735207	11.03397128	4.7123
392.3550411	11.01734603	4.69784
392.9768399	11.00041067	4.68481
393.6006127	10.98348099	4.67351
394.2263688	10.96693471	4.66414
394.8541178	10.95119122	4.6568
395.4838692	10.93668787	4.65147
396.1156326	10.92384686	4.64801
396.7494176	10.91304647	4.64618
397.385234	10.9046136	4.64568
398.0230915	10.89881131	4.64613
398.663	10.89583386	4.64713
399.3049694	10.89581002	4.64824
399.9490097	10.89880744	4.64902
400.5951309	10.90482171	4.64898
401.243343	10.91377972	4.64767
401.8936564	10.92553929	4.6446
402.5460812	10.93987786	4.63932
403.2006276	10.95649889	4.63139
403.8573062	10.97502226	4.62041
404.5161272	10.99498542	4.60604
405.1771013	11.01585829	4.58804
405.840239	11.03705432	4.56626
406.5055508	11.05795965	4.54071
407.1730476	11.07796202	4.51151
407.8427401	11.09648233	4.47895
408.5146392	11.1130048	4.44342
409.1887558	11.12710822	4.40546
409.8651008	11.13849678	4.36567
410.5436854	11.14700836	4.32471
411.2245207	11.15262223	4.28324
411.9076179	11.15545333	4.2419
412.5929884	11.15575345	4.20128
413.2806433	11.15387347	4.16183
413.9705943	11.1502377	4.12393
414.6628528	11.14532859	4.08781
415.3574305	11.13963767	4.05356
416.0543389	11.13365389	4.02118
416.7535899	11.12783382	3.99051
417.4551953	11.12257196	3.96132
418.1591669	11.1182035	3.9333
418.8655169	11.11497687	3.90605
419.5742572	11.11304805	3.87916
420.2854	11.11248953	3.85219
420.9989576	11.11328132	3.82469
421.7149422	11.11530739	3.79622
422.4333663	11.1183595	3.76638
423.1542423	11.12215708	3.73484
423.8775829	11.12635108	3.70131
424.6034007	11.13052996	3.6656
425.3317084	11.13424519	3.62762
426.0625189	11.13703881	3.5874
426.7958451	11.13845523	3.54505
427.5317	11.13806337	3.50082
428.2700967	11.1354957	3.45506
429.0110484	11.13045825	3.40819
429.7545685	11.12274638	3.36071
430.5006701	11.11226979	3.31317
431.249367	11.09905843	3.26612
432.0006725	11.08325113	3.22008
432.7546003	11.06509425	3.17554
433.5111643	11.04493075	3.1329
434.2703783	11.02317872	3.09247
435.0322561	11.00030746	3.05443
435.796812	10.97679454	3.01882
436.5640599	10.95310897	2.98559
437.3340141	10.92968387	2.95454
438.106689	10.9068853	2.92539
438.8820991	10.8849923	2.89776
439.6602589	10.86418899	2.87125
440.4411829	10.84455563	2.8454
441.2248861	10.8260627	2.81978
442.0113832	10.80857927	2.79397
442.8006893	10.79187681	2.76762
443.5928193	10.77565717	2.74047
444.3877885	10.75956761	2.71234
445.1856122	10.74321955	2.68317
445.9863058	10.72622087	2.65302
446.7898847	10.70820567	2.62207
447.5963646	10.68885735	2.5906
448.4057613	10.66793792	2.559
449.2180906	10.6453136	2.52772
450.0333684	10.62096646	2.49725
450.8516109	10.59500365	2.46808
451.6728342	10.56764646	2.44065
452.4970547	10.53922156	2.41535
453.3242888	10.51014643	2.39246
454.1545531	10.48089124	2.37213
454.9878642	10.45194996	2.35439
455.824239	10.42380927	2.33913
456.6636943	10.39692797	2.32614
457.5062472	10.37170253	2.31506
458.351915	10.34843901	2.30547
459.2007148	10.32735764	2.29689
460.0526642	10.30856919	2.28877
460.9077807	10.29206185	2.28056
461.7660819	10.27771188	2.27173
462.6275858	10.26529123	2.26179
463.4923103	10.25446835	2.2503
464.3602734	10.24482585	2.23693
465.2314934	10.23588579	2.22145
466.1059887	10.22713013	2.20376
466.9837778	10.21803556	2.1839
467.8648792	10.20809979	2.16203
468.7493119	10.19686652	2.13844
469.6370947	10.18395445	2.11353
470.5282467	10.1690873	2.0878
471.4227871	10.15210212	2.06178
472.3207352	10.13295594	2.03605
473.2221107	10.11173865	2.01118
474.1269331	10.088665	1.9877
475.0352222	10.06405623	1.96606
475.9469981	10.03833121	1.94664
476.8622808	10.01197942	1.92967
477.7810906	9.98553569	1.91528
478.7034479	9.95955069	1.90342
479.6293733	9.934548	1.89391
480.5588876	9.91100211	1.88643
481.4920117	9.88929865	1.88052
482.4287665	9.8696963	1.87562
483.3691735	9.85231504	1.87113
484.3132539	9.83712861	1.86642
485.2610294	9.8239522	1.86088
486.2125216	9.81245859	1.85399
487.1677525	9.80219896	1.84533
488.1267441	9.7926424	1.83466
489.0895187	9.78322217	1.82189
490.0560988	9.77337078	1.80711
491.0265069	9.76257534	1.79059
492.0007659	9.75041221	1.77272
492.9788986	9.73657994	1.75402
493.9609283	9.7209216	1.73505
494.9468782	9.70342249	1.71639
495.936772	9.6842152	1.6986
496.9306333	9.66355079	1.68214
497.9284859	9.64178634	1.66742
498.9303541	9.61935075	1.65467
499.9362621	9.59670222	1.64403
500.9462343	9.57431732	1.6355
501.9602955	9.55264292	1.62893
502.9784706	9.53207686	1.62409
504.0007846	9.51294421	1.62062
505.0272627	9.4954769	1.61812
506.0579306	9.47981243	1.61613
507.0928139	9.46597189	1.61416
508.1319385	9.45387005	1.61176
509.1753306	9.4433209	1.60849
510.2230165	9.43404017	1.60399
511.2750227	9.42567815	1.598
512.331376	9.41783344	1.59034
513.3921035	9.41007782	1.58097
514.4572324	9.40200056	1.56997
515.52679	9.39321386	1.55749
516.6008042	9.38338519	1.54383
517.6793027	9.37226716	1.52933
518.7623138	9.35969678	1.51439
519.8498658	9.34560029	1.49942
520.9419874	9.33000207	1.48486
522.0387074	9.31302365	1.4711
523.1400549	9.2948578	1.45848
524.2460592	9.27576712	1.4473
525.35675	9.25606729	1.43776
526.4721571	9.23610548	1.42999
527.5923106	9.21623958	1.42401
528.7172409	9.19681766	1.41977
529.8469786	9.17816668	1.41713
530.9815546	9.16056802	1.41587
532.121	9.14424588	1.41572
533.2653462	9.12935857	1.41636
534.414625	9.11598374	1.41744
535.5688683	9.10411742	1.41862
536.7281082	9.09368674	1.41959
537.8923774	9.08455573	1.42007
539.0617087	9.07654015	1.41985
540.2361351	9.06942123	1.41877
541.41569	9.06297013	1.41677
542.600407	9.05696468	1.41383
543.7903202	9.051212	1.41003
544.9854637	9.04556712	1.40546
546.1858722	9.03991947	1.40023
547.3915806	9.03420596	1.39448
548.6026239	9.02841637	1.38833
549.8190377	9.02256778	1.38185
551.0408578	9.01669636	1.3751
552.2681203	9.01084055	1.36807
553.5008616	9.00502942	1.36075
554.7391186	8.99928023	1.35308
555.9829283	8.99357795	1.34498
557.2323281	8.98786685	1.33636
558.4873559	8.98206349	1.32717
559.7480497	8.97605892	1.31735
561.014448	8.96971812	1.30689
562.2865896	8.96289603	1.29581
563.5645136	8.95543319	1.28416
564.8482597	8.94718323	1.27208
566.1378676	8.93802296	1.25971
567.4333776	8.92784728	1.24725
568.7348303	8.91659786	1.23495
570.0422667	8.90427016	1.22307
571.3557281	8.89091622	1.21189
572.6752564	8.87664823	1.20168
574.0008935	8.86165227	1.19272
575.3326821	8.84618098	1.18521
576.6706651	8.83053669	1.17931
578.0148858	8.81506635	1.17509
579.3653879	8.80013533	1.17252
580.7222155	8.78609865	1.17146
582.0854131	8.77327977	1.17168
583.4550259	8.76193603	1.17283
584.8310991	8.75223885	1.17452
586.2136785	8.74425394	1.17628
587.6028104	8.73792581	1.17766
588.9985416	8.73309495	1.17824
590.400919	8.72949203	1.17764
591.8099905	8.72677378	1.17563
593.2258038	8.72455294	1.17205
594.6484077	8.72242788	1.16691
596.077851	8.7200217	1.16031
597.5141831	8.71701007	1.15249
598.9574541	8.71316471	1.14377
600.4077143	8.70834738	1.13448
601.8650146	8.70252442	1.12501
603.3294063	8.69576594	1.11568
604.8009415	8.68821643	1.10677
606.2796724	8.68007656	1.09847
607.765652	8.67158167	1.0909
609.2589337	8.6629714	1.08406
610.7595714	8.65444963	1.07787
612.2676198	8.64617877	1.07221
613.7831337	8.63826907	1.0669
615.3061687	8.63075252	1.06173
616.8367811	8.62360454	1.05655
618.3750274	8.61674958	1.05119
619.920965	8.61006813	1.04557
621.4746516	8.60342804	1.03965
623.0361457	8.59669213	1.03345
624.6055063	8.58973852	1.02705
626.1827929	8.58248059	1.02058
627.7680658	8.57487477	1.01419
629.3613858	8.56692552	1.00805
630.9628142	8.55868848	1.00232
632.5724133	8.55025838	0.99713
634.1902455	8.54177023	0.9926
635.8163744	8.53338893	0.98878
637.4508638	8.52528314	0.98567
639.0937784	8.51761789	0.98323
640.7451835	8.51055126	0.98138
642.4051451	8.50421685	0.97998
644.0737299	8.49871145	0.97887
645.7510052	8.49409621	0.97787
647.4370392	8.4903934	0.97679
649.1319005	8.48758563	0.97544
650.8356588	8.48561657	0.97364
652.5483842	8.48440029	0.97124
654.2701478	8.48383165	0.96811
656.0010212	8.48378181	0.96413
657.7410769	8.48410111	0.95922
659.4903883	8.48463661	0.95334
661.2490293	8.48523218	0.94646
663.0170749	8.48572309	0.93858
664.7946005	8.48594652	0.92974
666.5816828	8.48574318	0.92
668.3783989	8.48497122	0.90948
670.184827	8.48351127	0.8983
672.0010461	8.48126246	0.88662
673.8271359	8.4781592	0.87463
675.6631771	8.47418297	0.86254
677.5092514	8.4693638	0.85055
679.3654411	8.46377089	0.83884
681.2318297	8.45751465	0.82758
683.1085014	8.45074233	0.81689
684.9955414	8.44362127	0.80684
686.893036	8.43632345	0.79744
688.8010722	8.4290036	0.78864
690.7197382	8.42178781	0.78036
692.6491229	8.41477701	0.7725
694.5893165	8.40802823	0.76491
696.5404101	8.40155149	0.75747
698.5024958	8.3953275	0.75007
700.4756667	8.38930826	0.74262
702.460017	8.38342852	0.73507
704.455642	8.37761756	0.7274
706.4626382	8.37181806	0.71964
708.4811029	8.36598665	0.71181
710.5111347	8.3600946	0.70397
712.5528333	8.35414148	0.69618
714.6062997	8.34814698	0.68849
716.6716358	8.34215166	0.68095
718.7489449	8.33621264	0.67358
720.8383314	8.33039246	0.66638
722.9399009	8.32475682	0.65933
725.0537602	8.31936739	0.65238
727.1800176	8.31426619	0.64545
729.3187824	8.30948636	0.63848
731.4701652	8.30504154	0.63135
733.6342781	8.30091666	0.62397
735.8112344	8.29707584	0.61623
738.0011488	8.29345671	0.60804
740.2041373	8.28997701	0.59932
742.4203174	8.28653447	0.59001
744.6498078	8.28301265	0.58008
746.8927289	8.27929508	0.56954
749.1492024	8.27526656	0.55841
751.4193515	8.27082171	0.54676
753.7033009	8.26587721	0.53467
756.0011768	8.26036555	0.52223
758.313107	8.25424822	0.50956
760.6392209	8.24750614	0.49674
762.9796492	8.24013652	0.48388
765.3345247	8.23215489	0.47105
767.7039814	8.22357463	0.45831
770.0881553	8.2144161	0.44573
772.4871838	8.20470231	0.43335
774.9012063	8.19444721	0.42121
777.3303636	8.18365489	0.40935
779.7747987	8.17233649	0.39785
782.2346562	8.16051475	0.38677
784.7100823	8.148218	0.37619
787.2012254	8.1354935	0.3662
789.7082357	8.12241252	0.35689
792.2312652	8.10907135	0.34834
794.7704679	8.09558916	0.34061
797.326	8.08210126	0.33373
799.8980194	8.06875959	0.32771
802.4866861	8.05572303	0.3225
805.0921623	8.04313322	0.318
807.7146124	8.03111211	0.31409
810.3542026	8.01975498	0.3106
813.0111016	8.00911084	0.30733
815.6854803	7.99918217	0.30408
818.3775116	7.98991504	0.30063
821.0873709	7.98121027	0.29682
823.8152359	7.97292618	0.29248
826.5612867	7.96488714	0.28753
829.3257057	7.95689947	0.28191
832.1086779	7.94876658	0.27566
834.9103906	7.94031826	0.26886
837.7310338	7.93140391	0.26162
840.5708	7.92191232	0.25412
843.4298844	7.91178406	0.24654
846.3084846	7.90101015	0.23908
849.2068014	7.88962978	0.23191
852.1250378	7.87771742	0.22518
855.0634	7.86537298	0.219
858.0220969	7.85271836	0.21346
861.0013403	7.83987996	0.20858
864.0013449	7.82697696	0.20437
867.0223287	7.81411737	0.20079
870.0645123	7.8013875	0.19779
873.1281197	7.78885164	0.1953
876.2133781	7.77655594	0.19326
879.3205177	7.76452661	0.19159
882.4497722	7.75276677	0.19023
885.6013786	7.74127971	0.18915
888.7755771	7.73005419	0.18828
891.9726115	7.71907242	0.18762
895.1927292	7.70832298	0.18714
898.4361812	7.69779032	0.18684
901.7032218	7.68747135	0.18673
904.9941095	7.67736269	0.1868
908.3091062	7.66747542	0.18709
911.6484779	7.65782887	0.18758
915.0124945	7.64844792	0.1883
918.4014296	7.63936958	0.18923
921.8155613	7.63063512	0.19037
925.2551716	7.62228551	0.19167
928.7205468	7.6143564	0.1931
932.2119774	7.60688752	0.1946
935.7297585	7.5998958	0.19607
939.2741894	7.59338191	0.19744
942.8455741	7.58732376	0.19859
946.4442214	7.58167684	0.19945
950.0704444	7.57637466	0.19991
953.7245615	7.57132061	0.19991
957.4068958	7.56640922	0.19941
961.1177752	7.56151637	0.19838
964.8575331	7.55651507	0.19686
968.6265078	7.55128765	0.1949
972.4250431	7.54573357	0.19261
976.2534882	7.53978304	0.19011
980.1121976	7.53339302	0.18754
984.0015317	7.52656456	0.18507
987.9218566	7.5193426	0.18284
991.873544	7.51180644	0.18098
995.8569719	7.50405789	0.17957
999.8725242	7.49622278	0.17869
1003.920591	7.48843511	0.17833
1008.001569	7.4808175	0.17847
1012.115861	7.47347617	0.17903
1016.263877	7.4664878	0.17992
1020.446033	7.45990261	0.18103
1024.662752	7.4537306	0.18223
1028.914465	7.44794428	0.18342
1033.201608	7.44249994	0.18453
1037.524628	7.43733375	0.18549
1041.883975	7.43237924	0.1863
1046.28011	7.42757147	0.18694
1050.7135	7.42285179	0.18746
1055.184621	7.41818959	0.18791
1059.693957	7.4135774	0.18835
1064.242	7.40902329	0.18882
1068.82925	7.40455493	0.18938
1073.456216	7.40021732	0.19005
1078.123417	7.39606429	0.19085
1082.83138	7.39215321	0.19176
1087.58064	7.38854125	0.19276
1092.371744	7.38527545	0.19378
1097.205248	7.38238504	0.19476
1102.081716	7.37988694	0.19562
1107.001723	7.37778126	0.19628
1111.965857	7.37604944	0.19665
1116.974712	7.37465382	0.19665
1122.028896	7.37353793	0.1962
1127.129027	7.37262692	0.19524
1132.275735	7.37184324	0.19374
1137.469661	7.37109735	0.19165
1142.711456	7.37028798	0.18897
1148.001787	7.36931745	0.18571
1153.34133	7.36808859	0.1819
1158.730776	7.36650866	0.17759
1164.170826	7.36449316	0.17285
1169.662198	7.36197038	0.16777
1175.205621	7.3588893	0.16246
1180.801838	7.35521223	0.15702
1186.451608	7.35092986	0.1516
1192.155702	7.34605794	0.1463
1197.914908	7.34062634	0.14125
1203.730029	7.33470431	0.13658
1209.601883	7.32837982	0.13236
1215.531304	7.3217524	0.12867
1221.519143	7.31493405	0.12554
1227.566267	7.30804034	0.12299
1233.673562	7.30119193	0.121
1239.84193	7.29448553	0.11949
1246.072291	7.28799463	0.1184
1252.365586	7.2817742	0.11763
1258.722772	7.27584593	0.11708
1265.144827	7.27020439	0.11666
1271.632749	7.26482634	0.1163
1278.187557	7.25966783	0.11593
1284.81029	7.25467256	0.11553
1291.50201	7.24979675	0.11511
1298.263801	7.2450009	0.11467
1305.096768	7.24025849	0.11426
1312.002042	7.23556272	0.11391
1318.980777	7.23092875	0.11368
1326.03415	7.22639437	0.11359
1333.163366	7.22200459	0.11365
1340.369654	7.21780679	0.11384
1347.654272	7.21383871	0.11412
1355.018503	7.21013315	0.11445
1362.463659	7.20670093	0.11474
1369.991083	7.20353166	0.11494
1377.602144	7.20059917	0.11497
1385.298246	7.19785362	0.11478
1393.08082	7.19523866	0.11434
1400.951333	7.1926851	0.11362
1408.911284	7.19012689	0.11265
1416.962206	7.18750465	0.11144
1425.105667	7.18477249	0.11006
1433.343272	7.18190494	0.10855
1441.676663	7.17888437	0.10697
1450.10752	7.17571857	0.10539
1458.637565	7.17242866	0.10384
1467.268556	7.16903565	0.10235
1476.002298	7.16556404	0.10094
1484.840635	7.16204623	0.09963
1493.785458	7.15850383	0.09839
1502.838703	7.15494201	0.09722
1512.002354	7.15136797	0.09612
1521.278442	7.14778328	0.09508
1530.669049	7.14418052	0.0941
1540.176311	7.14055429	0.0932
1549.802413	7.13690492	0.0924
1559.549597	7.13324526	0.09174
1569.420165	7.12960001	0.09124
1579.416471	7.12600435	0.09093
1589.540936	7.12250021	0.09081
1599.796039	7.11913573	0.09089
1610.184325	7.11596211	0.09114
1620.708405	7.11301908	0.09152
1631.370961	7.11033599	0.09198
1642.174742	7.10792823	0.09246
1653.122573	7.10579567	0.0929
1664.217356	7.10392142	0.09324
1675.462068	7.10227758	0.09344
1686.859769	7.10082639	0.09346
1698.413603	7.09953169	0.0933
1710.1268	7.09835917	0.09294
1722.002681	7.0972779	0.0924
1734.044657	7.0962715	0.09169
1746.256239	7.09532958	0.09082
1758.641035	7.09445013	0.0898
1771.202757	7.09363143	0.08862
1783.945223	7.09287842	0.08729
1796.872362	7.09219311	0.08577
1809.988219	7.09156428	0.08404
1823.296956	7.09097093	0.08206
1836.802859	7.0903804	0.07981
1850.510343	7.08975675	0.07727
1864.423955	7.08904747	0.07441
1878.548379	7.08819645	0.07125
1892.888443	7.08714811	0.06779
1907.449123	7.08584442	0.06407
1922.23555	7.08424149	0.06014
1937.253016	7.08229685	0.05604
1952.506976	7.0799827	0.05186
1968.003063	7.07729049	0.04766
1983.747088	7.07422213	0.04352
1999.745048	7.07079778	0.03951
2016.003138	7.06704904	0.03569
2032.527754	7.0630149	0.03211
2049.325504	7.05874497	0.02882
2066.403217	7.05430031	0.02585
2083.76795	7.04973901	0.0232
2101.427	7.04511302	0.02087
2119.387915	7.0404663	0.01884
2137.6585	7.03584276	0.01711
2156.246835	7.03128309	0.01564
2175.161281	7.02680685	0.01439
2194.410496	7.02243203	0.01335
2214.003446	7.01817483	0.01248
2233.949423	7.01403635	0.01175
2254.258055	7.01002475	0.01116
2274.939321	7.00614079	0.01066
2296.003574	7.00238167	0.01026
2317.461551	6.99875104	0.00993
2339.324396	6.995246	0.00966
2361.603676	6.9918622	0.00943
2384.311404	6.98859834	0.00924
2407.460058	6.98544977	0.00906
2431.062608	6.98240715	0.00889
2455.132535	6.97946727	0.00872
2479.68386	6.97661988	0.00853
2504.731172	6.9738515	0.00832
2530.289653	6.97115373	0.00809
2556.375113	6.96852215	0.00784
2583.004021	6.9659438	0.00755
2610.193537	6.96340606	0.00724
2637.961553	6.96090535	0.00691
2666.326731	6.95844154	0.00657
2695.308543	6.95600782	0.0062
2724.927319	6.95359548	0.00582
2755.204289	6.9512044	0.00543
2786.16164	6.94883059	0.00503
2817.822568	6.94647322	0.00463
2850.211333	6.94412821	0.00422
2883.353326	6.94179371	0.00382
2917.275129	6.93947	0.00342
2952.004595	6.93715273	0.00303
2987.570916	6.9348444	0.00266
3024.004707	6.93254882	0.00231
3061.338099	6.93026636	0.00198
3099.604825	6.92800073	0.00168
3138.840329	6.9257529	0.0014
3179.081872	6.92352759	0.00116
3220.368649	6.92133037	9.43E-04
3262.741921	6.91916206	7.58E-04
3306.245147	6.91702798	6.02E-04
3350.924135	6.9149307	4.71E-04
3396.827205	6.91287221	3.64E-04
3444.005361	6.91085405	2.77E-04
3492.512479	6.9088775	2.09E-04
3542.405514	6.9069431	1.55E-04
3593.744725	6.90505052	1.14E-04
3646.593912	6.90320001	8.36E-05
3701.020687	6.90139085	6.06E-05
3757.096758	6.89962199	4.39E-05
3814.898246	6.89789248	3.17E-05
3874.506031	6.89620123	2.31E-05
3936.006127	6.89454723	1.70E-05
3999.490097	6.89292939	1.27E-05
4065.055508	6.89134672	9.71E-06
4132.806433	6.88979831	7.58E-06
4202.854	6.88828327	6.05E-06
4275.317	6.88680083	4.93E-06
4350.322561	6.88535028	4.09E-06
4428.006893	6.88393099	3.44E-06
4508.516109	6.88254237	2.92E-06
4592.007148	6.88118391	2.50E-06
4678.648792	6.87985514	2.16E-06
4768.622808	6.87855562	1.90E-06
4862.125216	6.87728498	1.70E-06
4959.36772	6.87604285	1.56E-06
5060.579306	6.87482889	1.50E-06
5166.008042	6.87364282	1.50E-06
5275.923106	6.87248434	1.57E-06
5390.617087	6.87135318	1.72E-06
5510.408578	6.87024912	1.95E-06
5635.645136	6.86917192	2.27E-06
5766.706651	6.86812136	2.68E-06
5904.00919	6.86709727	3.19E-06
6048.009415	6.86609944	3.78E-06
6199.20965	6.86512772	4.47E-06
6358.163744	6.86418193	5.24E-06
6525.483842	6.86326193	6.09E-06
6701.84827	6.86236759	7.00E-06
6888.010722	6.86149875	7.96E-06
7084.811029	6.8606553	8.93E-06
7293.187824	6.8598371	9.90E-06
7514.193515	6.85904401	1.08E-05
7749.012063	6.85827591	1.17E-05
7998.980194	6.85753272	1.25E-05
8265.612867	6.85681427	1.31E-05
8550.634	6.85612043	1.36E-05
8856.013786	6.85545109	1.39E-05
9184.014296	6.8548061	1.40E-05
9537.245615	6.85418535	1.39E-05
9918.73544	6.85358871	1.36E-05
10332.01608	6.85301605	1.31E-05
10781.23417	6.8524673	1.25E-05
11271.29027	6.85194234	1.17E-05
11808.01838	6.85144108	1.08E-05
12398.4193	6.85096344	9.81E-06
13050.96768	6.85050934	8.79E-06
13776.02144	6.85007875	7.76E-06
14586.37565	6.84967161	6.74E-06
15498.02413	6.84928789	5.77E-06
16531.22573	6.84892755	4.86E-06
17712.02757	6.84859056	4.03E-06
19074.49123	6.84827691	3.29E-06
20664.03217	6.84798657	2.64E-06
22542.58055	6.84771953	2.09E-06
24796.8386	6.84747579	1.63E-06
27552.04289	6.84725531	1.25E-06
30996.04825	6.84705809	9.39E-07
35424.05514	6.84688411	6.96E-07
41328.06433	6.84673337	5.08E-07
49593.6772	6.84660584	3.65E-07
61992.0965	6.84650151	2.58E-07
82656.12867	6.84642038	1.79E-07
123984.193	6.84636244	1.22E-07
247968.386	6.84632769	8.22E-08
123984193	6.84631613	5.43E-08
