123.984317	-4.18040428	1.37481
124.0463402	-3.74869799	1.37945
124.1084255	-3.53413045	1.38409
124.170573	-3.39152682	1.38879
124.2327828	-3.28458784	1.39354
124.2950549	-3.19878133	1.39828
124.3573895	-3.12682797	1.40295
124.4197867	-3.06457702	1.40742
124.4822465	-3.00945047	1.41161
124.544769	-2.95975192	1.41538
124.6073544	-2.91433439	1.41863
124.6700027	-2.87239576	1.42126
124.732714	-2.83337886	1.42318
124.7954885	-2.79688855	1.42435
124.8583261	-2.76264251	1.42473
124.9212271	-2.73044356	1.42432
124.9841915	-2.70014143	1.42315
125.0472194	-2.67162836	1.42124
125.1103109	-2.64482516	1.41866
125.1734661	-2.61965503	1.41549
125.2366851	-2.59604903	1.4118
125.299968	-2.5739485	1.40767
125.3633148	-2.55328882	1.4032
125.4267258	-2.53400524	1.39846
125.4902009	-2.51602952	1.39355
125.5537403	-2.49929139	1.38853
125.6173441	-2.48372029	1.38349
125.6810123	-2.46923335	1.3785
125.7447452	-2.45574477	1.37362
125.8085427	-2.44316728	1.3689
125.8724049	-2.4314075	1.36439
125.9363321	-2.42036527	1.36012
126.0003242	-2.40993454	1.35611
126.0643814	-2.40001309	1.35234
126.1285037	-2.39050574	1.34879
126.1926913	-2.38132047	1.34541
126.2569443	-2.37238912	1.34211
126.3212627	-2.36366848	1.33881
126.3856467	-2.35513546	1.33541
126.4500963	-2.34679952	1.3318
126.5146117	-2.33870521	1.32788
126.579193	-2.33092856	1.32357
126.6438403	-2.32356509	1.31883
126.7085536	-2.31672372	1.31364
126.7733331	-2.3105261	1.30802
126.8381789	-2.30508634	1.30205
126.903091	-2.30049574	1.29584
126.9680696	-2.29681877	1.28953
127.0331148	-2.29408703	1.28328
127.0982267	-2.2922897	1.27727
127.1634053	-2.29137624	1.27166
127.2286508	-2.29125981	1.26661
127.2939633	-2.29181511	1.26225
127.3593429	-2.29289693	1.25866
127.4247897	-2.29434676	1.2559
127.4903038	-2.29599673	1.25398
127.5558853	-2.29768383	1.25287
127.6215344	-2.29925957	1.2525
127.687251	-2.30059138	1.25278
127.7530353	-2.30157528	1.25357
127.8188874	-2.30213737	1.25474
127.8848075	-2.30222958	1.25613
127.9507956	-2.3018441	1.25757
128.0168519	-2.3010137	1.2589
128.0829763	-2.29979868	1.25999
128.1491691	-2.29828683	1.26071
128.2154304	-2.29659357	1.26097
128.2817603	-2.29485166	1.26071
128.3481587	-2.29320048	1.25992
128.414626	-2.29177775	1.25862
128.4811622	-2.29070362	1.25689
128.5477673	-2.29007905	1.25481
128.6144415	-2.28997121	1.25253
128.6811849	-2.29040619	1.25017
128.7479977	-2.29137994	1.24787
128.8148798	-2.29285243	1.24575
128.8818315	-2.29475738	1.24391
128.9488528	-2.29700164	1.24243
129.0159438	-2.29948833	1.24132
129.0831047	-2.30212789	1.24059
129.1503356	-2.3048347	1.24021
129.2176365	-2.30753939	1.24013
129.2850076	-2.31019323	1.24028
129.352449	-2.31277546	1.24058
129.4199608	-2.31528555	1.24097
129.4875431	-2.31773604	1.24139
129.555196	-2.32015485	1.24179
129.6229196	-2.32257861	1.24214
129.6907141	-2.32504818	1.24242
129.7585795	-2.32760405	1.24263
129.826516	-2.33028712	1.24277
129.8945237	-2.33313269	1.24287
129.9626027	-2.33616803	1.24295
130.030753	-2.33942161	1.24304
130.0989749	-2.34290775	1.2432
130.1672684	-2.3466272	1.24347
130.2356337	-2.35056888	1.24391
130.3040707	-2.3547077	1.24456
130.3725798	-2.35901216	1.24546
130.4411609	-2.36343798	1.24665
130.5098142	-2.36792258	1.24816
130.5785398	-2.37240389	1.24997
130.6473379	-2.37682607	1.25207
130.7162085	-2.38113535	1.25442
130.7851517	-2.38528963	1.25697
130.8541677	-2.38925668	1.25966
130.9232565	-2.39302932	1.2624
130.9924184	-2.3966167	1.26514
131.0616533	-2.40004122	1.2678
131.1309615	-2.40334572	1.27033
131.2003431	-2.40658116	1.27269
131.2697981	-2.40980281	1.27486
131.3393266	-2.41307321	1.27682
131.4089289	-2.41645453	1.27859
131.478605	-2.42000013	1.28019
131.548355	-2.42376292	1.28165
131.618179	-2.42778412	1.28303
131.6880772	-2.43209244	1.28438
131.7580497	-2.43670617	1.28577
131.8280966	-2.44162653	1.28727
131.898218	-2.44683969	1.28895
131.968414	-2.45231413	1.29088
132.0386848	-2.45800646	1.29311
132.1090305	-2.46385782	1.2957
132.1794512	-2.46979023	1.29868
132.2499469	-2.47572849	1.30204
132.320518	-2.48159726	1.30578
132.3911643	-2.48731783	1.30986
132.4618862	-2.4928283	1.31421
132.5326836	-2.49808205	1.31876
132.6035568	-2.50305111	1.32341
132.6745058	-2.50773469	1.32806
132.7455308	-2.51215717	1.33261
132.8166318	-2.51635987	1.33698
132.8878091	-2.52040924	1.34107
132.9590627	-2.52440106	1.34482
133.0303927	-2.52843583	1.34821
133.1017994	-2.53262131	1.35122
133.1732827	-2.53706904	1.35388
133.2448428	-2.54188673	1.35623
133.3164799	-2.54717038	1.35836
133.3881941	-2.55300038	1.36036
133.4599854	-2.55943337	1.36237
133.5318541	-2.56650109	1.36451
133.6038002	-2.57421012	1.36694
133.6758239	-2.58252821	1.36981
133.7479253	-2.59139909	1.37325
133.8201045	-2.60073827	1.3774
133.8923617	-2.61042796	1.38237
133.9646969	-2.6203343	1.38823
134.0371103	-2.63030653	1.39504
134.1096021	-2.64018394	1.4028
134.1821723	-2.64981266	1.41148
134.2548211	-2.65904437	1.42102
134.3275486	-2.66774898	1.43131
134.4003549	-2.67582525	1.44222
134.4732402	-2.68319884	1.4536
134.5462046	-2.68984143	1.46526
134.6192482	-2.69576495	1.47705
134.6923712	-2.70101492	1.4888
134.7655737	-2.70568021	1.50037
134.8388557	-2.70987703	1.51166
134.9122175	-2.71374215	1.5226
134.9856592	-2.71742531	1.53317
135.0591809	-2.72108091	1.54339
135.1327827	-2.7248506	1.55335
135.2064648	-2.72884161	1.56318
135.2802273	-2.73313338	1.57302
135.3540703	-2.73776382	1.58307
135.4279939	-2.74271828	1.59352
135.5019984	-2.74792826	1.60458
135.5760837	-2.75327158	1.61642
135.6502502	-2.75859041	1.62918
135.7244978	-2.76367913	1.64299
135.7988267	-2.76830295	1.65788
135.8732371	-2.77221116	1.67386
135.9477291	-2.77515037	1.69083
136.0223028	-2.77688993	1.70865
136.0969584	-2.77721977	1.72712
136.171696	-2.77597074	1.74597
136.2465157	-2.77303727	1.76488
136.3214176	-2.76838009	1.78352
136.396402	-2.76201997	1.80155
136.4714689	-2.7540593	1.8186
136.5466184	-2.74467563	1.83437
136.6218508	-2.73409775	1.84859
136.6971661	-2.72261455	1.86103
136.7725646	-2.71055512	1.87156
136.8480462	-2.69826946	1.88011
136.9236112	-2.68610812	1.88672
136.9992597	-2.67440796	1.89148
137.0749918	-2.66347464	1.89459
137.1508077	-2.65356353	1.89629
137.2267075	-2.64486587	1.8969
137.3026914	-2.63750185	1.89674
137.3787594	-2.63152081	1.89617
137.4549118	-2.62688805	1.89554
137.5311487	-2.62349971	1.89516
137.6074702	-2.62119128	1.89531
137.6838764	-2.6197437	1.89621
137.7603675	-2.61889992	1.89801
137.8369437	-2.61838302	1.90078
137.913605	-2.61792421	1.9045
137.9903517	-2.61726191	1.90912
138.0671838	-2.61616957	1.91446
138.1441016	-2.61447604	1.92034
138.221105	-2.61205071	1.92653
138.2981944	-2.60883317	1.93275
138.3753698	-2.60483137	1.93875
138.4526314	-2.60010979	1.94428
138.5299794	-2.59478679	1.94913
138.6074138	-2.58902741	1.95312
138.6849348	-2.5830221	1.95615
138.7625425	-2.57698461	1.95813
138.8402372	-2.57113654	1.95908
138.918019	-2.56567915	1.95905
138.9958879	-2.56080281	1.95813
139.0738442	-2.55666548	1.95648
139.1518879	-2.5533885	1.95426
139.2300193	-2.55105453	1.95168
139.3082385	-2.54969383	1.94895
139.3865457	-2.54929326	1.94627
139.4649409	-2.5498066	1.94382
139.5434244	-2.55114375	1.94179
139.6219962	-2.55318645	1.94029
139.7006566	-2.55580267	1.93943
139.7794056	-2.55884649	1.93926
139.8582435	-2.5621669	1.93981
139.9371704	-2.56562816	1.94103
140.0161864	-2.56911756	1.94288
140.0952916	-2.5725432	1.94527
140.1744863	-2.57584591	1.94811
140.2537706	-2.57899534	1.9513
140.3331447	-2.58199752	1.95474
140.4126086	-2.58488343	1.95837
140.4921626	-2.58769228	1.96215
140.5718068	-2.59048331	1.96604
140.6515413	-2.59331611	1.97008
140.7313663	-2.59623086	1.97431
140.811282	-2.59926049	1.97879
140.8912885	-2.60241453	1.98362
140.971386	-2.60566957	1.9889
141.0515746	-2.60897439	1.99473
141.1318544	-2.61224559	2.00121
141.2122258	-2.61537353	2.00841
141.2926887	-2.61821933	2.0164
141.3732433	-2.62062859	2.02518
141.4538899	-2.62243343	2.03476
141.5346285	-2.62345491	2.04507
141.6154593	-2.62352678	2.05601
141.6963825	-2.62248723	2.06745
141.7773983	-2.62020222	2.07918
141.8585067	-2.61657395	2.09099
141.939708	-2.61154562	2.10261
142.0210023	-2.60510819	2.11378
142.1023898	-2.59731188	2.12419
142.1838706	-2.5882682	2.13358
142.2654449	-2.57814392	2.14168
142.3471129	-2.5671578	2.14829
142.4288747	-2.55557311	2.15323
142.5107305	-2.54368562	2.15642
142.5926804	-2.53180382	2.15783
142.6747246	-2.5202276	2.15754
142.7568633	-2.50923033	2.15567
142.8390966	-2.499046	2.15243
142.9214247	-2.48985043	2.14806
143.0038478	-2.48175757	2.14284
143.0863659	-2.4748087	2.13706
143.1689794	-2.46897741	2.13099
143.2516883	-2.46417815	2.12487
143.3344929	-2.46028329	2.11888
143.4173932	-2.45713521	2.11316
143.5003895	-2.45456515	2.10777
143.5834819	-2.45240409	2.10274
143.6666705	-2.45050309	2.09801
143.7499557	-2.44874383	2.09352
143.8333374	-2.44704374	2.08915
143.9168159	-2.44535611	2.08481
144.0003914	-2.44366242	2.08038
144.084064	-2.44198045	2.07576
144.1678339	-2.44035174	2.07087
144.2517013	-2.43883032	2.06566
144.3356663	-2.43747142	2.0601
144.4197291	-2.43633638	2.05416
144.5038899	-2.4354919	2.04784
144.5881488	-2.43499047	2.04117
144.672506	-2.43487577	2.03416
144.7569618	-2.43518916	2.02684
144.8415162	-2.43596162	2.01924
144.9261694	-2.4372218	2.01138
145.0109217	-2.43899621	2.00329
145.0957731	-2.441309	1.99499
145.1807239	-2.44418783	1.9865
145.2657742	-2.44766546	1.97784
145.3509242	-2.45177863	1.96904
145.4361741	-2.45656305	1.96014
145.5215241	-2.462055	1.95118
145.6069743	-2.46829517	1.94221
145.6925249	-2.47531668	1.93331
145.7781761	-2.48314618	1.92455
145.8639281	-2.49179742	1.91604
145.949781	-2.5012694	1.90787
146.035735	-2.51154134	1.90017
146.1217904	-2.52256877	1.89304
146.2079472	-2.53428529	1.8866
146.2942057	-2.54660379	1.88093
146.380566	-2.55942629	1.87611
146.4670283	-2.57263039	1.87221
146.5535929	-2.58608592	1.86924
146.6402598	-2.59966826	1.8672
146.7270293	-2.61325523	1.86606
146.8139015	-2.62672992	1.86577
146.9008767	-2.64000346	1.86622
146.9879549	-2.65301608	1.86733
147.0751365	-2.6657219	1.869
147.1624216	-2.67811026	1.87111
147.2498103	-2.69020049	1.87358
147.3373028	-2.70202247	1.87635
147.4248994	-2.71362112	1.87937
147.5126003	-2.72503913	1.88265
147.6004055	-2.7363055	1.8862
147.6883153	-2.74742994	1.89007
147.7763299	-2.75840247	1.89429
147.8644495	-2.76918562	1.89893
147.9526742	-2.77970661	1.90402
148.0410042	-2.7898803	1.90956
148.1294398	-2.79960427	1.91554
148.2179811	-2.80877897	1.92187
148.3066284	-2.81731961	1.92846
148.3953817	-2.82516491	1.93515
148.4842413	-2.83229291	1.94178
148.5732074	-2.83872273	1.94816
148.6622802	-2.84452407	1.95411
148.7514598	-2.8498113	1.95947
148.8407465	-2.85474164	1.96411
148.9301405	-2.85949583	1.96797
149.0196419	-2.86426733	1.97102
149.1092509	-2.86924923	1.97331
149.1989677	-2.87461471	1.97493
149.2887926	-2.88051163	1.97602
149.3787258	-2.88704275	1.97677
149.4687673	-2.89425692	1.97738
149.5589174	-2.9021545	1.97805
149.6491764	-2.91068359	1.97898
149.7395444	-2.91974552	1.98033
149.8300215	-2.92921195	1.98222
149.9206081	-2.93892648	1.98474
150.0113043	-2.94872402	1.9879
150.1021103	-2.95844917	1.99168
150.1930263	-2.96795235	1.99602
150.2840525	-2.97711491	2.00079
150.3751891	-2.98585097	2.00587
150.4664362	-2.99411492	2.01108
150.5577942	-3.00190294	2.01628
150.6492632	-3.00923926	2.02131
150.7408435	-3.01619709	2.02601
150.8325351	-3.02287498	2.03029
150.9243383	-3.02939442	2.03404
151.0162534	-3.03589627	2.03723
151.1082804	-3.04252214	2.03984
151.2004198	-3.04942308	2.04189
151.2926715	-3.05673158	2.04347
151.3850359	-3.06456061	2.04466
151.4775131	-3.07300249	2.0456
151.5701034	-3.0821156	2.04643
151.6628069	-3.0919288	2.04731
151.7556239	-3.10243055	2.04841
151.8485546	-3.11357217	2.04988
151.9415992	-3.12527148	2.05186
152.0347579	-3.13742717	2.05444
152.1280308	-3.14991612	2.05772
152.2214183	-3.16259667	2.06173
152.3149205	-3.17533084	2.06647
152.4085377	-3.18799664	2.07189
152.50227	-3.20048185	2.07795
152.5961177	-3.21269341	2.08454
152.6900809	-3.22457257	2.09156
152.7841599	-3.23609027	2.09889
152.878355	-3.24724024	2.10644
152.9726662	-3.25803689	2.1141
153.0670939	-3.26852639	2.12178
153.1616382	-3.2787625	2.12944
153.2562995	-3.28880349	2.13703
153.3510777	-3.29871461	2.14454
153.4459733	-3.30855184	2.15198
153.5409864	-3.31836886	2.15936
153.6361173	-3.32820182	2.16674
153.7313661	-3.33807381	2.17414
153.826733	-3.34800185	2.18162
153.9222184	-3.35798405	2.18923
154.0178224	-3.36800119	2.19703
154.1135452	-3.37801768	2.20506
154.2093871	-3.3879919	2.21335
154.3053482	-3.39786592	2.22194
154.4014289	-3.40756975	2.23083
154.4976293	-3.41702572	2.24002
154.5939496	-3.42615499	2.24946
154.6903901	-3.43488961	2.25909
154.786951	-3.44316673	2.26883
154.8836326	-3.45094041	2.27856
154.980435	-3.45820385	2.28813
155.0773584	-3.46497862	2.29742
155.1744032	-3.4713195	2.30627
155.2715695	-3.47732251	2.31456
155.3688576	-3.48311482	2.32218
155.4662677	-3.48885074	2.32907
155.5638	-3.4946902	2.33522
155.6614547	-3.5007991	2.34064
155.7592321	-3.50733211	2.34542
155.8571324	-3.5144193	2.34966
155.9551559	-3.52215655	2.35352
156.0533028	-3.53060275	2.35714
156.1515732	-3.53978509	2.36069
156.2499675	-3.54968758	2.36433
156.3484859	-3.56026478	2.36819
156.4471286	-3.57145359	2.37238
156.5458959	-3.58316805	2.377
156.6447879	-3.59532218	2.38208
156.743805	-3.60782927	2.38768
156.8429473	-3.62060409	2.39379
156.9422151	-3.63357506	2.40042
157.0416087	-3.64666809	2.40756
157.1411282	-3.65983063	2.41516
157.2407739	-3.6730174	2.42322
157.3405461	-3.68618532	2.43169
157.440445	-3.69930685	2.44054
157.5404708	-3.7123616	2.44973
157.6406238	-3.72533709	2.45923
157.7409043	-3.73822285	2.46901
157.8413123	-3.7510246	2.47902
157.9418483	-3.76375052	2.48926
158.0425125	-3.77641149	2.49969
158.143305	-3.78902798	2.51031
158.2442262	-3.80162177	2.52111
158.3452763	-3.81420929	2.53212
158.4464555	-3.8267988	2.54335
158.5477641	-3.83939021	2.55484
158.6492024	-3.85197958	2.5666
158.7507705	-3.8645512	2.57869
158.8524687	-3.87706427	2.59114
158.9542974	-3.88947529	2.60396
159.0562566	-3.90173264	2.61717
159.1583468	-3.91377603	2.63076
159.2605681	-3.92554474	2.64471
159.3629208	-3.93697674	2.65898
159.4654051	-3.94802638	2.67349
159.5680213	-3.95866099	2.68818
159.6707697	-3.96886055	2.70295
159.7736505	-3.97863306	2.7177
159.8766639	-3.98801333	2.73233
159.9798103	-3.99705096	2.74677
160.0830898	-4.00582176	2.76092
160.1865028	-4.01442149	2.77475
160.2900495	-4.0229541	2.78822
160.3937301	-4.03153726	2.80134
160.497545	-4.04028078	2.81416
160.6014943	-4.04928427	2.82675
160.7055784	-4.05862529	2.83923
160.8097974	-4.06835569	2.85172
160.9141517	-4.07849219	2.86439
161.0186416	-4.08900253	2.8774
161.1232672	-4.09981555	2.8909
161.2280289	-4.11081001	2.90504
161.3329269	-4.12183231	2.91989
161.4379615	-4.13270105	2.93552
161.543133	-4.14321906	2.95189
161.6484415	-4.15320403	2.96892
161.7538875	-4.16249583	2.98646
161.8594711	-4.17097668	3.00431
161.9651926	-4.1785911	3.02222
162.0710524	-4.18534803	3.03995
162.1770506	-4.19132624	3.05724
162.2831875	-4.19666423	3.0739
162.3894635	-4.20155097	3.08975
162.4958788	-4.20621479	3.10471
162.6024336	-4.21089314	3.11876
162.7091282	-4.21581793	3.13196
162.815963	-4.22119766	3.14443
162.9229381	-4.22719786	3.15636
163.030054	-4.23393256	3.16796
163.1373107	-4.24145776	3.17948
163.2447087	-4.2497732	3.19115
163.3522482	-4.25882087	3.20322
163.4599294	-4.268485	3.21589
163.5677527	-4.27861396	3.22932
163.6757184	-4.28902634	3.24363
163.7838267	-4.29952538	3.25888
163.8920778	-4.30989636	3.27511
164.0004722	-4.31993082	3.29225
164.1090101	-4.3294401	3.31023
164.2176917	-4.33825645	3.3289
164.3265173	-4.34624686	3.3481
164.4354873	-4.35331552	3.36762
164.5446019	-4.35941651	3.38724
164.6538614	-4.36455552	3.40673
164.7632661	-4.36878072	3.42589
164.8728163	-4.37218499	3.44451
164.9825123	-4.37490168	3.46244
165.0923543	-4.37708617	3.47956
165.2023427	-4.37890988	3.4958
165.3124777	-4.38054372	3.51114
165.4227597	-4.38214432	3.5256
165.533189	-4.38385934	3.53921
165.6437657	-4.38580783	3.55207
165.7544903	-4.38808135	3.56424
165.865363	-4.39075243	3.57582
165.9763842	-4.39387606	3.58687
166.087554	-4.39749971	3.59747
166.1988729	-4.40166588	3.60767
166.3103411	-4.4064234	3.61753
166.421959	-4.41182654	3.62711
166.5337267	-4.41792864	3.6365
166.6456447	-4.42478107	3.64579
166.7577132	-4.43242454	3.65512
166.8699325	-4.44086785	3.66465
166.982303	-4.45009288	3.67454
167.0948249	-4.46003266	3.685
167.2074986	-4.47056573	3.69619
167.3203243	-4.48152965	3.70826
167.4333024	-4.49271874	3.72131
167.5464332	-4.50389817	3.73538
167.6597169	-4.51481551	3.75044
167.773154	-4.5252345	3.76635
167.8867446	-4.53495925	3.78292
168.0004892	-4.5438371	3.7999
168.114388	-4.55178435	3.81697
168.2284413	-4.5588133	3.83378
168.3426495	-4.56501951	3.85002
168.4570128	-4.57058379	3.86537
168.5715317	-4.57576927	3.8796
168.6862064	-4.58089428	3.89255
168.8010372	-4.58631986	3.90416
168.9160244	-4.59241473	3.9145
169.0311684	-4.59951844	3.92375
169.1464695	-4.6079222	3.93218
169.261928	-4.6178431	3.94016
169.3775442	-4.62938866	3.94813
169.4933185	-4.64255729	3.95652
169.6092512	-4.65723564	3.96578
169.7253425	-4.67319097	3.9763
169.8415929	-4.69010827	3.98836
169.9580027	-4.70760448	4.00217
170.0745721	-4.72526611	4.01776
170.1913016	-4.7426894	4.03507
170.3081914	-4.7595034	4.05389
170.4252418	-4.77541768	4.0739
170.5424533	-4.79023824	4.09472
170.6598261	-4.80388439	4.11591
170.7773606	-4.81639824	4.13704
170.8950571	-4.82793819	4.15771
171.0129159	-4.83875313	4.17762
171.1309374	-4.84916722	4.19653
171.2491219	-4.85954405	4.21437
171.3674698	-4.87024282	4.23116
171.4859813	-4.88159665	4.24705
171.6046569	-4.8938795	4.26228
171.7234968	-4.90727713	4.27718
171.8425015	-4.92187545	4.29209
171.9616712	-4.93767015	4.30735
172.0810064	-4.95457088	4.32327
172.2005072	-4.97241483	4.3401
172.3201742	-4.99100315	4.35799
172.4400076	-5.01011449	4.37705
172.5600077	-5.02953521	4.39726
172.680175	-5.04908388	4.41858
172.8005098	-5.0686204	4.44089
172.9210124	-5.0880561	4.46408
173.0416832	-5.10734605	4.48802
173.1625226	-5.12648594	4.51261
173.2835308	-5.14550523	4.53776
173.4047083	-5.16444715	4.56345
173.5260553	-5.18334466	4.58968
173.6475723	-5.20222097	4.61647
173.7692597	-5.22108268	4.64386
173.8911177	-5.23991067	4.6719
174.0131467	-5.25866448	4.70062
174.1353471	-5.27728864	4.73004
174.2577193	-5.29571701	4.76015
174.3802635	-5.31389133	4.7909
174.5029803	-5.33176922	4.82223
174.6258699	-5.34932483	4.85406
174.7489327	-5.3665622	4.88629
174.8721691	-5.3835132	4.91884
174.9955794	-5.40023283	4.95163
175.119164	-5.41680366	4.9846
175.2429233	-5.43331705	5.01774
175.3668577	-5.44987095	5.05104
175.4909674	-5.46656264	5.08455
175.615253	-5.48347438	5.11833
175.7397147	-5.50067228	5.15247
175.864353	-5.51820509	5.18706
175.9891682	-5.53610507	5.22221
176.1141607	-5.55437684	5.25804
176.2393308	-5.57300972	5.29464
176.364679	-5.59198737	5.33211
176.4902057	-5.61127309	5.37056
176.6159111	-5.63081595	5.41007
176.7417958	-5.65055906	5.45072
176.86786	-5.67044256	5.49257
176.9941042	-5.69039455	5.5357
177.1205287	-5.71033683	5.58014
177.247134	-5.73020248	5.62592
177.3739204	-5.74991805	5.67308
177.5008883	-5.76942357	5.7216
177.6280381	-5.78867808	5.7715
177.7553703	-5.80764749	5.82278
177.8828851	-5.82632408	5.87544
178.0105829	-5.84471309	5.92953
178.1384643	-5.86282302	5.98511
178.2665295	-5.88066189	6.04229
178.394779	-5.89821969	6.10122
178.5232131	-5.91544994	6.1621
178.6518324	-5.93226329	6.22514
178.780637	-5.94851057	6.2906
178.9096276	-5.9639757	6.35871
179.0388044	-5.97837443	6.42971
179.1681679	-5.99135958	6.50377
179.2977184	-6.00252068	6.58105
179.4274565	-6.01139653	6.66159
179.5573824	-6.01749063	6.74539
179.6874966	-6.02027986	6.83232
179.8177996	-6.01924476	6.92216
179.9482917	-6.01388501	7.01458
180.0789732	-6.00372994	7.10917
180.2098448	-5.98836302	7.20539
180.3409067	-5.96744938	7.30263
180.4721593	-5.94073416	7.40022
180.6036032	-5.90806922	7.4974
180.7352387	-5.86942388	7.59341
180.8670662	-5.82487695	7.68747
180.9990861	-5.7746256	7.77881
181.131299	-5.71897192	7.86671
181.2637051	-5.65832367	7.95047
181.3963049	-5.59318328	8.02949
181.5290989	-5.52412819	8.10323
181.6620874	-5.45180994	8.17124
181.795271	-5.37693357	8.23318
181.9286499	-5.30024609	8.2888
182.0622248	-5.22252486	8.33797
182.1959959	-5.14456587	8.38066
182.3299637	-5.06717394	8.41697
182.4641287	-4.99112637	8.44715
182.5984913	-4.91716551	8.47153
182.7330519	-4.84598213	8.4906
182.867811	-4.77817168	8.50496
183.002769	-4.71423423	8.51527
183.1379263	-4.65456051	8.52229
183.2732835	-4.59940752	8.52682
183.4088408	-4.54890705	8.52966
183.5445989	-4.50307107	8.53161
183.680558	-4.46179991	8.53343
183.8167188	-4.42488898	8.53585
183.9530815	-4.39205064	8.53951
184.0896468	-4.36291968	8.54503
184.2264149	-4.33706388	8.55292
184.3633864	-4.31399534	8.56366
184.5005618	-4.29316343	8.57764
184.6379414	-4.27396964	8.59517
184.7755257	-4.25577299	8.61647
184.9133153	-4.23789106	8.64167
185.0513105	-4.21961712	8.67076
185.1895119	-4.2002415	8.70361
185.3279198	-4.17908249	8.73992
185.4665347	-4.15552467	8.77926
185.6053572	-4.12903677	8.82108
185.7443876	-4.09920652	8.8647
185.8836265	-4.06577211	8.90937
186.0230743	-4.0286313	8.95431
186.1627315	-3.98783783	8.99876
186.3025985	-3.9435964	9.042
186.4426759	-3.89623366	9.08343
186.582964	-3.84617397	9.12253
186.7234634	-3.79391275	9.15894
186.8641746	-3.73996279	9.19244
187.005098	-3.68483995	9.2229
187.1462342	-3.62903643	9.25033
187.2875835	-3.57300952	9.27478
187.4291465	-3.51717694	9.2964
187.5709237	-3.46192205	9.31534
187.7129155	-3.40759566	9.33184
187.8551225	-3.35451845	9.34613
187.9975451	-3.30299913	9.35851
188.1401838	-3.25330479	9.36936
188.2830392	-3.2056552	9.3791
188.4261116	-3.16019659	9.38826
188.5694016	-3.1169793	9.39739
188.7129098	-3.07594479	9.40711
188.8566365	-3.03687809	9.41807
189.0005823	-2.9994235	9.43082
189.1447477	-2.96309242	9.44588
189.2891333	-2.92727169	9.4636
189.4337394	-2.89127844	9.48416
189.5785666	-2.8544	9.50755
189.7236155	-2.81595534	9.53354
189.8688865	-2.77534787	9.56174
190.0143801	-2.73210422	9.59161
190.1600969	-2.68589859	9.62254
190.3060373	-2.63657174	9.65386
190.4522019	-2.5841191	9.68497
190.5985912	-2.52865387	9.71533
190.7452058	-2.4703816	9.74451
190.892046	-2.4095469	9.77222
191.0391125	-2.34638946	9.79827
191.1864058	-2.28111525	9.82256
191.3339264	-2.21387872	9.84503
191.4816749	-2.14477666	9.86564
191.6296517	-2.07385846	9.88431
191.7778574	-2.00115133	9.90091
191.9262925	-1.92670185	9.91522
192.0749575	-1.85060152	9.927
192.2238531	-1.77300928	9.93595
192.3729796	-1.69417619	9.94179
192.5223378	-1.61443844	9.94429
192.671928	-1.53420662	9.94331
192.8217509	-1.45392697	9.93886
192.971807	-1.37404023	9.93108
193.1220968	-1.29493438	9.92028
193.2726208	-1.21690049	9.90688
193.4233798	-1.14008745	9.89143
193.574374	-1.06446916	9.8745
193.7256043	-0.98983591	9.85666
193.877071	-0.91579842	9.83838
194.0287747	-0.84181069	9.82
194.180716	-0.76720962	9.80164
194.3328955	-0.69128584	9.78317
194.4853137	-0.61332873	9.76424
194.6379712	-0.53270648	9.74418
194.7908685	-0.44893361	9.72214
194.9440062	-0.36172316	9.69703
195.0973849	-0.27104938	9.66765
195.2510051	-0.17715488	9.63276
195.4048675	-0.08056205	9.59112
195.5589725	0.01792209	9.54158
195.7133208	0.11724283	9.48318
195.8679129	0.21614358	9.41517
196.0227494	0.31321048	9.33707
196.177831	0.4069353	9.2487
196.3331581	0.49577511	9.15018
196.4887314	0.57821445	9.04194
196.6445514	0.65280488	8.92466
196.8006187	0.71822331	8.79933
196.956934	0.77330264	8.6671
197.1134978	0.81705778	8.52937
197.2703107	0.84873121	8.38767
197.4273733	0.86778833	8.24363
197.5846862	0.87394233	8.09899
197.74225	0.86717435	7.95551
197.9000653	0.84772432	7.81493
198.0581327	0.81609574	7.67895
198.2164528	0.77304426	7.54914
198.3750262	0.71955866	7.42693
198.5338535	0.65682566	7.31351
198.6929354	0.586175	7.20983
198.8522724	0.50904324	7.11658
199.0118652	0.42690929	7.03413
199.1717143	0.34122182	6.96257
199.3318205	0.25335296	6.90174
199.4921842	0.16455122	6.85125
199.6528062	0.07590891	6.81055
199.813687	-0.01165912	6.77896
199.9748274	-0.09741604	6.75576
200.1362278	-0.18079312	6.7402
200.297889	-0.26136936	6.73158
200.4598116	-0.33883595	6.72925
200.6219962	-0.41297021	6.73263
200.7844434	-0.48359943	6.74122
200.9471539	-0.55058934	6.75455
201.1101283	-0.61382073	6.77224
201.2733673	-0.67317358	6.79391
201.4368715	-0.72853411	6.81921
201.6006416	-0.77979113	6.84779
201.7646782	-0.82683628	6.87931
201.928982	-0.86957692	6.9134
202.0935535	-0.90793657	6.94972
202.2583936	-0.94184226	6.98792
202.4235027	-0.97124029	7.02763
202.5888817	-0.99608567	7.06851
202.7545311	-1.01634066	7.11018
202.9204516	-1.03198733	7.15226
203.0866439	-1.04301765	7.19436
203.2531086	-1.04944166	7.23605
203.4198465	-1.05130752	7.27686
203.5868581	-1.04871663	7.31629
203.7541442	-1.04183272	7.35382
203.9217055	-1.03091008	7.38889
204.0895425	-1.01629306	7.421
204.2576561	-0.99842281	7.44964
204.4260469	-0.97783594	7.47442
204.5947155	-0.95513631	7.49503
204.7636627	-0.93098542	7.51129
204.9328891	-0.90606362	7.52318
205.1023955	-0.8810214	7.53084
205.2721826	-0.85645454	7.53452
205.4422509	-0.832868	7.53462
205.6126013	-0.81064913	7.53159
205.7832345	-0.79005922	7.52594
205.9541511	-0.77123355	7.51815
206.1253518	-0.75419829	7.50867
206.2968374	-0.73889053	7.49786
206.4686086	-0.72519689	7.48598
206.6406661	-0.71298654	7.47319
206.8130105	-0.70214649	7.45955
206.9856427	-0.69260643	7.44506
207.1585633	-0.68434844	7.42968
207.3317731	-0.67741649	7.41335
207.5052728	-0.67191489	7.39603
207.6790631	-0.66799404	7.37772
207.8531448	-0.66583716	7.35847
208.0275185	-0.66563335	7.33841
208.2021851	-0.66756627	7.3177
208.3771452	-0.67180103	7.29658
208.5523996	-0.67846591	7.27532
208.727949	-0.68764889	7.25423
208.9037943	-0.69939695	7.23363
209.0799361	-0.7137067	7.21388
209.2563751	-0.73052314	7.19532
209.4331122	-0.74974743	7.1783
209.6101481	-0.77123175	7.16316
209.7874836	-0.7947806	7.15023
209.9651193	-0.8201437	7.13983
210.1430562	-0.84701607	7.13224
210.3212949	-0.87504271	7.1277
210.4998362	-0.90382943	7.12638
210.6786808	-0.9329501	7.1284
210.8578297	-0.96194918	7.1338
211.0372835	-0.99037182	7.14251
211.217043	-1.01777924	7.1544
211.3971089	-1.04376297	7.16924
211.5774822	-1.06795216	7.18676
211.7581635	-1.09003455	7.20658
211.9391537	-1.10977322	7.22831
212.1204536	-1.12699831	7.25152
212.3020639	-1.14161554	7.27577
212.4839854	-1.15359826	7.30063
212.666219	-1.16298674	7.32567
212.8487654	-1.16988759	7.35049
213.0316255	-1.17446015	7.37473
213.2148	-1.17691974	7.39805
213.3982898	-1.17751906	7.4202
213.5820957	-1.17654196	7.44094
213.7662186	-1.17430255	7.46012
213.9506591	-1.17112557	7.47764
214.1354182	-1.16733559	7.49348
214.3204967	-1.16324419	7.50767
214.5058953	-1.15913885	7.52031
214.6916151	-1.15526944	7.53154
214.8776566	-1.15184823	7.54153
215.0640209	-1.14904369	7.55048
215.2507088	-1.14698842	7.55858
215.437721	-1.145778	7.56605
215.6250585	-1.14547473	7.57308
215.812722	-1.14611736	7.57987
216.0007125	-1.14772921	7.58659
216.1890308	-1.15032428	7.59343
216.3776778	-1.15389258	7.60059
216.5666543	-1.15840477	7.60826
216.7559611	-1.16380207	7.61666
216.9455992	-1.17000317	7.62597
217.1355694	-1.17688971	7.63643
217.3258726	-1.18430368	7.64821
217.5165097	-1.19205536	7.66151
217.7074815	-1.19991033	7.67648
217.8987889	-1.20760419	7.69324
218.0904329	-1.21484227	7.71187
218.2824142	-1.22130442	7.7324
218.4747339	-1.22665462	7.7548
218.6673927	-1.23054346	7.77899
218.8603916	-1.23262199	7.8048
219.0537315	-1.23255661	7.832
219.2474133	-1.23004339	7.86027
219.4414379	-1.22481696	7.88924
219.6358063	-1.21667546	7.91843
219.8305192	-1.20549664	7.94734
220.0255777	-1.19125147	7.97539
220.2209826	-1.17402114	8.00201
220.416735	-1.15398988	8.02663
220.6128356	-1.13145155	8.04871
220.8092855	-1.10679981	8.06778
221.0060856	-1.08050624	8.08346
221.2032368	-1.0531045	8.09546
221.40074	-1.02516914	8.10361
221.5985962	-0.99729011	8.10785
221.7968064	-0.97004648	8.10824
221.9953715	-0.94399808	8.10491
222.1942925	-0.91966814	8.09811
222.3935702	-0.89753266	8.08813
222.5932057	-0.87803027	8.07533
222.7932	-0.86154719	8.06014
222.9935539	-0.84841452	8.04303
223.1942686	-0.83891311	8.02452
223.3953449	-0.83325852	8.0052
223.5967838	-0.83159	7.9857
223.7985863	-0.8339516	7.96672
224.0007534	-0.84027874	7.94897
224.2032861	-0.85038431	7.9332
224.4061854	-0.86394346	7.92013
224.6094522	-0.88050357	7.91043
224.8130876	-0.89948151	7.90471
225.0170926	-0.92017818	7.90345
225.2214682	-0.94180702	7.907
225.4262153	-0.96351143	7.91556
225.6313351	-0.98440175	7.92914
225.8368285	-1.00358983	7.94759
226.0426965	-1.02021176	7.97059
226.2489402	-1.03345534	7.99766
226.4555606	-1.04258393	8.02817
226.6625588	-1.0469526	8.06136
226.8699357	-1.04603792	8.09632
227.0776924	-1.03945504	8.13206
227.28583	-1.02697037	8.16748
227.4943495	-1.00853006	8.20141
227.703252	-0.98428032	8.23263
227.9125384	-0.95459016	8.25991
228.12221	-0.92005334	8.28208
228.3322676	-0.88148526	8.29805
228.5427125	-0.83992558	8.30687
228.7535457	-0.79660161	8.30783
228.9647682	-0.75287731	8.30047
229.1763811	-0.71020572	8.28463
229.3883855	-0.67005946	8.26048
229.6007826	-0.63385923	8.22851
229.8135733	-0.60291207	8.18951
230.0267589	-0.57833287	8.14457
230.2403403	-0.56100273	8.09494
230.4543187	-0.55153846	8.04205
230.6686952	-0.55027358	7.98736
230.8834709	-0.55726732	7.93235
231.098647	-0.57231239	7.87842
231.3142245	-0.59498008	7.82683
231.5302045	-0.62466146	7.77869
231.7465883	-0.66060024	7.73493
231.9633769	-0.70194597	7.69626
232.1805715	-0.74779905	7.66321
232.3981732	-0.79723398	7.63613
232.6161831	-0.84933648	7.61518
232.8346025	-0.90322982	7.60038
233.0534324	-0.95808124	7.59162
233.2726741	-1.01312313	7.58865
233.4923286	-1.06767258	7.59112
233.7123972	-1.12113312	7.5986
233.932881	-1.17300772	7.61057
234.1537812	-1.22291966	7.62645
234.375099	-1.27060904	7.64565
234.5968356	-1.31594359	7.66754
234.8189921	-1.3589234	7.69154
235.0415697	-1.39965607	7.71713
235.2645698	-1.43835562	7.74385
235.4879933	-1.47531446	7.77139
235.7118417	-1.51086103	7.79956
235.936116	-1.54533618	7.82831
236.1608174	-1.57904094	7.85776
236.3859474	-1.61219834	7.88813
236.6115069	-1.6449207	7.91976
236.8374973	-1.67717579	7.95303
237.0639198	-1.70878528	7.98831
237.2907757	-1.73942706	8.02592
237.5180661	-1.7686469	8.06607
237.7457924	-1.79590882	8.10878
237.9739558	-1.82063397	8.15392
238.2025575	-1.84226225	8.2011
238.4315989	-1.86031845	8.24977
238.6610812	-1.87446123	8.29918
238.8910056	-1.88453298	8.34848
239.1213734	-1.89059664	8.39673
239.352186	-1.89294264	8.44305
239.5834446	-1.89206723	8.48663
239.8151505	-1.88866277	8.52681
240.047305	-1.8835518	8.56319
240.2799095	-1.87762167	8.59559
240.5129651	-1.87176099	8.62412
240.7464733	-1.86678323	8.64913
240.9804353	-1.86336338	8.6712
241.2148526	-1.86199112	8.69105
241.4497263	-1.86293889	8.70951
241.6850579	-1.86624693	8.72741
241.9208486	-1.8717326	8.74553
242.1570999	-1.87902786	8.76449
242.3938131	-1.88762773	8.78475
242.6309895	-1.89694043	8.80654
242.8686305	-1.90635545	8.82986
243.1067375	-1.91531423	8.85447
243.3453118	-1.92336236	8.87996
243.5843548	-1.93020154	8.90574
243.8238679	-1.93571838	8.93117
244.0638525	-1.93999944	8.95555
244.30431	-1.94333184	8.97826
244.5452417	-1.9461675	8.99878
244.7866491	-1.94909842	9.01674
245.0285337	-1.95280052	9.03199
245.2708967	-1.95797269	9.04458
245.5137396	-1.9652894	9.05477
245.7570639	-1.97533775	9.06303
246.000871	-1.98857073	9.06997
246.2451624	-2.00527174	9.07632
246.4899393	-2.0255381	9.08283
246.7352035	-2.04928543	9.09024
246.9809561	-2.07626235	9.0992
247.2271989	-2.10608063	9.11024
247.4739331	-2.13826416	9.1237
247.7211603	-2.17230121	9.13975
247.9688819	-2.20770669	9.15834
248.2170995	-2.24407917	9.17928
248.4658146	-2.28113448	9.20225
248.7150285	-2.31873297	9.22687
248.9647429	-2.35689636	9.25273
249.2149592	-2.39580241	9.27949
249.465679	-2.43574732	9.30692
249.7169038	-2.47711219	9.33492
249.968635	-2.52032776	9.36355
250.2208743	-2.56581214	9.39307
250.4736232	-2.61392254	9.42387
250.7268832	-2.66492858	9.45647
250.9806558	-2.71898777	9.49147
251.2349427	-2.77613123	9.52953
251.4897454	-2.83625479	9.57132
251.7450655	-2.89914242	9.61746
252.0009045	-2.96447437	9.66856
252.257264	-3.03184708	9.72513
252.5141456	-3.10079406	9.78765
252.771551	-3.1707896	9.85652
253.0294817	-3.24127369	9.93208
253.2879393	-3.31160485	10.0147
253.5469255	-3.38112681	10.1045
253.8064418	-3.44913975	10.2018
254.0664899	-3.51477176	10.3068
254.3270714	-3.57710421	10.4194
254.5881881	-3.63518614	10.5395
254.8498414	-3.68803969	10.6667
255.1120332	-3.73462493	10.8006
255.3747649	-3.77400861	10.9401
255.6380384	-3.80539745	11.0843
255.9018553	-3.82826402	11.2315
256.1662173	-3.84241424	11.3804
256.431126	-3.84793896	11.5292
256.6965832	-3.84544868	11.6762
256.9625906	-3.83596708	11.82
257.2291499	-3.82077764	11.9596
257.4962627	-3.80148496	12.0941
257.7639309	-3.77987074	12.2235
258.0321562	-3.75771892	12.3481
258.3009402	-3.73658889	12.4692
258.5702848	-3.71770575	12.5881
258.8401917	-3.70195706	12.7068
259.1106627	-3.68959338	12.8276
259.3816995	-3.68032068	12.9526
259.653304	-3.67328047	13.0841
259.9254778	-3.66697418	13.224
260.1982229	-3.65957338	13.3735
260.4715409	-3.64894291	13.5337
260.7454337	-3.63272341	13.7048
261.0199032	-3.60854422	13.8866
261.2949511	-3.5741048	14.0782
261.5705793	-3.52736498	14.2782
261.8467895	-3.46656593	14.4849
262.1235838	-3.39027092	14.6962
262.4009638	-3.29749669	14.9097
262.6789315	-3.18765272	15.1231
262.9574888	-3.06043077	15.334
263.2366374	-2.9159875	15.5397
263.5163794	-2.75491015	15.7379
263.7967166	-2.57809176	15.9263
264.0776509	-2.38687039	16.1027
264.3591841	-2.18298482	16.2654
264.6413183	-1.96917893	16.4125
264.9240554	-1.75397881	16.543
265.2068299	-1.48640992	16.656
265.4907773	-1.2585833	16.7509
265.7753333	-1.01986351	16.8279
266.0605	-0.77866858	16.8872
266.3462793	-0.53776393	16.9296
266.6326731	-0.2988709	16.9561
266.9196835	-0.06328559	16.9676
267.2073125	0.16800111	16.9652
267.495562	0.3943566	16.9499
267.7844341	0.61524844	16.9222
268.0739308	0.83014943	16.8827
268.3640541	1.03856041	16.8317
268.6548061	1.23976021	16.7692
268.9461887	1.43276631	16.6954
269.2382041	1.61640177	16.6106
269.5308543	1.78930406	16.5154
269.8241415	1.95000161	16.4108
270.1180675	2.09715423	16.2985
270.4126347	2.22965842	16.1804
270.707845	2.34679537	16.0591
271.0037005	2.44840711	15.9373
271.3002035	2.53497661	15.818
271.597356	2.60773857	15.704
271.8951601	2.66853494	15.5976
272.193618	2.71968916	15.5006
272.4927319	2.76391908	15.4141
272.7925039	2.80407668	15.3382
273.0929361	2.84289098	15.2722
273.3940309	2.88274779	15.2145
273.6957903	2.92541733	15.1628
273.9982166	2.9719636	15.1145
274.3013119	3.02268315	15.0667
274.6050786	3.07698653	15.0165
274.9095188	3.13349787	14.9615
275.2146349	3.19019815	14.8998
275.5204289	3.2446947	14.8305
275.8269032	3.29431	14.7531
276.1340601	3.33633054	14.6685
276.4419019	3.36837266	14.5782
276.7504308	3.38848024	14.4845
277.0596492	3.39523445	14.3901
277.3695593	3.38795008	14.2984
277.6801635	3.36678398	14.2127
277.9914641	3.3325911	14.1362
278.3034635	3.28691816	14.0719
278.616164	3.23191683	14.0223
278.9295681	3.17022995	13.9894
279.2436779	3.10480663	13.9744
279.5584961	3.0387783	13.978
279.8740248	2.97537497	14.0001
280.1902667	2.9176607	14.0398
280.507224	2.86845498	14.0958
280.8248992	2.83037742	14.1663
281.1432948	2.80560182	14.2487
281.4624132	2.79575541	14.3403
281.7822568	2.80198601	14.4381
282.1028282	2.82492671	14.539
282.4241298	2.86463336	14.6397
282.7461642	2.92050745	14.737
283.0689338	2.99143131	14.8281
283.3924411	3.07584652	14.9104
283.7166888	3.1717387	14.9817
284.0416793	3.27676057	15.0404
284.3674151	3.38838537	15.0855
284.693899	3.50409714	15.1167
285.0211333	3.62140406	15.134
285.3491208	3.73807089	15.1384
285.6778641	3.85217778	15.1308
286.0073656	3.96214926	15.1129
286.3376282	4.06696796	15.0864
286.6686543	4.16605719	15.053
287.0004468	4.25925953	15.0143
287.3330081	4.34674097	14.9716
287.6663411	4.42892483	14.926
288.0004483	4.50636407	14.8781
288.3353326	4.57964635	14.8283
288.6709965	4.64921976	14.7764
289.0074429	4.71533056	14.7223
289.3446744	4.77806576	14.6656
289.6826939	4.83718394	14.6058
290.0215041	4.89219626	14.5427
290.3611077	4.94244796	14.4762
290.7015076	4.98726678	14.4067
291.0427066	5.02596984	14.3345
291.3847074	5.05800024	14.2606
291.7275129	5.08296617	14.1857
292.071126	5.10073974	14.1112
292.4155495	5.11154022	14.038
292.7607863	5.11576068	13.9671
293.1068392	5.11399305	13.8992
293.4537112	5.10698731	13.8349
293.8014052	5.09555814	13.7743
294.1499241	5.0803853	13.7172
294.4992708	5.06203084	13.6633
294.8494483	5.04076954	13.6118
295.2004595	5.01657004	13.5622
295.5523075	4.98915048	13.5138
295.9049952	4.95793896	13.4662
296.2585257	4.92210994	13.4191
296.6129019	4.88077352	13.3729
296.9681269	4.83308438	13.328
297.3242038	4.77815887	13.2852
297.6811357	4.71535853	13.2459
298.0389255	4.64431121	13.2114
298.3975764	4.56496692	13.1835
298.7570916	4.47762684	13.1637
299.1174741	4.38287497	13.1537
299.4787271	4.28165873	13.155
299.8408537	4.17513783	13.1688
300.2038571	4.06472741	13.1963
300.5677406	3.95193512	13.238
300.9325073	3.83833343	13.2946
301.2981604	3.72560772	13.3662
301.6647032	3.61529389	13.4526
302.0321389	3.5089155	13.5537
302.4004707	3.4079082	13.6688
302.7697021	3.31352402	13.7973
303.1398362	3.22686224	13.9383
303.5108764	3.14892272	14.0911
303.882826	3.08051533	14.2545
304.2556883	3.02223726	14.4277
304.6294668	2.97465443	14.6098
305.0041648	2.93816435	14.7998
305.3797857	2.91300899	14.9969
305.7563329	2.89942829	15.2005
306.1338099	2.89762725	15.4099
306.51222	2.90781067	15.6247
306.8915668	2.93029888	15.8445
307.2718538	2.96543364	16.0688
307.6530844	3.01363036	16.2973
308.0352621	3.07547059	16.5296
308.4183905	3.15154	16.765
308.8024732	3.24247595	17.003
309.1875137	3.34897101	17.2427
309.5735156	3.47167758	17.4832
309.9604825	3.61124861	17.7234
310.348418	3.76826132	17.962
310.7373258	3.94321007	18.1976
311.1272095	4.13641806	18.4285
311.5180729	4.34811664	18.6532
311.9099195	4.57841115	18.8697
312.3027531	4.82711778	19.076
312.6965776	5.09388026	19.2701
313.0913965	5.3780022	19.4496
313.4872137	5.67848008	19.6125
313.8840329	5.99396923	19.7564
314.281858	6.32273962	19.8794
314.6806929	6.66273643	19.9795
315.0805413	7.0114673	20.0551
315.4814071	7.36628454	20.1053
315.8832943	7.72436982	20.1292
316.2862066	8.08274449	20.1267
316.6901481	8.43847849	20.0981
317.0951228	8.78878016	20.0443
317.5011344	9.13108115	19.9665
317.9081872	9.46305923	19.8663
318.316285	9.78273827	19.7456
318.7254319	10.08841723	19.6063
319.1356319	10.37872728	19.4507
319.5468892	10.65262844	19.2809
319.9592077	10.90933646	19.0992
320.3725917	11.14842654	18.9079
320.7870453	11.36967409	18.709
321.2025725	11.57310802	18.5048
321.6191777	11.75902641	18.2972
322.0368649	11.92793053	18.0882
322.4556385	12.08056446	17.8795
322.8755026	12.21780611	17.6726
323.2964615	12.34063614	17.4688
323.7185196	12.45018709	17.2693
324.141681	12.54756922	17.0747
324.5659503	12.63378787	16.8857
324.9913316	12.70984855	16.7028
325.4178294	12.77672114	16.5264
325.8454481	12.83521868	16.3566
326.2741921	12.88605356	16.1938
326.7040659	12.92988519	16.0382
327.1350739	12.96739204	15.8904
327.5672206	12.99942933	15.7509
328.0005106	13.02685246	15.62
328.4349483	13.05065526	15.4984
328.8705385	13.07216637	15.3866
329.3072855	13.09280629	15.2846
329.7451941	13.1140978	15.1925
330.184269	13.13773306	15.1099
330.6245147	13.16535509	15.0359
331.0659359	13.19843561	14.9692
331.5085374	13.23818715	14.9081
331.952324	13.28541525	14.8505
332.3973003	13.34045878	14.7942
332.8434711	13.40312953	14.7368
333.2908414	13.47261133	14.676
333.7394159	13.54760726	14.61
334.1891995	13.62638726	14.5372
334.640197	13.70687921	14.4568
335.0924135	13.78696906	14.3687
335.5458539	13.86459178	14.2733
336.000523	13.93791689	14.1718
336.4564261	14.00546959	14.0657
336.9135679	14.06630149	13.9572
337.3719537	14.12008597	13.8484
337.8315886	14.16703357	13.7415
338.2924775	14.20791998	13.6385
338.7546257	14.2439537	13.541
339.2180383	14.27670756	13.4503
339.6827205	14.30803262	13.3671
340.1486776	14.33978456	13.2914
340.6159148	14.37379121	13.223
341.0844374	14.41171554	13.1609
341.5542507	14.45499082	13.1041
342.02536	14.50474288	13.0509
342.4977707	14.56174752	12.9998
342.9714882	14.62641254	12.9488
343.446518	14.69877994	12.8963
343.9228655	14.77864342	12.8405
344.4005361	14.86542078	12.7797
344.8795355	14.95826202	12.7125
345.3598691	15.0560777	12.6376
345.8415425	15.15764601	12.5542
346.3245615	15.26171835	12.4616
346.8089315	15.36696223	12.3593
347.2946583	15.47194839	12.247
347.7817475	15.57537216	12.125
348.2702051	15.67601169	11.9933
348.7600366	15.77266532	11.8524
349.2512479	15.86429782	11.7028
349.7438449	15.94990562	11.545
350.2378333	16.02858968	11.3798
350.7332192	16.09950596	11.2078
351.2300085	16.16187536	11.03
351.7282071	16.21505956	10.8473
352.227821	16.25845267	10.6607
352.7288563	16.29161358	10.4715
353.2313191	16.31428751	10.2809
353.7352154	16.32641076	10.0903
354.2405514	16.32809951	9.90092
354.7473333	16.31969478	9.71422
355.2555673	16.30180385	9.53138
355.7652597	16.27521579	9.3535
356.2764167	16.24088697	9.18142
356.7890446	16.19988111	9.01576
357.3031499	16.15330437	8.85682
357.8187388	16.10222313	8.70464
358.3358179	16.0476182	8.55902
358.8543936	15.99030591	8.4195
359.3744725	15.93089826	8.28553
359.896061	15.86978607	8.15645
360.4191657	15.80712654	8.03164
360.9437933	15.74287815	7.91057
361.4699504	15.67683426	7.79286
361.9976438	15.60868848	7.67836
362.5268801	15.53811681	7.56715
363.0576662	15.46484302	7.45952
363.5900088	15.38870496	7.35596
364.1239148	15.30971265	7.25709
364.6593912	15.22808288	7.16359
365.1964448	15.14423714	7.07609
365.7350826	15.05877939	6.99513
366.2753117	14.97246493	6.92108
366.8171391	14.88612617	6.85407
367.3605719	14.80061045	6.79404
367.9056172	14.71672322	6.7407
368.4522823	14.63517514	6.69361
369.0005744	14.55654604	6.65219
369.5505007	14.48127918	6.61584
370.1020687	14.40969516	6.58393
370.6552855	14.34200887	6.55588
371.2101587	14.27837605	6.53117
371.7666957	14.21892022	6.50931
372.3249039	14.16375616	6.48985
372.884791	14.11301061	6.47233
373.4463645	14.06680478	6.45622
374.009632	14.02522506	6.44092
374.5746012	13.98829527	6.42574
375.1412799	13.95592425	6.40988
375.7096758	13.92786519	6.3925
376.2797967	13.90367775	6.37272
376.8516505	13.882712	6.34975
377.4252451	13.86412258	6.32292
378.0005884	13.84690214	6.29179
378.5776885	13.82992967	6.25616
379.1565535	13.81204002	6.21617
379.7371914	13.79211911	6.17228
380.3196104	13.76918069	6.12525
380.9038187	13.74243961	6.0761
381.4898246	13.71136433	6.02603
382.0776364	13.67572796	5.97638
382.6672623	13.63561702	5.92846
383.258711	13.59140461	5.88352
383.8519907	13.54374365	5.84268
384.4471101	13.49349807	5.80678
385.0440776	13.44168084	5.77645
385.642902	13.38939662	5.75199
386.2435919	13.33775887	5.73342
386.846156	13.28782794	5.72047
387.4506031	13.24055869	5.71264
388.0569421	13.19674613	5.70919
388.6651818	13.15697889	5.70924
389.2753312	13.12161787	5.71181
389.8873994	13.09079627	5.71592
390.5013953	13.06441696	5.72059
391.1173281	13.04217164	5.72498
391.735207	13.02358729	5.72839
392.3550411	13.00806115	5.73032
392.9768399	12.99493639	5.73053
393.6006127	12.98355781	5.72897
394.2263688	12.97332608	5.72584
394.8541178	12.9637684	5.72152
395.4838692	12.9545717	5.71651
396.1156326	12.94560231	5.71138
396.7494176	12.93692276	5.70672
397.385234	12.92877849	5.70304
398.0230915	12.92156834	5.70075
398.663	12.91581368	5.7001
399.3049694	12.91210831	5.70115
399.9490097	12.91107277	5.70377
400.5951309	12.91330537	5.70762
401.243343	12.91932723	5.71217
401.8936564	12.9295513	5.71675
402.5460812	12.94424861	5.72054
403.2006276	12.96351754	5.72264
403.8573062	12.98726728	5.72209
404.5161272	13.01520343	5.71793
405.1771013	13.04683136	5.70925
405.840239	13.0814652	5.69523
406.5055508	13.11823561	5.67518
407.1730476	13.15612727	5.64863
407.8427401	13.19402274	5.61532
408.5146392	13.23074367	5.57526
409.1887558	13.26511846	5.52875
409.8651008	13.29605109	5.47637
410.5436854	13.32257329	5.41894
411.2245207	13.34390859	5.35753
411.9076179	13.35951489	5.29334
412.5929884	13.36912031	5.22771
413.2806433	13.3727388	5.16196
413.9705943	13.37065683	5.09738
414.6628528	13.36341235	5.03511
415.3574305	13.3517501	4.97612
416.0543389	13.33657899	4.92115
416.7535899	13.31891157	4.87068
417.4551953	13.29979923	4.82492
418.1591669	13.28028156	4.78384
418.8655169	13.26133711	4.74716
419.5742572	13.24383621	4.7144
420.2854	13.2285096	4.68491
420.9989576	13.21593458	4.65793
421.7149422	13.20651408	4.63258
422.4333663	13.20046466	4.60795
423.1542423	13.1978176	4.5831
423.8775829	13.19842228	4.55713
424.6034007	13.20195486	4.52918
425.3317084	13.20791805	4.49848
426.0625189	13.21567454	4.46442
426.7958451	13.22447783	4.42653
427.5317	13.23349502	4.38453
428.2700967	13.2418503	4.33835
429.0110484	13.24867227	4.28814
429.7545685	13.25314805	4.23427
430.5006701	13.25456133	4.17728
431.249367	13.25233092	4.11789
432.0006725	13.246048	4.05693
432.7546003	13.23549046	3.9953
433.5111643	13.2206407	3.93393
434.2703783	13.20166421	3.87367
435.0322561	13.17889222	3.81533
435.796812	13.15280888	3.75958
436.5640599	13.12399947	3.70693
437.3340141	13.09312128	3.65775
438.106689	13.06086687	3.61222
438.8820991	13.02793168	3.57038
439.6602589	12.9949774	3.53208
440.4411829	12.96259992	3.49706
441.2248861	12.93132189	3.46494
442.0113832	12.90155783	3.43522
442.8006893	12.87360904	3.40737
443.5928193	12.84765515	3.38078
444.3877885	12.82374078	3.35485
445.1856122	12.80178634	3.32899
445.9863058	12.781585	3.30265
446.7898847	12.76282463	3.27538
447.5963646	12.74510783	3.24681
448.4057613	12.72796922	3.2167
449.2180906	12.71090485	3.18494
450.0333684	12.69341668	3.15159
450.8516109	12.67503362	3.1168
451.6728342	12.65534877	3.0809
452.4970547	12.63404359	3.04426
453.3242888	12.61090731	3.00738
454.1545531	12.58585193	2.97074
454.9878642	12.55889822	2.93485
455.824239	12.53018697	2.90019
456.6636943	12.49995949	2.86717
457.5062472	12.46853486	2.83612
458.351915	12.43628646	2.80727
459.2007148	12.40362369	2.78076
460.0526642	12.37096883	2.75661
460.9077807	12.3387204	2.73473
461.7660819	12.30725124	2.71498
462.6275858	12.27689116	2.6971
463.4923103	12.24790518	2.68079
464.3602734	12.22048564	2.66568
465.2314934	12.19475044	2.6514
466.1059887	12.1707365	2.63753
466.9837778	12.14839173	2.62368
467.8648792	12.12758901	2.60948
468.7493119	12.10812669	2.5946
469.6370947	12.08974279	2.57878
470.5282467	12.07212497	2.56182
471.4227871	12.05493158	2.54363
472.3207352	12.03781761	2.5242
473.2221107	12.02044683	2.50361
474.1269331	12.00251947	2.48204
475.0352222	11.98379089	2.45973
475.9469981	11.96408906	2.43699
476.8622808	11.94331543	2.41413
477.7810906	11.92145521	2.39151
478.7034479	11.89857383	2.36943
479.6293733	11.87480559	2.34819
480.5588876	11.85034333	2.328
481.4920117	11.82541009	2.30902
482.4287665	11.80025633	2.29135
483.3691735	11.7751354	2.275
484.3132539	11.75029013	2.25994
485.2610294	11.72594615	2.24607
486.2125216	11.70229898	2.23325
487.1677525	11.67950515	2.22129
488.1267441	11.65767264	2.20998
489.0895187	11.63687775	2.19912
490.0560988	11.61715041	2.18845
491.0265069	11.59846908	2.17775
492.0007659	11.58077665	2.16679
492.9788986	11.563963	2.15534
493.9609283	11.54787426	2.14322
494.9468782	11.53231489	2.13026
495.936772	11.51705741	2.11637
496.9306333	11.50185582	2.10149
497.9284859	11.48644485	2.08563
498.9303541	11.47057001	2.06889
499.9362621	11.45399889	2.05141
500.9462343	11.43653014	2.03341
501.9602955	11.41802174	2.01517
502.9784706	11.39840491	1.997
504.0007846	11.37767542	1.9792
505.0272627	11.35590351	1.9621
506.0579306	11.33323364	1.94597
507.0928139	11.30986173	1.93104
508.1319385	11.28602632	1.91748
509.1753306	11.26199795	1.9054
510.2230165	11.23804983	1.89481
511.2750227	11.21445283	1.8857
512.331376	11.19146105	1.87795
513.3921035	11.1692898	1.87142
514.4572324	11.14812657	1.86593
515.52679	11.12811397	1.86125
516.6008042	11.10934634	1.85715
517.6793027	11.09188739	1.8534
518.7623138	11.07575118	1.84972
519.8498658	11.06090584	1.84588
520.9419874	11.04728042	1.84162
522.0387074	11.03475897	1.83672
523.1400549	11.02317824	1.83095
524.2460592	11.01233095	1.82415
525.35675	11.00198361	1.81619
526.4721571	10.99186651	1.80698
527.5923106	10.98169664	1.79653
528.7172409	10.97119311	1.78489
529.8469786	10.96009134	1.77221
530.9815546	10.94815914	1.75868
532.121	10.93521998	1.74459
533.2653462	10.92116725	1.73023
534.414625	10.90596089	1.71593
535.5688683	10.88963705	1.70201
536.7281082	10.87229983	1.68877
537.8923774	10.85412039	1.67648
539.0617087	10.83532488	1.66534
540.2361351	10.81615763	1.65546
541.41569	10.79688518	1.64694
542.600407	10.77777778	1.63975
543.7903202	10.75908274	1.63384
544.9854637	10.74103445	1.6291
546.1858722	10.72383314	1.62536
547.3915806	10.70764144	1.62243
548.6026239	10.69257581	1.62007
549.8190377	10.67871247	1.61806
551.0408578	10.66608703	1.61613
552.2681203	10.65467307	1.61401
553.5008616	10.64439747	1.61146
554.7391186	10.63513744	1.60823
555.9829283	10.62671961	1.60412
557.2323281	10.61892401	1.59895
558.4873559	10.61149101	1.59262
559.7480497	10.60414732	1.5851
561.014448	10.59661285	1.57642
562.2865896	10.58862373	1.56671
563.5645136	10.57995128	1.55615
564.8482597	10.57041687	1.545
566.1378676	10.55991594	1.53356
567.4333776	10.54841199	1.52213
568.7348303	10.53595265	1.51105
570.0422667	10.52265957	1.50058
571.3557281	10.50871646	1.49098
572.6752564	10.49435592	1.4824
574.0008935	10.47984066	1.47496
575.3326821	10.46544723	1.46866
576.6706651	10.45143931	1.46345
578.0148858	10.43805499	1.45919
579.3653879	10.42549002	1.4557
580.7222155	10.41389391	1.45275
582.0854131	10.40335878	1.45008
583.4550259	10.39391927	1.44742
584.8310991	10.38554258	1.44448
586.2136785	10.37813854	1.44102
587.6028104	10.37156861	1.4368
588.9985416	10.36563562	1.43162
590.400919	10.36010943	1.42536
591.8099905	10.35472873	1.41792
593.2258038	10.3492202	1.40932
594.6484077	10.34331274	1.3996
596.077851	10.33675045	1.38892
597.5141831	10.32931407	1.37747
598.9574541	10.3208381	1.36554
600.4077143	10.311224	1.35342
601.8650146	10.30044688	1.34146
603.3294063	10.28855719	1.32997
604.8009415	10.27568435	1.31929
606.2796724	10.26203305	1.30967
607.765652	10.2478567	1.30132
609.2589337	10.23345163	1.29437
610.7595714	10.21913675	1.28887
612.2676198	10.20523531	1.28478
613.7831337	10.19204441	1.28196
615.3061687	10.17982034	1.28022
616.8367811	10.1687775	1.27931
618.3750274	10.15906374	1.27891
619.920965	10.1507489	1.27869
621.4746516	10.14383521	1.27832
623.0361457	10.13825727	1.27747
624.6055063	10.1338713	1.27582
626.1827929	10.13047307	1.27313
627.7680658	10.12781972	1.2692
629.3613858	10.12562351	1.26388
630.9628142	10.12357156	1.25712
632.5724133	10.12134854	1.24894
634.1902455	10.11865969	1.23946
635.8163744	10.11523358	1.22883
637.4508638	10.11084951	1.21733
639.0937784	10.10535259	1.20523
640.7451835	10.09865417	1.19288
642.4051451	10.09075962	1.18063
644.0737299	10.0817462	1.16879
645.7510052	10.07176193	1.15767
647.4370392	10.06103305	1.14752
649.1319005	10.04982497	1.13848
650.8356588	10.03842878	1.13065
652.5483842	10.02714859	1.12401
654.2701478	10.0162604	1.11845
656.0010212	10.00600064	1.1138
657.7410769	9.99654567	1.10981
659.4903883	9.98800518	1.10622
661.2490293	9.98040631	1.10271
663.0170749	9.97369452	1.09902
664.7946005	9.96775241	1.0949
666.5816828	9.96240364	1.09017
668.3783989	9.95743707	1.08472
670.184827	9.9526324	1.07853
672.0010461	9.94777796	1.07164
673.8271359	9.94269207	1.06418
675.6631771	9.93725007	1.05633
677.5092514	9.93138747	1.04829
679.3654411	9.92510613	1.04028
681.2318297	9.9184796	1.0325
683.1085014	9.91163279	1.02509
684.9955414	9.9047273	1.01815
686.893036	9.89795453	1.01171
688.8010722	9.89149407	1.00569
690.7197382	9.88550104	0.99999
692.6491229	9.88009113	0.99441
694.5893165	9.87531118	0.98873
696.5404101	9.87114471	0.98272
698.5024958	9.86749973	0.97614
700.4756667	9.86421403	0.96881
702.460017	9.86107858	0.96061
704.455642	9.85785602	0.9515
706.4626382	9.85430124	0.94152
708.4811029	9.85019027	0.93081
710.5111347	9.84534985	0.91958
712.5528333	9.83966484	0.90808
714.6062997	9.83309829	0.89662
716.6716358	9.82570606	0.8855
718.7489449	9.81762726	0.87499
720.8383314	9.80906625	0.86529
722.9399009	9.80027748	0.85654
725.0537602	9.79154145	0.84877
727.1800176	9.7831375	0.84193
729.3187824	9.77531689	0.83586
731.4701652	9.76827128	0.83033
733.6342781	9.76212527	0.82507
735.8112344	9.75692453	0.81977
738.0011488	9.75263007	0.81413
740.2041373	9.74912138	0.80787
742.4203174	9.7462157	0.80079
744.6498078	9.74369283	0.79275
746.8927289	9.74131684	0.7837
749.1492024	9.73884795	0.77364
751.4193515	9.73607427	0.76269
753.7033009	9.7328287	0.75098
756.0011768	9.7289976	0.73872
758.313107	9.72453898	0.72611
760.6392209	9.71946197	0.71333
762.9796492	9.71382488	0.70055
765.3345247	9.70773052	0.68789
767.7039814	9.70129751	0.6754
770.0881553	9.69464975	0.6631
772.4871838	9.68789892	0.65093
774.9012063	9.68112812	0.63881
777.3303636	9.6743837	0.62661
779.7747987	9.66766579	0.6142
782.2346562	9.66092719	0.60144
784.7100823	9.65408023	0.58823
787.2012254	9.64701022	0.57449
789.7082357	9.63957366	0.56017
792.2312652	9.63161269	0.54528
794.7704679	9.62296967	0.52987
797.326	9.61350208	0.51405
799.8980194	9.60308967	0.49795
802.4866861	9.59164137	0.48175
805.0921623	9.5791115	0.46565
807.7146124	9.56549045	0.44984
810.3542026	9.55081243	0.43454
813.0111016	9.53515653	0.41993
815.6854803	9.51862726	0.40617
818.3775116	9.50136826	0.39342
821.0873709	9.48354144	0.38175
823.8152359	9.46530968	0.37123
826.5612867	9.44685007	0.36189
829.3257057	9.42833178	0.3537
832.1086779	9.40990383	0.34661
834.9103906	9.39170022	0.34055
837.7310338	9.37383269	0.33542
840.5708	9.35639107	0.33112
843.4298844	9.33943741	0.32752
846.3084846	9.3230032	0.32451
849.2068014	9.30711094	0.322
852.1250378	9.29176325	0.31987
855.0634	9.27694084	0.31804
858.0220969	9.26262011	0.31644
861.0013403	9.24877214	0.31501
864.0013449	9.23536367	0.3137
867.0223287	9.22235826	0.31247
870.0645123	9.20971708	0.31129
873.1281197	9.19740639	0.31015
876.2133781	9.18539513	0.30903
879.3205177	9.17365436	0.30793
882.4497722	9.16215696	0.30684
885.6013786	9.15088434	0.30578
888.7755771	9.13982413	0.30474
891.9726115	9.12896353	0.30373
895.1927292	9.11829537	0.30275
898.4361812	9.10781171	0.3018
901.7032218	9.09751049	0.30089
904.9941095	9.08739119	0.30001
908.3091062	9.07745129	0.29916
911.6484779	9.06768757	0.29833
915.0124945	9.05809659	0.29752
918.4014296	9.048675	0.29672
921.8155613	9.03942049	0.29593
925.2551716	9.03032629	0.29513
928.7205468	9.02138753	0.29433
932.2119774	9.01259451	0.2935
935.7297585	9.00393712	0.29266
939.2741894	8.99540982	0.29179
942.8455741	8.98699782	0.29089
946.4442214	8.97869277	0.28997
950.0704444	8.97049151	0.28903
953.7245615	8.9623847	0.28806
957.4068958	8.9543619	0.28707
961.1177752	8.94641444	0.28606
964.8575331	8.93853973	0.28505
968.6265078	8.93073579	0.28403
972.4250431	8.92299459	0.28301
976.2534882	8.91531937	0.28201
980.1121976	8.90771337	0.28102
984.0015317	8.90017592	0.28005
987.9218566	8.89270858	0.2791
991.873544	8.88531491	0.27818
995.8569719	8.87800187	0.27729
999.8725242	8.8707766	0.27643
1003.920591	8.8636432	0.27559
1008.001569	8.85660429	0.27477
1012.115861	8.84966165	0.27396
1016.263877	8.84281675	0.27316
1020.446033	8.83607241	0.27236
1024.662752	8.82942077	0.27154
1028.914465	8.82286037	0.27072
1033.201608	8.81639003	0.26987
1037.524628	8.80999603	0.26899
1041.883975	8.80367353	0.26809
1046.28011	8.79741879	0.26716
1050.7135	8.79122324	0.2662
1055.184621	8.78507773	0.26521
1059.693957	8.77897591	0.2642
1064.242	8.77291202	0.26317
1068.82925	8.76688683	0.26214
1073.456216	8.76089591	0.26109
1078.123417	8.75493442	0.26005
1082.83138	8.7490086	0.25902
1087.58064	8.74311864	0.258
1092.371744	8.7372655	0.257
1097.205248	8.73145728	0.25603
1102.081716	8.72569923	0.25508
1107.001723	8.71999586	0.25416
1111.965857	8.71435179	0.25326
1116.974712	8.70877255	0.25239
1122.028896	8.70326692	0.25154
1127.129027	8.69783769	0.2507
1132.275735	8.69248214	0.24986
1137.469661	8.68720317	0.24903
1142.711456	8.68200449	0.24819
1148.001787	8.67687987	0.24733
1153.34133	8.67182433	0.24645
1158.730776	8.66683158	0.24554
1164.170826	8.66189964	0.24461
1169.662198	8.65701799	0.24363
1175.205621	8.65217735	0.24263
1180.801838	8.647373	0.24159
1186.451608	8.64259738	0.24053
1192.155702	8.63784494	0.23944
1197.914908	8.63311004	0.23834
1203.730029	8.62839212	0.23723
1209.601883	8.62368885	0.23612
1215.531304	8.619002	0.23502
1221.519143	8.6143385	0.23394
1227.566267	8.60970014	0.23287
1233.673562	8.60509002	0.23183
1239.84193	8.60051981	0.23082
1246.072291	8.59599431	0.22983
1252.365586	8.59152016	0.22887
1258.722772	8.58710035	0.22792
1265.144827	8.58274128	0.227
1271.632749	8.57844855	0.22608
1278.187557	8.57422244	0.22517
1284.81029	8.57006483	0.22425
1291.50201	8.56597274	0.22332
1298.263801	8.56194407	0.22237
1305.096768	8.55797731	0.2214
1312.002042	8.55406554	0.22039
1318.980777	8.55020127	0.21935
1326.03415	8.54637341	0.21826
1333.163366	8.5425768	0.21715
1340.369654	8.53880478	0.21599
1347.654272	8.53504739	0.21481
1355.018503	8.53130141	0.2136
1362.463659	8.52756246	0.21238
1369.991083	8.52383173	0.21115
1377.602144	8.52010266	0.20991
1385.298246	8.51637738	0.20869
1393.08082	8.51266774	0.20749
1400.951333	8.50897376	0.2063
1408.911284	8.50530315	0.20515
1416.962206	8.50166669	0.20402
1425.105667	8.49806848	0.20292
1433.343272	8.49452082	0.20185
1441.676663	8.49102828	0.20079
1450.10752	8.48759636	0.19975
1458.637565	8.48422586	0.1987
1467.268556	8.48091956	0.19766
1476.002298	8.47767679	0.19659
1484.840635	8.47449338	0.19551
1493.785458	8.4713677	0.19439
1502.838703	8.4682864	0.19323
1512.002354	8.46524643	0.19204
1521.278442	8.46224186	0.1908
1530.669049	8.4592555	0.18951
1540.176311	8.4562858	0.1882
1549.802413	8.45332731	0.18684
1559.549597	8.45037035	0.18546
1569.420165	8.44741033	0.18405
1579.416471	8.44444569	0.18264
1589.540936	8.44147817	0.18122
1599.796039	8.43850641	0.17981
1610.184325	8.43553862	0.17842
1620.708405	8.43258252	0.17705
1631.370961	8.42964118	0.1757
1642.174742	8.42672647	0.17439
1653.122573	8.42385033	0.1731
1664.217356	8.42101591	0.17183
1675.462068	8.41823097	0.17058
1686.859769	8.41550332	0.16934
1698.413603	8.41283801	0.1681
1710.1268	8.41023303	0.16684
1722.002681	8.40768437	0.16556
1734.044657	8.4051915	0.16425
1746.256239	8.40274446	0.16289
1758.641035	8.40033376	0.16149
1771.202757	8.39795422	0.16004
1783.945223	8.39559065	0.15853
1796.872362	8.39323215	0.15698
1809.988219	8.39087508	0.15539
1823.296956	8.38850965	0.15376
1836.802859	8.38612977	0.15211
1850.510343	8.38373768	0.15045
1864.423955	8.38133215	0.14878
1878.548379	8.37891508	0.14712
1892.888443	8.37649121	0.14547
1907.449123	8.37406967	0.14385
1922.23555	8.37166146	0.14225
1937.253016	8.36926929	0.14067
1952.506976	8.3669077	0.13913
1968.003063	8.36458891	0.1376
1983.747088	8.36231478	0.13608
1999.745048	8.36009012	0.13456
2016.003138	8.35791692	0.13303
2032.527754	8.35579599	0.13148
2049.325504	8.3537211	0.12989
2066.403217	8.35168282	0.12826
2083.76795	8.34967918	0.12659
2101.427	8.34769638	0.12485
2119.387915	8.34571658	0.12306
2137.6585	8.34373794	0.12123
2156.246835	8.34174869	0.11934
2175.161281	8.33973712	0.11742
2194.410496	8.33769989	0.11547
2214.003446	8.33563401	0.11351
2233.949423	8.3335432	0.11155
2254.258055	8.3314333	0.1096
2274.939321	8.32930818	0.10766
2296.003574	8.32717725	0.10575
2317.461551	8.32505266	0.10386
2339.324396	8.32294073	0.10199
2361.603676	8.32085071	0.10014
2384.311404	8.31879183	0.0983
2407.460058	8.3167636	0.09645
2431.062608	8.31476863	0.0946
2455.132535	8.31280723	0.09272
2479.68386	8.31087144	0.09081
2504.731172	8.30895593	0.08886
2530.289653	8.30704973	0.08686
2556.375113	8.30513885	0.08481
2583.004021	8.30321416	0.08272
2610.193537	8.30126902	0.08059
2637.961553	8.29929083	0.07842
2666.326731	8.2972765	0.07624
2695.308543	8.2952253	0.07404
2724.927319	8.29313209	0.07184
2755.204289	8.29100562	0.06966
2786.16164	8.28885287	0.06749
2817.822568	8.28667568	0.06534
2850.211333	8.28448446	0.06322
2883.353326	8.28228954	0.06112
2917.275129	8.28009305	0.05903
2952.004595	8.27789632	0.05695
2987.570916	8.27569961	0.05487
3024.004707	8.27350282	0.05279
3061.338099	8.27129936	0.05069
3099.604825	8.26907975	0.04858
3138.840329	8.26684134	0.04646
3179.081872	8.26457441	0.04432
3220.368649	8.2622724	0.04218
3262.741921	8.2599296	0.04003
3306.245147	8.25753859	0.03789
3350.924135	8.25510116	0.03577
3396.827205	8.25261594	0.03367
3444.005361	8.25008492	0.03161
3492.512479	8.24751484	0.02959
3542.405514	8.24490686	0.02761
3593.744725	8.24226346	0.02568
3646.593912	8.23958824	0.0238
3701.020687	8.23688701	0.02198
3757.096758	8.23416396	0.02021
3814.898246	8.23141586	0.01849
3874.506031	8.22864184	0.01683
3936.006127	8.2258482	0.01524
3999.490097	8.22303749	0.01371
4065.055508	8.22020884	0.01225
4132.806433	8.21736137	0.01086
4202.854	8.21450477	0.00957
4275.317	8.21164983	0.00836
4350.322561	8.20879861	0.00724
4428.006893	8.20595586	0.00621
4508.516109	8.20313467	0.00529
4592.007148	8.20034806	0.00446
4678.648792	8.19759974	0.00372
4768.622808	8.19489636	0.00307
4862.125216	8.19224747	0.00251
4959.36772	8.18966172	0.00203
5060.579306	8.18714247	0.00162
5166.008042	8.18469396	0.00128
5275.923106	8.1823216	0.001
5390.617087	8.18002666	7.70E-04
5510.408578	8.1778099	5.86E-04
5635.645136	8.17567162	4.39E-04
5766.706651	8.17361113	3.25E-04
5904.00919	8.17162762	2.37E-04
6048.009415	8.169719	1.70E-04
6199.20965	8.16788305	1.20E-04
6358.163744	8.16611747	8.34E-05
6525.483842	8.16441984	5.71E-05
6701.84827	8.16278759	3.84E-05
6888.010722	8.16121815	2.54E-05
7084.811029	8.15970911	1.65E-05
7293.187824	8.15825821	1.06E-05
7514.193515	8.15686332	6.64E-06
7749.012063	8.15552248	4.10E-06
7998.980194	8.15423394	2.49E-06
8265.612867	8.15299613	1.48E-06
8550.634	8.15180762	8.64E-07
8856.013786	8.15066716	4.96E-07
9184.014296	8.14957361	2.79E-07
9537.245615	8.14852597	1.54E-07
9918.73544	8.14752332	8.36E-08
10332.01608	8.14656484	4.45E-08
10781.23417	8.14564982	2.32E-08
11271.29027	8.14477757	1.19E-08
11808.01838	8.1439475	5.98E-09
12398.4193	8.14315906	2.95E-09
13050.96768	8.14241176	1.42E-09
13776.02144	8.14170512	6.76E-10
14586.37565	8.14103875	3.14E-10
15498.02413	8.14041225	1.43E-10
16531.22573	8.13982529	6.41E-11
17712.02757	8.13927755	2.81E-11
19074.49123	8.13876873	1.21E-11
20664.03217	8.13829859	5.12E-12
22542.58055	8.13786688	2.12E-12
24796.8386	8.13747339	8.68E-13
27552.04289	8.13711792	3.52E-13
30996.04825	8.13680032	1.44E-13
35424.05514	8.13652042	6.27E-14
41328.06433	8.1362781	3.12E-14
49593.6772	8.13607325	1.93E-14
61992.0965	8.13590577	1.47E-14
82656.12867	8.13577558	1.28E-14
123984.193	8.13568263	1.17E-14
247968.386	8.13562688	1.09E-14
123984193	8.1356083	1.00E-14
