123.984317	-3.74514159	1.50416
124.0463402	-3.26325068	1.50006
124.1084255	-3.02202117	1.49562
124.170573	-2.86134466	1.49095
124.2327828	-2.74115743	1.48608
124.2950549	-2.64542371	1.48106
124.3573895	-2.56612223	1.4759
124.4197867	-2.49867549	1.47063
124.4822465	-2.44022518	1.46527
124.544769	-2.38887063	1.45985
124.6073544	-2.34328409	1.4544
124.6700027	-2.30250117	1.44896
124.732714	-2.26579118	1.44358
124.7954885	-2.23258241	1.4383
124.8583261	-2.20243155	1.43314
124.9212271	-2.17497494	1.42817
124.9841915	-2.14990028	1.42342
125.0472194	-2.1269518	1.41892
125.1103109	-2.10591081	1.41471
125.1734661	-2.08658119	1.41083
125.2366851	-2.06878711	1.40731
125.299968	-2.05237169	1.40418
125.3633148	-2.03718463	1.40148
125.4267258	-2.02308054	1.39923
125.4902009	-2.00992103	1.39745
125.5537403	-1.99756878	1.39615
125.6173441	-1.98589181	1.39532
125.6810123	-1.97476651	1.39494
125.7447452	-1.96407437	1.39498
125.8085427	-1.953703	1.39539
125.8724049	-1.94355878	1.39609
125.9363321	-1.93356308	1.39701
126.0003242	-1.92365733	1.39804
126.0643814	-1.91381207	1.39908
126.1285037	-1.90402549	1.40002
126.1926913	-1.89431787	1.40078
126.2569443	-1.88472387	1.40128
126.3212627	-1.87530032	1.40145
126.3856467	-1.86612179	1.40125
126.4500963	-1.85726323	1.40068
126.5146117	-1.84879375	1.39975
126.579193	-1.84077902	1.39849
126.6438403	-1.8332762	1.39695
126.7085536	-1.82631812	1.39521
126.7733331	-1.81992674	1.39331
126.8381789	-1.81411685	1.39133
126.903091	-1.80887769	1.38934
126.9680696	-1.80419869	1.38737
127.0331148	-1.80006278	1.38549
127.0982267	-1.79644615	1.38372
127.1634053	-1.79332984	1.3821
127.2286508	-1.79069416	1.38065
127.2939633	-1.7885298	1.37939
127.3593429	-1.78682063	1.37837
127.4247897	-1.78555172	1.3776
127.4903038	-1.78471192	1.37713
127.5558853	-1.7842795	1.377
127.6215344	-1.78423158	1.37725
127.687251	-1.78454164	1.37793
127.7530353	-1.7851638	1.37911
127.8188874	-1.78604254	1.38082
127.8848075	-1.78712037	1.38311
127.9507956	-1.78832005	1.38603
128.0168519	-1.78955324	1.3896
128.0829763	-1.7907235	1.39384
128.1491691	-1.79172561	1.39874
128.2154304	-1.7924619	1.40426
128.2817603	-1.79283465	1.41037
128.3481587	-1.7927509	1.41699
128.414626	-1.79213357	1.42404
128.4811622	-1.79091607	1.43142
128.5477673	-1.78906041	1.439
128.6144415	-1.78654493	1.44669
128.6811849	-1.78336296	1.45436
128.7479977	-1.77953112	1.46191
128.8148798	-1.77507782	1.46924
128.8818315	-1.77004084	1.47627
128.9488528	-1.76446504	1.48292
129.0159438	-1.75839939	1.48913
129.0831047	-1.75190046	1.49483
129.1503356	-1.74502374	1.49999
129.2176365	-1.73781713	1.50456
129.2850076	-1.73034195	1.50848
129.352449	-1.72266505	1.51172
129.4199608	-1.71485291	1.51424
129.4875431	-1.70698431	1.516
129.555196	-1.69914002	1.51699
129.6229196	-1.69140629	1.51718
129.6907141	-1.68388089	1.51657
129.7585795	-1.67665836	1.51518
129.826516	-1.66982687	1.51304
129.8945237	-1.66347521	1.51018
129.9626027	-1.6576877	1.50666
130.030753	-1.65253949	1.50254
130.0989749	-1.64809589	1.4979
130.1672684	-1.64440789	1.49282
130.2356337	-1.64152384	1.48737
130.3040707	-1.63948325	1.48165
130.3725798	-1.63830926	1.47575
130.4411609	-1.63802366	1.46975
130.5098142	-1.63863775	1.46376
130.5785398	-1.64014915	1.45787
130.6473379	-1.64254894	1.45218
130.7162085	-1.64581597	1.44679
130.7851517	-1.64991615	1.4418
130.8541677	-1.65480666	1.4373
130.9232565	-1.66042614	1.4334
130.9924184	-1.66669978	1.43017
131.0616533	-1.67354138	1.4277
131.1309615	-1.68084533	1.42605
131.2003431	-1.68849774	1.42526
131.2697981	-1.69638487	1.42534
131.3393266	-1.70438936	1.4263
131.4089289	-1.7123986	1.4281
131.478605	-1.72030698	1.43071
131.548355	-1.72801899	1.43405
131.618179	-1.73546191	1.43804
131.6880772	-1.74257982	1.44259
131.7580497	-1.74933196	1.44761
131.8280966	-1.75570079	1.45299
131.898218	-1.76168647	1.45865
131.968414	-1.76730649	1.46449
132.0386848	-1.77259297	1.47045
132.1090305	-1.77758642	1.47646
132.1794512	-1.78233731	1.48248
132.2499469	-1.78690398	1.48847
132.320518	-1.79133955	1.49444
132.3911643	-1.79569578	1.50037
132.4618862	-1.80001964	1.5063
132.5326836	-1.80434111	1.51225
132.6035568	-1.80868011	1.51826
132.6745058	-1.81304954	1.52435
132.7455308	-1.81745107	1.53057
132.8166318	-1.82186513	1.53695
132.8878091	-1.82627886	1.54348
132.9590627	-1.83067817	1.55019
133.0303927	-1.83504088	1.55707
133.1017994	-1.83935191	1.56411
133.1732827	-1.8436085	1.57128
133.2448428	-1.8478122	1.57858
133.3164799	-1.85196909	1.58598
133.3881941	-1.85609885	1.59347
133.4599854	-1.86021542	1.60106
133.5318541	-1.86433832	1.60873
133.6038002	-1.86849223	1.6165
133.6758239	-1.87269583	1.62438
133.7479253	-1.87696799	1.63239
133.8201045	-1.88132688	1.64055
133.8923617	-1.88579057	1.64889
133.9646969	-1.89037271	1.65745
134.0371103	-1.89507737	1.66628
134.1096021	-1.89990447	1.67542
134.1821723	-1.90485016	1.68493
134.2548211	-1.90988777	1.69489
134.3275486	-1.91498098	1.70534
134.4003549	-1.92008132	1.71636
134.4732402	-1.92511566	1.728
134.5462046	-1.93000431	1.74029
134.6192482	-1.93465661	1.75326
134.6923712	-1.93897702	1.7669
134.7655737	-1.94286841	1.7812
134.8388557	-1.94624063	1.7961
134.9122175	-1.94902315	1.81154
134.9856592	-1.95115297	1.82746
135.0591809	-1.95257767	1.84378
135.1327827	-1.95326854	1.86041
135.2064648	-1.95320329	1.8773
135.2802273	-1.95236384	1.89437
135.3540703	-1.95074048	1.91157
135.4279939	-1.94831768	1.92885
135.5019984	-1.94507546	1.94616
135.5760837	-1.94098412	1.96345
135.6502502	-1.93601833	1.98063
135.7244978	-1.93015691	1.99763
135.7988267	-1.92338118	2.01434
135.8732371	-1.9156904	2.03064
135.9477291	-1.9070994	2.0464
136.0223028	-1.89765192	2.06146
136.0969584	-1.88742891	2.07567
136.171696	-1.87654318	2.08889
136.2465157	-1.86513748	2.101
136.3214176	-1.85338505	2.1119
136.396402	-1.84148072	2.12154
136.4714689	-1.82963408	2.1299
136.5466184	-1.81805528	2.13703
136.6218508	-1.80694075	2.14301
136.6971661	-1.79647453	2.14796
136.7725646	-1.78681451	2.15205
136.8480462	-1.77807816	2.15548
136.9236112	-1.77034863	2.15845
136.9992597	-1.76367154	2.16119
137.0749918	-1.75805755	2.16391
137.1508077	-1.7534782	2.16685
137.2267075	-1.74986568	2.17021
137.3026914	-1.74712287	2.17419
137.3787594	-1.74512975	2.17895
137.4549118	-1.74373454	2.18467
137.5311487	-1.74276503	2.19145
137.6074702	-1.74203016	2.19942
137.6838764	-1.74131018	2.20864
137.7603675	-1.74038463	2.21913
137.8369437	-1.73902074	2.2309
137.913605	-1.73698424	2.24388
137.9903517	-1.73405433	2.25798
138.0671838	-1.73002227	2.27306
138.1441016	-1.72469742	2.28895
138.221105	-1.71792099	2.30542
138.2981944	-1.70957365	2.32223
138.3753698	-1.69957184	2.33911
138.4526314	-1.68788417	2.35576
138.5299794	-1.67452691	2.3719
138.6074138	-1.65956377	2.38723
138.6849348	-1.64310837	2.40148
138.7625425	-1.62532514	2.41438
138.8402372	-1.60642441	2.42572
138.918019	-1.58665005	2.43532
138.9958879	-1.56627601	2.44306
139.0738442	-1.54559189	2.44888
139.1518879	-1.52488661	2.45279
139.2300193	-1.50443749	2.45485
139.3082385	-1.48450324	2.45518
139.3865457	-1.46529879	2.45397
139.4649409	-1.44698716	2.45142
139.5434244	-1.42969343	2.44774
139.6219962	-1.41348883	2.44318
139.7006566	-1.39839106	2.43795
139.7794056	-1.3843866	2.43224
139.8582435	-1.37143212	2.42622
139.9371704	-1.35947112	2.42001
140.0161864	-1.34843757	2.41373
140.0952916	-1.33826012	2.40745
140.1744863	-1.32888241	2.40122
140.2537706	-1.32025459	2.3951
140.3331447	-1.31233271	2.38913
140.4126086	-1.30507625	2.38337
140.4921626	-1.29844276	2.37787
140.5718068	-1.29238362	2.3727
140.6515413	-1.28683858	2.36792
140.7313663	-1.28173349	2.3636
140.811282	-1.27697121	2.3598
140.8912885	-1.27244576	2.35654
140.971386	-1.26804657	2.35384
141.0515746	-1.26364681	2.3517
141.1318544	-1.25912174	2.35006
141.2122258	-1.25436454	2.34884
141.2926887	-1.24928878	2.34793
141.3732433	-1.24382974	2.34721
141.4538899	-1.23795744	2.34652
141.5346285	-1.23168074	2.34572
141.6154593	-1.22503772	2.34467
141.6963825	-1.21810104	2.34324
141.7773983	-1.21097441	2.34133
141.8585067	-1.20378127	2.33888
141.939708	-1.19664529	2.33588
142.0210023	-1.18969514	2.33232
142.1023898	-1.18305864	2.32826
142.1838706	-1.17683897	2.32379
142.2654449	-1.17110755	2.31903
142.3471129	-1.16591082	2.31409
142.4288747	-1.16127185	2.30911
142.5107305	-1.15716671	2.30425
142.5926804	-1.15353702	2.29962
142.6747246	-1.15030431	2.29533
142.7568633	-1.14736061	2.29147
142.8390966	-1.14457594	2.28809
142.9214247	-1.14181756	2.28519
143.0038478	-1.13894965	2.28276
143.0863659	-1.13583732	2.28073
143.1689794	-1.13236814	2.27899
143.2516883	-1.12846124	2.2774
143.3344929	-1.12405961	2.27582
143.4173932	-1.11914685	2.27405
143.5003895	-1.11375608	2.27192
143.5834819	-1.1079548	2.26926
143.6666705	-1.10185222	2.26591
143.7499557	-1.09559858	2.26174
143.8333374	-1.08937259	2.25667
143.9168159	-1.08337243	2.25066
144.0003914	-1.0777997	2.24374
144.084064	-1.0728515	2.23597
144.1678339	-1.06870493	2.22749
144.2517013	-1.06551025	2.21845
144.3356663	-1.06337815	2.20908
144.4197291	-1.0623621	2.19961
144.5038899	-1.06246132	2.19029
144.5881488	-1.06362705	2.18134
144.672506	-1.06575635	2.173
144.7569618	-1.06869522	2.16544
144.8415162	-1.07225744	2.1588
144.9261694	-1.07623226	2.15315
145.0109217	-1.08041279	2.14849
145.0957731	-1.08459386	2.1448
145.1807239	-1.08858921	2.14196
145.2657742	-1.0922617	2.13982
145.3509242	-1.09551145	2.13822
145.4361741	-1.09828948	2.13695
145.5215241	-1.10060733	2.13582
145.6069743	-1.10252962	2.13465
145.6925249	-1.10415948	2.13332
145.7781761	-1.10562967	2.13173
145.8639281	-1.10709017	2.12986
145.949781	-1.10868934	2.12773
146.035735	-1.11055393	2.12544
146.1217904	-1.11278082	2.1231
146.2079472	-1.11542555	2.12089
146.2942057	-1.11848192	2.11899
146.380566	-1.12189871	2.11756
146.4670283	-1.12557369	2.11677
146.5535929	-1.12935569	2.11673
146.6402598	-1.13307497	2.11749
146.7270293	-1.13654866	2.11907
146.8139015	-1.13958908	2.12142
146.9008767	-1.14202921	2.12443
146.9879549	-1.14373645	2.12795
147.0751365	-1.14461372	2.13181
147.1624216	-1.14460601	2.13581
147.2498103	-1.14369988	2.13976
147.3373028	-1.14192086	2.14346
147.4248994	-1.13934286	2.14672
147.5126003	-1.13606618	2.14941
147.6004055	-1.13221542	2.15139
147.6883153	-1.12793662	2.15259
147.7763299	-1.12337221	2.15297
147.8644495	-1.11867287	2.1525
147.9526742	-1.11397794	2.15123
148.0410042	-1.10940442	2.1492
148.1294398	-1.10505339	2.14649
148.2179811	-1.1009969	2.14319
148.3066284	-1.0972814	2.13939
148.3953817	-1.0939273	2.13518
148.4842413	-1.09093919	2.13062
148.5732074	-1.08831148	2.12577
148.6622802	-1.08603181	2.12066
148.7514598	-1.08408934	2.11531
148.8407465	-1.08248484	2.10971
148.9301405	-1.08123452	2.10386
149.0196419	-1.08036955	2.09775
149.1092509	-1.07992946	2.0914
149.1989677	-1.07996699	2.08481
149.2887926	-1.08054017	2.07804
149.3787258	-1.08170232	2.07114
149.4687673	-1.08349892	2.06421
149.5589174	-1.08595613	2.05735
149.6491764	-1.08908539	2.05068
149.7395444	-1.09286502	2.04435
149.8300215	-1.0972456	2.03848
149.9206081	-1.1021479	2.03322
150.0113043	-1.10745188	2.02869
150.1021103	-1.11301236	2.02498
150.1930263	-1.11865232	2.02217
150.2840525	-1.12417009	2.02027
150.3751891	-1.12936136	2.01924
150.4664362	-1.13402504	2.01899
150.5577942	-1.13797267	2.01937
150.6492632	-1.14105681	2.02015
150.7408435	-1.14318314	2.02108
150.8325351	-1.14431752	2.02186
150.9243383	-1.14451232	2.02217
151.0162534	-1.14388906	2.02175
151.1082804	-1.14263854	2.02033
151.2004198	-1.14101083	2.01775
151.2926715	-1.13929427	2.01389
151.3850359	-1.13778945	2.00877
151.4775131	-1.13678082	2.00246
151.5701034	-1.13651527	1.99515
151.6628069	-1.13718029	1.98706
151.7556239	-1.13888675	1.97849
151.8485546	-1.14166145	1.96971
151.9415992	-1.14546159	1.96099
152.0347579	-1.15017728	1.95255
152.1280308	-1.15564928	1.94455
152.2214183	-1.16170202	1.93705
152.3149205	-1.16816662	1.93006
152.4085377	-1.17489638	1.92351
152.50227	-1.18179268	1.91728
152.5961177	-1.1888195	1.91122
152.6900809	-1.19599956	1.9052
152.7841599	-1.20340904	1.8991
152.878355	-1.21116812	1.89286
152.9726662	-1.21942477	1.88647
153.0670939	-1.22832563	1.88002
153.1616382	-1.23799518	1.87364
153.2562995	-1.24851508	1.86755
153.3510777	-1.25990323	1.86199
153.4459733	-1.2720964	1.85725
153.5409864	-1.28494731	1.85357
153.6361173	-1.29824366	1.85116
153.7313661	-1.31170213	1.85018
153.826733	-1.32499165	1.85067
153.9222184	-1.33778019	1.85255
154.0178224	-1.34975912	1.85565
154.1135452	-1.36066634	1.85969
154.2093871	-1.37032865	1.86429
154.3053482	-1.37868125	1.86904
154.4014289	-1.38577298	1.87351
154.4976293	-1.39177329	1.8773
154.5939496	-1.39694983	1.8801
154.6903901	-1.40164987	1.88168
154.786951	-1.40626632	1.88197
154.8836326	-1.41118011	1.88104
154.980435	-1.41674359	1.87905
155.0773584	-1.42324052	1.87632
155.1744032	-1.43084912	1.87322
155.2715695	-1.43963235	1.87018
155.3688576	-1.44953202	1.86761
155.4662677	-1.46038088	1.86589
155.5638	-1.4719106	1.86533
155.6614547	-1.48377717	1.86613
155.7592321	-1.49559967	1.86836
155.8571324	-1.50698727	1.87198
155.9551559	-1.51756819	1.87681
156.0533028	-1.52703637	1.88254
156.1515732	-1.5351728	1.88879
156.2499675	-1.54186966	1.89509
156.3484859	-1.54714458	1.90097
156.4471286	-1.55113589	1.90596
156.5458959	-1.55411215	1.90963
156.6447879	-1.55644022	1.91168
156.743805	-1.55856153	1.91189
156.8429473	-1.56096068	1.91022
156.9422151	-1.56412439	1.90675
157.0416087	-1.56849543	1.90175
157.1411282	-1.57444512	1.89556
157.2407739	-1.58224364	1.88868
157.3405461	-1.59202356	1.88164
157.440445	-1.60379122	1.87499
157.5404708	-1.61741092	1.86929
157.6406238	-1.63261736	1.86501
157.7409043	-1.64903833	1.86255
157.8413123	-1.66622427	1.86216
157.9418483	-1.68367439	1.86399
158.0425125	-1.70087194	1.868
158.143305	-1.71733484	1.87402
158.2442262	-1.73263118	1.88176
158.3452763	-1.74642307	1.89078
158.4464555	-1.75849313	1.90059
158.5477641	-1.76875882	1.91063
158.6492024	-1.77727085	1.92038
158.7507705	-1.78421441	1.92931
158.8524687	-1.78989561	1.93702
158.9542974	-1.79470207	1.9432
159.0562566	-1.7990763	1.94769
159.1583468	-1.803471	1.95047
159.2605681	-1.80831952	1.95165
159.3629208	-1.81398986	1.95149
159.4654051	-1.82075848	1.95031
159.5680213	-1.82880013	1.9485
159.6707697	-1.83818695	1.94644
159.7736505	-1.84889324	1.94452
159.8766639	-1.86080027	1.94307
159.9798103	-1.87373122	1.94234
160.0830898	-1.88747185	1.94252
160.1865028	-1.90178649	1.94372
160.2900495	-1.91644051	1.94598
160.3937301	-1.93120948	1.94929
160.497545	-1.94589007	1.95358
160.6014943	-1.96030788	1.95875
160.7055784	-1.97431658	1.96467
160.8097974	-1.98779801	1.97119
160.9141517	-2.00066747	1.97813
161.0186416	-2.01287961	1.9853
161.1232672	-2.0244225	1.99251
161.2280289	-2.03533135	1.99954
161.3329269	-2.04568862	2.00621
161.4379615	-2.05561107	2.01235
161.543133	-2.06525905	2.01781
161.6484415	-2.07482756	2.0225
161.7538875	-2.08452427	2.02639
161.8594711	-2.09455826	2.0295
161.9651926	-2.10511993	2.03192
162.0710524	-2.11637893	2.03375
162.1770506	-2.12848289	2.03515
162.2831875	-2.14152935	2.03632
162.3894635	-2.1555795	2.03743
162.4958788	-2.17066779	2.03868
162.6024336	-2.18678738	2.04027
162.7091282	-2.20390621	2.04237
162.815963	-2.22196683	2.04517
162.9229381	-2.24087675	2.04884
163.030054	-2.26052585	2.05352
163.1373107	-2.28076949	2.05938
163.2447087	-2.30142917	2.06652
163.3522482	-2.32230068	2.07504
163.4599294	-2.34315907	2.08496
163.5677527	-2.36376826	2.09628
163.6757184	-2.38388864	2.10891
163.7838267	-2.40330532	2.1227
163.8920778	-2.42184039	2.13744
164.0004722	-2.43937646	2.15286
164.1090101	-2.45585914	2.16869
164.2176917	-2.47130602	2.18462
164.3265173	-2.48581267	2.20038
164.4354873	-2.49953995	2.21573
164.5446019	-2.51269788	2.23051
164.6538614	-2.52552485	2.24462
164.7632661	-2.53827666	2.25804
164.8728163	-2.55118703	2.27086
164.9825123	-2.56445745	2.28319
165.0923543	-2.5782543	2.29522
165.2023427	-2.59268173	2.30718
165.3124777	-2.60777865	2.31931
165.4227597	-2.62353247	2.33183
165.533189	-2.63987902	2.34497
165.6437657	-2.65670224	2.35892
165.7544903	-2.6738534	2.37383
165.865363	-2.69114991	2.38983
165.9763842	-2.70838642	2.40698
166.087554	-2.72534808	2.42531
166.1988729	-2.74180069	2.44481
166.3103411	-2.75751883	2.46537
166.421959	-2.77229461	2.48687
166.5337267	-2.7859355	2.50911
166.6456447	-2.79829374	2.53183
166.7577132	-2.80927857	2.55473
166.8699325	-2.81886387	2.57748
166.982303	-2.82709951	2.59973
167.0948249	-2.83411887	2.62114
167.2074986	-2.84012532	2.64142
167.3203243	-2.84539311	2.6603
167.4333024	-2.85025907	2.67761
167.5464332	-2.85508233	2.69328
167.6597169	-2.86023632	2.7073
167.773154	-2.86609211	2.71978
167.8867446	-2.8729747	2.73093
168.0004892	-2.88116156	2.74099
168.114388	-2.89087936	2.75028
168.2284413	-2.9022742	2.75917
168.3426495	-2.91541568	2.76802
168.4570128	-2.93031063	2.77719
168.5715317	-2.94690277	2.78703
168.6862064	-2.96507981	2.79786
168.8010372	-2.98467479	2.80998
168.9160244	-3.00548248	2.82362
169.0311684	-3.02726309	2.839
169.1464695	-3.04974683	2.85626
169.261928	-3.07264448	2.87551
169.3775442	-3.09566023	2.89677
169.4933185	-3.11849714	2.92004
169.6092512	-3.14085908	2.94523
169.7253425	-3.16248075	2.97218
169.8415929	-3.18314541	3.00067
169.9580027	-3.20268393	3.03046
170.0745721	-3.22099195	3.06124
170.1913016	-3.23804587	3.09271
170.3081914	-3.25389251	3.12458
170.4252418	-3.26864866	3.15659
170.5424533	-3.28249074	3.18854
170.6598261	-3.29563282	3.22031
170.7773606	-3.30829537	3.25187
170.8950571	-3.32070024	3.28323
171.0129159	-3.33304552	3.31452
171.1309374	-3.3454778	3.3459
171.2491219	-3.35808924	3.37758
171.3674698	-3.3709203	3.40976
171.4859813	-3.38396067	3.44267
171.6046569	-3.39714172	3.47652
171.7234968	-3.41035799	3.51148
171.8425015	-3.42347507	3.54771
171.9616712	-3.43632865	3.58534
172.0810064	-3.44873319	3.62447
172.2005072	-3.46048257	3.66518
172.3201742	-3.4713487	3.70752
172.4400076	-3.48108232	3.75151
172.5600077	-3.48940475	3.79714
172.680175	-3.49602495	3.84431
172.8005098	-3.50065369	3.89288
172.9210124	-3.50300562	3.94263
173.0416832	-3.50282686	3.99325
173.1625226	-3.49991724	4.04436
173.2835308	-3.49415045	4.09551
173.4047083	-3.48549344	4.14621
173.5260553	-3.47401222	4.19596
173.6475723	-3.45988005	4.24426
173.7692597	-3.44337195	4.29067
173.8911177	-3.42485201	4.33481
174.0131467	-3.40474884	4.37642
174.1353471	-3.3835302	4.41533
174.2577193	-3.36167386	4.45151
174.3802635	-3.33964558	4.48501
174.5029803	-3.31787107	4.51602
174.6258699	-3.29671113	4.54478
174.7489327	-3.27646679	4.57159
174.8721691	-3.25735955	4.59681
174.9955794	-3.2395268	4.6208
175.119164	-3.22303752	4.64391
175.2429233	-3.20789805	4.66648
175.3668577	-3.19405071	4.68883
175.4909674	-3.18138916	4.71122
175.615253	-3.16977665	4.73387
175.7397147	-3.15904775	4.75696
175.864353	-3.14901734	4.78061
175.9891682	-3.1395054	4.80487
176.1141607	-3.13033986	4.82977
176.2393308	-3.12137182	4.85526
176.364679	-3.11247912	4.8813
176.4902057	-3.10357954	4.90777
176.6159111	-3.09464017	4.93459
176.7417958	-3.0856584	4.96167
176.86786	-3.07668242	4.98892
176.9941042	-3.06778667	5.01634
177.1205287	-3.05904539	5.04395
177.247134	-3.05054006	5.07181
177.3739204	-3.04232355	5.10007
177.5008883	-3.03441587	5.12886
177.6280381	-3.02678701	5.1584
177.7553703	-3.01935444	5.18884
177.8828851	-3.01198835	5.22038
178.0105829	-3.00450523	5.25314
178.1384643	-2.99669551	5.28721
178.2665295	-2.98832876	5.32262
178.394779	-2.97916609	5.35935
178.5232131	-2.96898318	5.3973
178.6518324	-2.95757229	5.43636
178.780637	-2.94475629	5.47633
178.9096276	-2.93039924	5.51702
179.0388044	-2.91439437	5.5582
179.1681679	-2.89668312	5.59961
179.2977184	-2.8772585	5.64099
179.4274565	-2.85616263	5.68208
179.5573824	-2.8334809	5.72264
179.6874966	-2.80935761	5.76241
179.8177996	-2.78399662	5.8012
179.9482917	-2.75764383	5.83886
180.0789732	-2.73057787	5.87532
180.2098448	-2.70310041	5.91057
180.3409067	-2.67551307	5.94472
180.4721593	-2.64809509	5.97795
180.6036032	-2.62106605	6.01058
180.7352387	-2.59456524	6.04295
180.8670662	-2.56864146	6.07549
180.9990861	-2.54322236	6.10864
181.131299	-2.51811587	6.14282
181.2637051	-2.49302974	6.17837
181.3963049	-2.46757736	6.21558
181.5290989	-2.44131082	6.25457
181.6620874	-2.41375952	6.29537
181.795271	-2.38445568	6.33785
181.9286499	-2.35297569	6.38177
182.0622248	-2.31896452	6.42678
182.1959959	-2.28215996	6.47246
182.3299637	-2.2423973	6.51836
182.4641287	-2.19960777	6.56402
182.5984913	-2.15380618	6.60901
182.7330519	-2.10508041	6.65292
182.867811	-2.05358591	6.69539
183.002769	-1.9995155	6.73614
183.1379263	-1.94309233	6.77491
183.2732835	-1.88456314	6.81152
183.4088408	-1.82419439	6.84581
183.5445989	-1.76225978	6.87772
183.680558	-1.69902984	6.90721
183.8167188	-1.6347706	6.93433
183.9530815	-1.569713	6.9592
184.0896468	-1.50404369	6.98199
184.2264149	-1.43787931	7.00295
184.3633864	-1.37124838	7.02234
184.5005618	-1.3040778	7.04045
184.6379414	-1.23618121	7.05752
184.7755257	-1.16728222	7.0737
184.9133153	-1.09703308	7.08904
185.0513105	-1.02503969	7.10344
185.1895119	-0.95091909	7.11661
185.3279198	-0.87435251	7.12811
185.4665347	-0.79512171	7.13736
185.6053572	-0.71315456	7.14366
185.7443876	-0.62855806	7.14626
185.8836265	-0.54162045	7.14443
186.0230743	-0.45280316	7.1375
186.1627315	-0.36271159	7.12494
186.3025985	-0.2720525	7.10637
186.4426759	-0.18159641	7.08159
186.582964	-0.09210869	7.05062
186.7234634	-0.00431638	7.01359
186.8641746	0.08112962	6.97082
187.005098	0.16367528	6.92266
187.1462342	0.24285788	6.86955
187.2875835	0.31831673	6.81193
187.4291465	0.38975983	6.75021
187.5709237	0.45694245	6.68479
187.7129155	0.51965852	6.61605
187.8551225	0.57771306	6.54433
187.9975451	0.63091698	6.47
188.1401838	0.67908618	6.39342
188.2830392	0.72205301	6.31502
188.4261116	0.75968416	6.23524
188.5694016	0.79187833	6.15456
188.7129098	0.81859796	6.07352
188.8566365	0.8398759	5.99264
189.0005823	0.85580799	5.91245
189.1447477	0.86656058	5.83346
189.2891333	0.87236274	5.75614
189.4337394	0.87348702	5.6809
189.5785666	0.87024217	5.60812
189.7236155	0.86296942	5.53812
189.8688865	0.85202122	5.47116
190.0143801	0.83775991	5.40748
190.1600969	0.82056286	5.34728
190.3060373	0.80082772	5.29074
190.4522019	0.77896034	5.23797
190.5985912	0.75538905	5.1891
190.7452058	0.73056701	5.14416
190.892046	0.70496059	5.10316
191.0391125	0.67904806	5.06601
191.1864058	0.65330264	5.03256
191.3339264	0.62817647	5.00255
191.4816749	0.60407959	4.97565
191.6296517	0.58136122	4.95143
191.7778574	0.56028677	4.9294
191.9262925	0.54102228	4.90901
192.0749575	0.52361941	4.88969
192.2238531	0.50801595	4.87088
192.3729796	0.49403001	4.85204
192.5223378	0.4813786	4.83273
192.671928	0.46969199	4.81257
192.8217509	0.45854187	4.79134
192.971807	0.44747196	4.76891
193.1220968	0.43602692	4.74532
193.2726208	0.42379731	4.72072
193.4233798	0.41043635	4.69536
193.574374	0.39567948	4.66957
193.7256043	0.37936435	4.64374
193.877071	0.36143964	4.61827
194.0287747	0.34195253	4.59353
194.180716	0.32104233	4.56986
194.3328955	0.29891741	4.5475
194.4853137	0.27582618	4.52662
194.6379712	0.25203739	4.50729
194.7908685	0.2278185	4.4895
194.9440062	0.20339789	4.47312
195.0973849	0.1789485	4.458
195.2510051	0.15458901	4.44393
195.4048675	0.13035752	4.43067
195.5589725	0.10622037	4.41802
195.7133208	0.08209307	4.40581
195.8679129	0.0578442	4.39391
196.0227494	0.03331733	4.38227
196.177831	0.00835101	4.37089
196.3331581	-0.01720099	4.35985
196.4887314	-0.04344648	4.34927
196.6445514	-0.07046117	4.33928
196.8006187	-0.09827515	4.33006
196.956934	-0.12686781	4.32176
197.1134978	-0.15618983	4.31451
197.2703107	-0.18616173	4.30843
197.4273733	-0.21669124	4.30358
197.5846862	-0.24768192	4.30002
197.74225	-0.27903689	4.29776
197.9000653	-0.31067179	4.2968
198.0581327	-0.34251566	4.29712
198.2164528	-0.37450537	4.29871
198.3750262	-0.40658947	4.30153
198.5338535	-0.43872929	4.30556
198.6929354	-0.47088994	4.31077
198.8522724	-0.5030517	4.31712
199.0118652	-0.53519811	4.3246
199.1717143	-0.56732426	4.33316
199.3318205	-0.59943453	4.3428
199.4921842	-0.63153613	4.35349
199.6528062	-0.66364541	4.36523
199.813687	-0.69578254	4.37801
199.9748274	-0.72797329	4.39184
200.1362278	-0.76025197	4.40672
200.297889	-0.79265294	4.42269
200.4598116	-0.8252205	4.43975
200.6219962	-0.85801588	4.45795
200.7844434	-0.89111401	4.47733
200.9471539	-0.92460368	4.49799
201.1101283	-0.95857833	4.52005
201.2733673	-0.9931381	4.54369
201.4368715	-1.02836728	4.56917
201.6006416	-1.06430713	4.59683
201.7646782	-1.10093315	4.62708
201.928982	-1.13812886	4.6604
202.0935535	-1.17566092	4.69731
202.2583936	-1.21315089	4.73836
202.4235027	-1.25006301	4.78405
202.5888817	-1.28570731	4.83481
202.7545311	-1.3192418	4.89094
202.9204516	-1.34970281	4.95254
203.0866439	-1.37604859	5.01948
203.2531086	-1.39721552	5.09135
203.4198465	-1.41218212	5.16746
203.5868581	-1.42004672	5.24681
203.7541442	-1.42010597	5.32815
203.9217055	-1.4119153	5.41002
204.0895425	-1.39534692	5.49082
204.2576561	-1.37062138	5.56892
204.4260469	-1.33830667	5.64276
204.5947155	-1.29929967	5.71094
204.7636627	-1.25477225	5.77234
204.9328891	-1.20609919	5.82616
205.1023955	-1.15476333	5.87201
205.2721826	-1.10225071	5.90988
205.4422509	-1.04996706	5.94013
205.6126013	-0.99913281	5.96348
205.7832345	-0.95072594	5.98084
205.9541511	-0.90545555	5.9933
206.1253518	-0.86373584	6.002
206.2968374	-0.8256993	6.00805
206.4686086	-0.79124234	6.01242
206.6406661	-0.76008657	6.01592
206.8130105	-0.73183693	6.01916
206.9856427	-0.70603831	6.02256
207.1585633	-0.68223636	6.02633
207.3317731	-0.66003268	6.03053
207.5052728	-0.63910792	6.03512
207.6790631	-0.61923056	6.04
207.8531448	-0.60026299	6.04504
208.0275185	-0.58214371	6.05015
208.2021851	-0.5648618	6.05527
208.3771452	-0.54843678	6.0604
208.5523996	-0.53288642	6.0656
208.727949	-0.51820854	6.07096
208.9037943	-0.50436724	6.0766
209.0799361	-0.49129235	6.08262
209.2563751	-0.47888611	6.08911
209.4331122	-0.46703544	6.09611
209.6101481	-0.45562195	6.10364
209.7874836	-0.44454122	6.11165
209.9651193	-0.43372135	6.12008
210.1430562	-0.42312239	6.12885
210.3212949	-0.41274347	6.13788
210.4998362	-0.40262011	6.14711
210.6786808	-0.39281094	6.15652
210.8578297	-0.38338838	6.16612
211.0372835	-0.37442209	6.17598
211.217043	-0.3659613	6.1862
211.3971089	-0.35802764	6.19691
211.5774822	-0.35061781	6.20824
211.7581635	-0.34369211	6.22036
211.9391537	-0.33716964	6.23341
212.1204536	-0.33094928	6.24751
212.3020639	-0.32490728	6.26278
212.4839854	-0.31889849	6.27931
212.666219	-0.31275912	6.29718
212.8487654	-0.30631976	6.31642
213.0316255	-0.29940163	6.33708
213.2148	-0.29180539	6.35917
213.3982898	-0.28332566	6.38267
213.5820957	-0.27375059	6.40754
213.7662186	-0.26285075	6.43372
213.9506591	-0.25039628	6.46107
214.1354182	-0.23616803	6.48943
214.3204967	-0.21995908	6.51857
214.5058953	-0.20160736	6.54819
214.6916151	-0.18099804	6.57798
214.8776566	-0.15807796	6.60756
215.0640209	-0.13286637	6.63657
215.2507088	-0.10545399	6.66463
215.437721	-0.07600518	6.69141
215.6250585	-0.04473694	6.71663
215.812722	-0.01190614	6.74007
216.0007125	0.02220724	6.76158
216.1890308	0.0573202	6.78108
216.3776778	0.09315644	6.79854
216.5666543	0.12946977	6.81401
216.7559611	0.16605221	6.82754
216.9455992	0.20271362	6.83919
217.1355694	0.23929633	6.84906
217.3258726	0.27566163	6.8572
217.5165097	0.31167646	6.86369
217.7074815	0.34721246	6.86858
217.8987889	0.38213539	6.87194
218.0904329	0.41630797	6.87384
218.2824142	0.44959415	6.87438
218.4747339	0.48185348	6.87365
218.6673927	0.51294895	6.8718
218.8603916	0.54275884	6.86898
219.0537315	0.57117046	6.86537
219.2474133	0.59809338	6.86118
219.4414379	0.62345481	6.85662
219.6358063	0.64720863	6.85195
219.8305192	0.6693405	6.84742
220.0255777	0.68986172	6.84331
220.2209826	0.70883645	6.83994
220.416735	0.72638078	6.8376
220.6128356	0.74265977	6.8366
220.8092855	0.75790814	6.83724
221.0060856	0.77242541	6.83977
221.2032368	0.78656689	6.84439
221.40074	0.80073381	6.85122
221.5985962	0.81535319	6.86029
221.7968064	0.8308619	6.87154
221.9953715	0.8476846	6.8848
222.1942925	0.86619743	6.89979
222.3935702	0.88671645	6.91618
222.5932057	0.9094804	6.93355
222.7932	0.93464379	6.95148
222.9935539	0.96227175	6.9695
223.1942686	0.99234076	6.98719
223.3953449	1.02476048	7.00415
223.5967838	1.05937955	7.02003
223.7985863	1.09600603	7.03454
224.0007534	1.13441458	7.04743
224.2032861	1.17437109	7.05854
224.4061854	1.21563711	7.06771
224.6094522	1.25796725	7.07485
224.8130876	1.30112221	7.07989
225.0170926	1.34486725	7.0828
225.2214682	1.38897621	7.08357
225.4262153	1.43321798	7.0822
225.6313351	1.4773722	7.07876
225.8368285	1.52122512	7.0733
226.0426965	1.56456861	7.06595
226.2489402	1.60722767	7.05687
226.4555606	1.64906197	7.04625
226.6625588	1.68996799	7.0343
226.8699357	1.72990204	7.02128
227.0776924	1.76888237	7.00741
227.28583	1.80697831	6.99291
227.4943495	1.84432418	6.97797
227.703252	1.88109979	6.96269
227.9125384	1.91749866	6.94709
228.12221	1.95370923	6.93111
228.3322676	1.98989778	6.91461
228.5427125	2.0261685	6.89734
228.7535457	2.06253639	6.87902
228.9647682	2.09891959	6.85934
229.1763811	2.13513565	6.83802
229.3883855	2.17090752	6.81482
229.6007826	2.20587176	6.78959
229.8135733	2.23961631	6.76232
230.0267589	2.27172329	6.73313
230.2403403	2.3018015	6.70227
230.4543187	2.32951933	6.67011
230.6686952	2.35464225	6.63713
230.8834709	2.37705746	6.60386
231.098647	2.3967752	6.57084
231.3142245	2.41392517	6.53859
231.5302045	2.42874434	6.50757
231.7465883	2.44155941	6.47816
231.9633769	2.45275067	6.45061
232.1805715	2.46271406	6.42507
232.3981732	2.47184658	6.4016
232.6161831	2.4805184	6.38015
232.8346025	2.48904855	6.36061
233.0534324	2.49770958	6.34284
233.2726741	2.50671855	6.32665
233.4923286	2.51624015	6.31187
233.7123972	2.52640527	6.29833
233.932881	2.53730662	6.28586
234.1537812	2.5490171	6.27434
234.375099	2.56160517	6.26365
234.5968356	2.57513464	6.25369
234.8189921	2.58967472	6.24437
235.0415697	2.60530353	6.2356
235.2645698	2.62210673	6.22728
235.4879933	2.64017715	6.2193
235.7118417	2.65960764	6.21152
235.936116	2.68049593	6.2038
236.1608174	2.7029323	6.19593
236.3859474	2.72697714	6.18768
236.6115069	2.7526663	6.1788
236.8374973	2.77999303	6.16899
237.0639198	2.80890089	6.15796
237.2907757	2.83928508	6.1454
237.5180661	2.87097554	6.131
237.7457924	2.90374021	6.11449
237.9739558	2.93729444	6.09564
238.2025575	2.97130684	6.07428
238.4315989	3.00541599	6.05032
238.6610812	3.03925031	6.02375
238.8910056	3.07243623	5.99463
239.1213734	3.10462964	5.96314
239.352186	3.1355363	5.9295
239.5834446	3.16491479	5.894
239.8151505	3.19259393	5.85697
240.047305	3.21848369	5.81877
240.2799095	3.24257145	5.77974
240.5129651	3.2649219	5.74022
240.7464733	3.28566777	5.70048
240.9804353	3.30498784	5.66074
241.2148526	3.3230974	5.62115
241.4497263	3.34022997	5.58178
241.6850579	3.35660415	5.5426
241.9208486	3.3724086	5.50354
242.1570999	3.38779414	5.46446
242.3938131	3.4028525	5.42518
242.6309895	3.4176056	5.3855
242.8686305	3.43201316	5.34525
243.1067375	3.44598325	5.30428
243.3453118	3.45937635	5.26249
243.5843548	3.47202963	5.21986
243.8238679	3.48378299	5.17644
244.0638525	3.49450565	5.13236
244.30431	3.50411283	5.08779
244.5452417	3.51259272	5.04297
244.7866491	3.52001528	4.99811
245.0285337	3.52653552	4.95343
245.2708967	3.53237924	4.90904
245.5137396	3.53782672	4.86501
245.7570639	3.543191	4.82125
246.000871	3.54877065	4.77756
246.2451624	3.55481233	4.73359
246.4899393	3.56147433	4.6889
246.7352035	3.56880053	4.64295
246.9809561	3.57668024	4.59514
247.2271989	3.58484472	4.5449
247.4739331	3.59286285	4.49168
247.7211603	3.60016193	4.43508
247.9688819	3.6060534	4.3748
248.2170995	3.60976343	4.31076
248.4658146	3.61049084	4.24307
248.7150285	3.60745162	4.17206
248.9647429	3.59993217	4.09826
249.2149592	3.58733431	4.02238
249.465679	3.56921294	3.94527
249.7169038	3.54530443	3.86788
249.968635	3.51554852	3.79121
250.2208743	3.48008465	3.71623
250.4736232	3.43923939	3.64386
250.7268832	3.3935142	3.57491
250.9806558	3.34354435	3.51002
251.2349427	3.29005416	3.44966
251.4897454	3.23382009	3.39411
251.7450655	3.17561689	3.34344
252.0009045	3.11617623	3.29756
252.257264	3.0561506	3.25621
252.5141456	2.9960857	3.21903
252.771551	2.93639969	3.18556
253.0294817	2.8773835	3.15534
253.2879393	2.81920526	3.12788
253.5469255	2.76192126	3.10276
253.8064418	2.7055144	3.07962
254.0664899	2.64990137	3.05815
254.3270714	2.59497277	3.03817
254.5881881	2.5406138	3.01952
254.8498414	2.48672071	3.00215
255.1120332	2.43321852	2.98601
255.3747649	2.38005733	2.9711
255.6380384	2.32721789	2.95741
255.9018553	2.27470624	2.94494
256.1662173	2.22254116	2.93365
256.431126	2.1707469	2.92351
256.6965832	2.11934801	2.91445
256.9625906	2.06835681	2.9064
257.2291499	2.01777527	2.89928
257.4962627	1.96759234	2.89301
257.7639309	1.91778306	2.88751
258.0321562	1.8683176	2.88272
258.3009402	1.81914979	2.87855
258.5702848	1.7702284	2.87497
258.8401917	1.72149519	2.8719
259.1106627	1.67287499	2.86931
259.3816995	1.62429456	2.86717
259.653304	1.57566187	2.86544
259.9254778	1.52687725	2.86414
260.1982229	1.47784538	2.86329
260.4715409	1.42847501	2.86295
260.7454337	1.37868535	2.86319
261.0199032	1.32841314	2.86412
261.2949511	1.27762438	2.86586
261.5705793	1.22631627	2.86854
261.8467895	1.17451756	2.87228
262.1235838	1.12228837	2.87719
262.4009638	1.06970608	2.88333
262.6789315	1.01685058	2.89074
262.9574888	0.963802	2.89943
263.2366374	0.9106329	2.90938
263.5163794	0.85738521	2.92052
263.7967166	0.80405986	2.93279
264.0776509	0.75061986	2.94613
264.3591841	0.69696066	2.96048
264.6413183	0.64283307	2.97584
264.9240554	0.58697344	2.99221
265.2068299	0.53904294	3.00963
265.4907773	0.48230218	3.02822
265.7753333	0.42639817	3.04812
266.0605	0.37009447	3.06951
266.3462793	0.31317888	3.09262
266.6326731	0.25560262	3.11771
266.9196835	0.1974003	3.14508
267.2073125	0.13868127	3.17504
267.495562	0.07962386	3.2079
267.7844341	0.02048179	3.24397
268.0739308	-0.03840761	3.28353
268.3640541	-0.09663491	3.32679
268.6548061	-0.1537252	3.3739
268.9461887	-0.20915384	3.42489
269.2382041	-0.26237491	3.47968
269.5308543	-0.3128444	3.53806
269.8241415	-0.36005202	3.59969
270.1180675	-0.40355081	3.66411
270.4126347	-0.44298903	3.73075
270.707845	-0.47812894	3.79898
271.0037005	-0.50885847	3.86812
271.3002035	-0.5351997	3.93749
271.597356	-0.55729578	4.00645
271.8951601	-0.57540478	4.0744
272.193618	-0.58987755	4.14085
272.4927319	-0.60113224	4.20539
272.7925039	-0.6096287	4.26774
273.0929361	-0.61583864	4.32771
273.3940309	-0.62024354	4.38519
273.6957903	-0.62331003	4.44019
273.9982166	-0.62546758	4.49278
274.3013119	-0.62712225	4.54307
274.6050786	-0.62864198	4.59126
274.9095188	-0.63035926	4.63755
275.2146349	-0.63257488	4.68222
275.5204289	-0.63553881	4.72558
275.8269032	-0.63946307	4.76796
276.1340601	-0.6445142	4.80975
276.4419019	-0.65079022	4.85138
276.7504308	-0.65832578	4.89328
277.0596492	-0.66708093	4.93593
277.3695593	-0.67693126	4.97979
277.6801635	-0.68765937	5.02534
277.9914641	-0.69895568	5.07299
278.3034635	-0.71042848	5.12312
278.616164	-0.72160556	5.17602
278.9295681	-0.73195308	5.23189
279.2436779	-0.74088793	5.29082
279.5584961	-0.74780702	5.35276
279.8740248	-0.75210743	5.41755
280.1902667	-0.75321643	5.48487
280.507224	-0.75061972	5.5543
280.8248992	-0.74388289	5.62529
281.1432948	-0.73267943	5.69721
281.4624132	-0.71679987	5.76937
281.7822568	-0.69617348	5.84103
282.1028282	-0.67085525	5.9115
282.4241298	-0.6410275	5.98007
282.7461642	-0.60698201	6.04616
283.0689338	-0.56909749	6.10922
283.3924411	-0.52781762	6.16886
283.7166888	-0.48361422	6.22476
284.0416793	-0.43696853	6.27673
284.3674151	-0.38835088	6.32464
284.693899	-0.33820738	6.36846
285.0211333	-0.28695003	6.40819
285.3491208	-0.23495502	6.44389
285.6778641	-0.18257115	6.47561
286.0073656	-0.13012607	6.50345
286.3376282	-0.0779194	6.52751
286.6686543	-0.0262495	6.54788
287.0004468	0.02459289	6.56471
287.3330081	0.0743311	6.57815
287.6663411	0.12270739	6.58841
288.0004483	0.16948815	6.5957
288.3353326	0.21447139	6.60029
288.6709965	0.25749251	6.60244
289.0074429	0.29843126	6.60246
289.3446744	0.33721832	6.60063
289.6826939	0.37381593	6.59722
290.0215041	0.40822385	6.5925
290.3611077	0.44048116	6.58671
290.7015076	0.47063845	6.58003
291.0427066	0.49876219	6.57266
291.3847074	0.52492511	6.56472
291.7275129	0.54920156	6.55636
292.071126	0.57166718	6.54766
292.4155495	0.59238113	6.53871
292.7607863	0.61140619	6.5296
293.1068392	0.628794	6.52038
293.4537112	0.64459196	6.51114
293.8014052	0.65884612	6.50193
294.1499241	0.67160313	6.49284
294.4992708	0.68291154	6.48392
294.8494483	0.69282193	6.47526
295.2004595	0.70140051	6.46693
295.5523075	0.70872142	6.459
295.9049952	0.71487621	6.45154
296.2585257	0.71997083	6.44459
296.6129019	0.72412457	6.43818
296.9681269	0.72745677	6.43228
297.3242038	0.73008234	6.42686
297.6811357	0.73210896	6.42183
298.0389255	0.73362325	6.41708
298.3975764	0.73468153	6.41245
298.7570916	0.73530114	6.40777
299.1174741	0.73544953	6.40283
299.4787271	0.73503973	6.39744
299.8408537	0.73393013	6.3914
300.2038571	0.73192979	6.38456
300.5677406	0.72879865	6.37677
300.9325073	0.72424731	6.36795
301.2981604	0.71795606	6.35807
301.6647032	0.70957216	6.34715
302.0321389	0.69872228	6.3353
302.4004707	0.68503739	6.32271
302.7697021	0.66814447	6.30961
303.1398362	0.64768413	6.29636
303.5108764	0.62333941	6.28338
303.882826	0.59482438	6.27115
304.2556883	0.5619116	6.26027
304.6294668	0.52444433	6.25137
305.0041648	0.48235146	6.24519
305.3797857	0.43566154	6.24248
305.7563329	0.38451125	6.24407
306.1338099	0.32917161	6.2508
306.51222	0.27004893	6.26351
306.8915668	0.20768713	6.28301
307.2718538	0.14277921	6.31008
307.6530844	0.07615437	6.34538
308.0352621	0.00877207	6.3895
308.4183905	-0.05829679	6.44284
308.8024732	-0.12390001	6.50567
309.1875137	-0.18681973	6.57806
309.5735156	-0.24580882	6.65989
309.9604825	-0.29962374	6.75083
310.348418	-0.3470488	6.85037
310.7373258	-0.38692748	6.95778
311.1272095	-0.41820062	7.07215
311.5180729	-0.43992867	7.1924
311.9099195	-0.45131311	7.3173
312.3027531	-0.4517338	7.44546
312.6965776	-0.44075924	7.57543
313.0913965	-0.41817169	7.70563
313.4872137	-0.38398099	7.8345
313.8840329	-0.33842658	7.96044
314.281858	-0.28197427	8.08195
314.6806929	-0.21530735	8.19757
315.0805413	-0.1393118	8.30602
315.4814071	-0.05503813	8.40616
315.8832943	0.03631826	8.49705
316.2862066	0.13345637	8.57796
316.6901481	0.2349957	8.64837
317.0951228	0.33952135	8.70802
317.5011344	0.44562018	8.75685
317.9081872	0.55190221	8.79503
318.316285	0.65703173	8.82294
318.7254319	0.75977314	8.8412
319.1356319	0.85901856	8.85058
319.5468892	0.95380763	8.85204
319.9592077	1.04337612	8.84669
320.3725917	1.12717024	8.83571
320.7870453	1.20486718	8.82036
321.2025725	1.27637591	8.80185
321.6191777	1.34181846	8.78135
322.0368649	1.40152021	8.75991
322.4556385	1.45596825	8.73841
322.8755026	1.50576646	8.71754
323.2964615	1.55157763	8.69776
323.7185196	1.5940637	8.67933
324.141681	1.63385877	8.66235
324.5659503	1.6715154	8.64671
324.9913316	1.70747264	8.63223
325.4178294	1.74205556	8.61864
325.8454481	1.77546306	8.60565
326.2741921	1.8077836	8.59299
326.7040659	1.83901325	8.58043
327.1350739	1.86907049	8.5678
327.5672206	1.8978343	8.55504
328.0005106	1.92516676	8.54214
328.4349483	1.95093531	8.5292
328.8705385	1.97504151	8.51637
329.3072855	1.99743357	8.50386
329.7451941	2.0181127	8.49189
330.184269	2.03714056	8.48071
330.6245147	2.05462852	8.47052
331.0659359	2.07073661	8.46154
331.5085374	2.08566965	8.45391
331.952324	2.09964855	8.44773
332.3973003	2.11289639	8.44304
332.8434711	2.12563967	8.43987
333.2908414	2.13809504	8.43817
333.7394159	2.15045625	8.43789
334.1891995	2.16290306	8.43895
334.640197	2.17559558	8.44126
335.0924135	2.18868944	8.44474
335.5458539	2.20233067	8.44927
336.000523	2.21666371	8.45476
336.4564261	2.23184482	8.46108
336.9135679	2.24802091	8.46806
337.3719537	2.26533217	8.47552
337.8315886	2.28391428	8.48323
338.2924775	2.30387082	8.49089
338.7546257	2.32525671	8.49817
339.2180383	2.34808009	8.50471
339.6827205	2.37227127	8.51008
340.1486776	2.39767199	8.51388
340.6159148	2.42403834	8.5157
341.0844374	2.45103977	8.51519
341.5542507	2.47825915	8.51203
342.02536	2.50521043	8.50603
342.4977707	2.53136748	8.49708
342.9714882	2.55617338	8.48519
343.446518	2.57907927	8.47051
343.9228655	2.59956538	8.45328
344.4005361	2.61715805	8.43386
344.8795355	2.63145209	8.41269
345.3598691	2.64212491	8.39029
345.8415425	2.64894791	8.36722
346.3245615	2.65177535	8.34405
346.8089315	2.65054845	8.32139
347.2946583	2.64530957	8.29985
347.7817475	2.63618691	8.28
348.2702051	2.62338121	8.26239
348.7600366	2.60718273	8.24756
349.2512479	2.58795552	8.23595
349.7438449	2.56611732	8.22796
350.2378333	2.54214844	8.22392
350.7332192	2.5165706	8.22405
351.2300085	2.48992425	8.22848
351.7282071	2.4627563	8.23724
352.227821	2.43559555	8.25025
352.7288563	2.40893508	8.26735
353.2313191	2.38322423	8.2883
353.7352154	2.35884142	8.31277
354.2405514	2.33609957	8.34043
354.7473333	2.31523367	8.37086
355.2555673	2.29640065	8.40369
355.7652597	2.27969368	8.43851
356.2764167	2.26512904	8.47494
356.7890446	2.25266832	8.51264
357.3031499	2.24222314	8.55129
357.8187388	2.23365841	8.59062
358.3358179	2.22680579	8.63041
358.8543936	2.22147017	8.67049
359.3744725	2.21744331	8.71076
359.896061	2.2145218	8.75118
360.4191657	2.21251534	8.79176
360.9437933	2.21125995	8.83257
361.4699504	2.21063347	8.87372
361.9976438	2.21056767	8.91535
362.5268801	2.21104189	8.95758
363.0576662	2.2120808	9.00054
363.5900088	2.21375649	9.04432
364.1239148	2.21617234	9.08896
364.6593912	2.21942851	9.13441
365.1964448	2.22360613	9.1806
365.7350826	2.22874983	9.22738
366.2753117	2.2348491	9.2746
366.8171391	2.24183051	9.32208
367.3605719	2.2495553	9.36969
367.9056172	2.25783558	9.41734
368.4522823	2.26643903	9.46501
369.0005744	2.27513107	9.51281
369.5505007	2.28370606	9.56091
370.1020687	2.29199991	9.60957
370.6552855	2.29992828	9.65913
371.2101587	2.30750708	9.70995
371.7666957	2.31484553	9.76237
372.3249039	2.32215001	9.81671
372.884791	2.32969237	9.87316
373.4463645	2.33778418	9.93186
374.009632	2.34675705	9.9928
374.5746012	2.35686544	10.0558
375.1412799	2.36833963	10.1208
375.7096758	2.38131655	10.1874
376.2797967	2.3957836	10.2554
376.8516505	2.41169027	10.3246
377.4252451	2.42883762	10.3947
378.0005884	2.4469731	10.4658
378.5776885	2.4658588	10.5379
379.1565535	2.48520361	10.6112
379.7371914	2.50483468	10.6862
380.3196104	2.52471436	10.7633
380.9038187	2.54488367	10.843
381.4898246	2.56548271	10.9258
382.0776364	2.58686918	11.0124
382.6672623	2.60949541	11.103
383.258711	2.63380742	11.198
383.8519907	2.6603891	11.2977
384.4471101	2.6898139	11.4021
385.0440776	2.72261535	11.5113
385.642902	2.75935243	11.6253
386.2435919	2.80053527	11.744
386.846156	2.8466474	11.8674
387.4506031	2.89819792	11.9955
388.0569421	2.95577143	12.1284
388.6651818	3.02003313	12.2661
389.2753312	3.09174952	12.4087
389.8873994	3.17191763	12.5563
390.5013953	3.2616595	12.7086
391.1173281	3.36225134	12.8654
391.735207	3.47510204	13.0259
392.3550411	3.60162271	13.1891
392.9768399	3.74313679	13.3534
393.6006127	3.9008011	13.517
394.2263688	4.07544856	13.6774
394.8541178	4.26748883	13.8321
395.4838692	4.47690836	13.9782
396.1156326	4.70310609	14.1127
396.7494176	4.94489786	14.2327
397.385234	5.20054634	14.3355
398.0230915	5.46775337	14.4187
398.663	5.74388757	14.4807
399.3049694	6.02599455	14.52
399.9490097	6.31091228	14.5362
400.5951309	6.59551904	14.5293
401.243343	6.87680815	14.5001
401.8936564	7.15200532	14.4498
402.5460812	7.41876072	14.3804
403.2006276	7.67515132	14.2938
403.8573062	7.91975878	14.1926
404.5161272	8.151633	14.0789
405.1771013	8.37024607	13.9553
405.840239	8.57556231	13.8239
406.5055508	8.76785613	13.6867
407.1730476	8.9476066	13.5452
407.8427401	9.11540241	13.4008
408.5146392	9.27189752	13.2545
409.1887558	9.41774313	13.1072
409.8651008	9.55354734	12.9595
410.5436854	9.67985426	12.812
411.2245207	9.79705875	12.665
411.9076179	9.90548084	12.5192
412.5929884	10.00551597	12.3752
413.2806433	10.09761374	12.2337
413.9705943	10.18227473	12.0953
414.6628528	10.26011434	11.9608
415.3574305	10.33188658	11.8308
416.0543389	10.39856901	11.7061
416.7535899	10.46128982	11.5869
417.4551953	10.52118707	11.4734
418.1591669	10.57947266	11.3655
418.8655169	10.63733821	11.2628
419.5742572	10.69580158	11.1645
420.2854	10.75576177	11.0699
420.9989576	10.81797802	10.9778
421.7149422	10.88282682	10.8868
422.4333663	10.95038463	10.7957
423.1542423	11.02055142	10.7033
423.8775829	11.09287927	10.6082
424.6034007	11.16669882	10.5096
425.3317084	11.24118188	10.4065
426.0625189	11.3153014	10.2984
426.7958451	11.38800687	10.185
427.5317	11.45821053	10.0662
428.2700967	11.52478278	9.94212
429.0110484	11.58669485	9.81334
429.7545685	11.6430733	9.68047
430.5006701	11.69316611	9.54436
431.249367	11.73641255	9.406
432.0006725	11.77245422	9.26646
432.7546003	11.80114203	9.12686
433.5111643	11.82254444	8.98832
434.2703783	11.83693355	8.85189
435.0322561	11.84476521	8.71853
435.796812	11.84664502	8.58904
436.5640599	11.84330412	8.46409
437.3340141	11.83555372	8.34411
438.106689	11.82423004	8.22936
438.8820991	11.81016515	8.1199
439.6602589	11.79413621	8.0156
440.4411829	11.77683989	7.9162
441.2248861	11.75885898	7.82128
442.0113832	11.74062945	7.73035
442.8006893	11.72245072	7.6429
443.5928193	11.70447913	7.55839
444.3877885	11.6867297	7.47634
445.1856122	11.66911199	7.39636
445.9863058	11.65144622	7.31814
446.7898847	11.63350506	7.24154
447.5963646	11.61505546	7.16652
448.4057613	11.59588861	7.09319
449.2180906	11.57586105	7.02176
450.0333684	11.55492006	6.95253
450.8516109	11.53313127	6.88585
451.6728342	11.51067719	6.82205
452.4970547	11.48786032	6.76145
453.3242888	11.46508511	6.70425
454.1545531	11.4428259	6.65056
454.9878642	11.42159548	6.60033
455.824239	11.40190192	6.55338
456.6636943	11.38421113	6.50938
457.5062472	11.36892378	6.46791
458.351915	11.35633271	6.4284
459.2007148	11.34660453	6.39028
460.0526642	11.3397782	6.35292
460.9077807	11.33576162	6.31575
461.7660819	11.33435367	6.27824
462.6275858	11.33525118	6.23995
463.4923103	11.33808948	6.20058
464.3602734	11.34247723	6.15994
465.2314934	11.34803358	6.11799
466.1059887	11.35442063	6.07478
466.9837778	11.36136841	6.03047
467.8648792	11.36870104	5.98527
468.7493119	11.37634912	5.93942
469.6370947	11.38433161	5.8931
470.5282467	11.39275174	5.84649
471.4227871	11.40177925	5.79964
472.3207352	11.41160524	5.75252
473.2221107	11.42242492	5.705
474.1269331	11.4344095	5.65685
475.0352222	11.44766419	5.60773
475.9469981	11.46222246	5.55729
476.8622808	11.47803765	5.5051
477.7810906	11.49496525	5.45074
478.7034479	11.51277018	5.39379
479.6293733	11.53112959	5.33387
480.5588876	11.54963396	5.27063
481.4920117	11.56779922	5.20381
482.4287665	11.58507335	5.1332
483.3691735	11.60084339	5.05871
484.3132539	11.61445439	4.98035
485.2610294	11.62523067	4.89828
486.2125216	11.63249642	4.81278
487.1677525	11.63560402	4.72431
488.1267441	11.63398517	4.63349
489.0895187	11.627176	4.54106
490.0560988	11.61484975	4.4479
491.0265069	11.5968527	4.35497
492.0007659	11.57323234	4.26329
492.9788986	11.54424526	4.17384
493.9609283	11.51034111	4.08753
494.9468782	11.47215051	4.00515
495.936772	11.43044708	3.9273
496.9306333	11.38611494	3.8544
497.9284859	11.34008673	3.78658
498.9303541	11.29327705	3.72376
499.9362621	11.24654294	3.66562
500.9462343	11.20062208	3.61162
501.9602955	11.15607513	3.56104
502.9784706	11.11326467	3.51308
504.0007846	11.07232496	3.46684
505.0272627	11.03315126	3.42148
506.0579306	10.99542205	3.37623
507.0928139	10.95862815	3.3305
508.1319385	10.92211712	3.28389
509.1753306	10.8851572	3.23629
510.2230165	10.84702231	3.18786
511.2750227	10.8070697	3.13904
512.331376	10.76481189	3.09049
513.3921035	10.719983	3.04306
514.4572324	10.67257025	2.99765
515.52679	10.622837	2.9552
516.6008042	10.57131598	2.9165
517.6793027	10.51874459	2.88214
518.7623138	10.46600185	2.85245
519.8498658	10.4140358	2.82747
520.9419874	10.36377032	2.80691
522.0387074	10.31601597	2.79021
523.1400549	10.2714032	2.77658
524.2460592	10.23033394	2.76509
525.35675	10.1929633	2.75475
526.4721571	10.15920128	2.74459
527.5923106	10.12873893	2.73374
528.7172409	10.10109288	2.72148
529.8469786	10.07564708	2.70726
530.9815546	10.05170697	2.69075
532.121	10.02856021	2.67182
533.2653462	10.00550486	2.6505
534.414625	9.98188183	2.62701
535.5688683	9.95711771	2.60172
536.7281082	9.93073606	2.5751
537.8923774	9.90237552	2.54774
539.0617087	9.87180791	2.52029
540.2361351	9.83895397	2.49347
541.41569	9.80389472	2.468
542.600407	9.76688439	2.44461
543.7903202	9.7283453	2.42393
544.9854637	9.68886051	2.40652
546.1858722	9.6491534	2.39274
547.3915806	9.61004664	2.38277
548.6026239	9.57241167	2.37651
549.8190377	9.53709352	2.3736
551.0408578	9.50483804	2.3734
552.2681203	9.47623082	2.37506
553.5008616	9.45162054	2.37749
554.7391186	9.43106185	2.37953
555.9829283	9.41429945	2.37999
557.2323281	9.40076481	2.37779
558.4873559	9.3896083	2.37204
559.7480497	9.37976776	2.36217
561.014448	9.37004939	2.34794
562.2865896	9.35923361	2.32955
563.5645136	9.34620539	2.30759
564.8482597	9.33004494	2.28298
566.1378676	9.3101176	2.25693
567.4333776	9.28614007	2.2308
568.7348303	9.25821677	2.20601
570.0422667	9.22682892	2.18385
571.3557281	9.19277666	2.1654
572.6752564	9.15711904	2.15144
574.0008935	9.12107143	2.14234
575.3326821	9.08588414	2.13806
576.6706651	9.05272876	2.13815
578.0148858	9.02260644	2.14183
579.3653879	8.99624737	2.14799
580.7222155	8.97405061	2.1554
582.0854131	8.95607859	2.16276
583.4550259	8.94204038	2.16881
584.8310991	8.93133829	2.1725
586.2136785	8.92314164	2.17302
587.6028104	8.9164652	2.16989
588.9985416	8.91026871	2.16297
590.400919	8.90354605	2.15245
591.8099905	8.89540886	2.13882
593.2258038	8.8851596	2.12281
594.6484077	8.87233173	2.10529
596.077851	8.85671573	2.08722
597.5141831	8.83834957	2.06951
598.9574541	8.81749236	2.05301
600.4077143	8.79458792	2.0384
601.8650146	8.77020919	2.02619
603.3294063	8.7450099	2.01668
604.8009415	8.71966613	2.00996
606.2796724	8.69482918	2.00593
607.765652	8.6710816	2.00431
609.2589337	8.6489044	2.00469
610.7595714	8.62865411	2.00655
612.2676198	8.61054426	2.00931
613.7831337	8.59464794	2.01238
615.3061687	8.58089845	2.01517
616.8367811	8.56909598	2.01715
618.3750274	8.5589282	2.01787
619.920965	8.54999012	2.01699
621.4746516	8.54182263	2.01432
623.0361457	8.53395074	2.0098
624.6055063	8.52590764	2.0035
626.1827929	8.51726985	1.99563
627.7680658	8.50768674	1.9865
629.3613858	8.49690897	1.97652
630.9628142	8.48479982	1.96612
632.5724133	8.47133092	1.95575
634.1902455	8.45658566	1.94584
635.8163744	8.44074355	1.93676
637.4508638	8.42406871	1.92882
639.0937784	8.40687835	1.9222
640.7451835	8.38951164	1.917
642.4051451	8.37231566	1.91321
644.0737299	8.35561205	1.91071
645.7510052	8.33967527	1.9093
647.4370392	8.32470688	1.90869
649.1319005	8.31082329	1.90857
650.8356588	8.29805391	1.9086
652.5483842	8.2863362	1.90846
654.2701478	8.27552531	1.90787
656.0010212	8.26541455	1.90663
657.7410769	8.25575438	1.90461
659.4903883	8.24628348	1.9018
661.2490293	8.23675697	1.89826
663.0170749	8.22696861	1.89415
664.7946005	8.21678329	1.88969
666.5816828	8.20613937	1.88511
668.3783989	8.19504693	1.88065
670.184827	8.18359319	1.87653
672.0010461	8.17192612	1.8729
673.8271359	8.16022305	1.86983
675.6631771	8.14866179	1.86731
677.5092514	8.13740976	1.86528
679.3654411	8.12659569	1.86358
681.2318297	8.11627782	1.86202
683.1085014	8.10645435	1.86042
684.9955414	8.09706212	1.85859
686.893036	8.08797833	1.85639
688.8010722	8.0790373	1.85373
690.7197382	8.07005515	1.85061
692.6491229	8.06085349	1.84709
694.5893165	8.05127683	1.84331
696.5404101	8.04122431	1.83948
698.5024958	8.03066177	1.83583
700.4756667	8.01962527	1.83261
702.460017	8.00822986	1.83006
704.455642	7.99666918	1.82838
706.4626382	7.98518698	1.82767
708.4811029	7.97406212	1.82798
710.5111347	7.96359095	1.82923
712.5528333	7.95403386	1.83122
714.6062997	7.94559862	1.83369
716.6716358	7.93841388	1.83627
718.7489449	7.93249685	1.83856
720.8383314	7.92775549	1.84016
722.9399009	7.92397693	1.84068
725.0537602	7.92084353	1.83984
727.1800176	7.9179678	1.83746
729.3187824	7.91491998	1.8335
731.4701652	7.91127123	1.82807
733.6342781	7.90664162	1.82143
735.8112344	7.90073176	1.81394
738.0011488	7.89335688	1.80607
740.2041373	7.88446274	1.7983
742.4203174	7.87412146	1.79112
744.6498078	7.86253178	1.78497
746.8927289	7.84998907	1.78019
749.1492024	7.83686087	1.77703
751.4193515	7.82354974	1.77559
753.7033009	7.81046399	1.77588
756.0011768	7.79798556	1.77776
758.313107	7.78644335	1.78103
760.6392209	7.77611291	1.78541
762.9796492	7.76719266	1.79055
765.3345247	7.75979651	1.79608
767.7039814	7.7539616	1.80162
770.0881553	7.74964421	1.80678
772.4871838	7.74671692	1.81119
774.9012063	7.74496903	1.81451
777.3303636	7.74412204	1.81648
779.7747987	7.74384606	1.8169
782.2346562	7.74376828	1.81566
784.7100823	7.74349242	1.81275
787.2012254	7.74263374	1.80829
789.7082357	7.74084344	1.80248
792.2312652	7.73783176	1.79563
794.7704679	7.73338247	1.78809
797.326	7.72736988	1.78029
799.8980194	7.71976394	1.77264
802.4866861	7.71062465	1.76557
805.0921623	7.70009539	1.75945
807.7146124	7.68838207	1.75462
810.3542026	7.6757566	1.75138
813.0111016	7.66254843	1.74996
815.6854803	7.6491224	1.75051
818.3775116	7.63588237	1.75314
821.0873709	7.62326731	1.75785
823.8152359	7.61173226	1.76455
826.5612867	7.60172452	1.77301
829.3257057	7.59365457	1.78289
832.1086779	7.58786925	1.79371
834.9103906	7.58459737	1.80485
837.7310338	7.58391942	1.81563
840.5708	7.58574083	1.8253
843.4298844	7.58976121	1.83313
846.3084846	7.59549696	1.83851
849.2068014	7.60230241	1.84095
852.1250378	7.60941645	1.84021
855.0634	7.61602962	1.83627
858.0220969	7.62134877	1.82939
861.0013403	7.62467868	1.82007
864.0013449	7.62546934	1.80899
867.0223287	7.6233653	1.797
870.0645123	7.6182402	1.78501
873.1281197	7.61019496	1.77393
876.2133781	7.5995498	1.76461
879.3205177	7.58681818	1.75777
882.4497722	7.57266538	1.75396
885.6013786	7.55787061	1.75354
888.7755771	7.54328277	1.75664
891.9726115	7.52976595	1.76315
895.1927292	7.51814628	1.77272
898.4361812	7.50916852	1.78478
901.7032218	7.50342582	1.7985
904.9941095	7.50130692	1.81291
908.3091062	7.50294803	1.82687
911.6484779	7.50819103	1.83922
915.0124945	7.51656913	1.84881
918.4014296	7.52730804	1.85465
921.8155613	7.53936228	1.85598
925.2551716	7.55149256	1.85242
928.7205468	7.56236176	1.84397
932.2119774	7.57065439	1.83112
935.7297585	7.57520844	1.81477
939.2741894	7.5751347	1.79623
942.8455741	7.56992351	1.77707
946.4442214	7.55950504	1.75901
950.0704444	7.54428925	1.74377
953.7245615	7.52514361	1.73287
957.4068958	7.50331556	1.7275
961.1177752	7.48033683	1.72842
964.8575331	7.45789787	1.73586
968.6265078	7.43768927	1.74948
972.4250431	7.42126062	1.76843
976.2534882	7.40988059	1.79136
980.1121976	7.40442361	1.81659
984.0015317	7.40529889	1.8422
987.9218566	7.41239811	1.8662
991.873544	7.42510406	1.88671
995.8569719	7.44232922	1.90208
999.8725242	7.46258938	1.91106
1003.920591	7.4841291	1.91291
1008.001569	7.5050468	1.90743
1012.115861	7.5234454	1.89505
1016.263877	7.53759711	1.87677
1020.446033	7.54607734	1.8541
1024.662752	7.54789937	1.82898
1028.914465	7.54260961	1.80359
1033.201608	7.53033062	1.7802
1037.524628	7.51178201	1.761
1041.883975	7.48823028	1.74786
1046.28011	7.46139382	1.74222
1050.7135	7.43331214	1.74491
1055.184621	7.40617663	1.7561
1059.693957	7.38214659	1.77524
1064.242	7.36316004	1.80112
1068.82925	7.35076774	1.83195
1073.456216	7.34598475	1.8655
1078.123417	7.34919852	1.89932
1082.83138	7.36014048	1.93094
1087.58064	7.37790526	1.95808
1092.371744	7.40103073	1.97886
1097.205248	7.4276321	1.99196
1102.081716	7.45557985	1.99674
1107.001723	7.48267899	1.99324
1111.965857	7.50685728	1.98222
1116.974712	7.52635515	1.96505
1122.028896	7.5398581	1.94356
1127.129027	7.54658716	1.91989
1132.275735	7.54636048	1.89632
1137.469661	7.53958447	1.87503
1142.711456	7.5272009	1.85798
1148.001787	7.5106077	1.84673
1153.34133	7.49153272	1.84233
1158.730776	7.47189913	1.84526
1164.170826	7.45366485	1.85536
1169.662198	7.43867084	1.8719
1175.205621	7.428506	1.89359
1180.801838	7.42436063	1.91867
1186.451608	7.42692517	1.94508
1192.155702	7.43633444	1.9706
1197.914908	7.45211757	1.99299
1203.730029	7.47322307	2.01027
1209.601883	7.49810326	2.02083
1215.531304	7.52481806	2.02361
1221.519143	7.55119459	2.01822
1227.566267	7.57502689	2.00502
1233.673562	7.59428262	1.98508
1239.84193	7.60727639	1.96009
1246.072291	7.61284337	1.93228
1252.365586	7.61045645	1.90415
1258.722772	7.60027716	1.87831
1265.144827	7.58315942	1.85721
1271.632749	7.56056604	1.84292
1278.187557	7.53445419	1.83699
1284.81029	7.50711825	1.84027
1291.50201	7.48097538	1.85283
1298.263801	7.45837887	1.87402
1305.096768	7.44142495	1.90243
1312.002042	7.43176364	1.93606
1318.980777	7.4304617	1.97245
1326.03415	7.43791097	2.00891
1333.163366	7.45378702	2.0427
1340.369654	7.47705501	2.07128
1347.654272	7.50604665	2.09253
1355.018503	7.5385887	2.10494
1362.463659	7.57219984	2.10779
1369.991083	7.6042967	2.10115
1377.602144	7.63241775	2.08597
1385.298246	7.6544712	2.06397
1393.08082	7.66891041	2.03745
1400.951333	7.67487983	2.00915
1408.911284	7.67230424	1.98194
1416.962206	7.66187442	1.95856
1425.105667	7.64498317	1.9414
1433.343272	7.62358696	1.93224
1441.676663	7.60000976	1.93213
1450.10752	7.57672253	1.94129
1458.637565	7.55611824	1.95914
1467.268556	7.54029745	1.98434
1476.002298	7.53088303	2.01496
1484.840635	7.52888708	2.04865
1493.785458	7.53463084	2.08288
1502.838703	7.54773949	2.11518
1512.002354	7.56718374	2.14334
1521.278442	7.59139651	2.16567
1530.669049	7.61843964	2.1811
1540.176311	7.64619256	2.18931
1549.802413	7.67258389	2.19076
1559.549597	7.69580408	2.1866
1569.420165	7.71449157	2.17857
1579.416471	7.72788175	2.16879
1589.540936	7.73588266	2.15952
1599.796039	7.73907368	2.1529
1610.184325	7.73863278	2.15072
1620.708405	7.73618977	2.1542
1631.370961	7.73363445	2.16389
1642.174742	7.73289718	2.17959
1653.122573	7.73572791	2.20042
1664.217356	7.74352334	2.22494
1675.462068	7.75717781	2.25128
1686.859769	7.77701072	2.27742
1698.413603	7.80276828	2.30135
1710.1268	7.83367626	2.3213
1722.002681	7.86853899	2.33585
1734.044657	7.90587393	2.34408
1746.256239	7.94405833	2.34556
1758.641035	7.98145603	2.34037
1771.202757	8.01654025	2.32905
1783.945223	8.04798998	2.31253
1796.872362	8.07475088	2.29203
1809.988219	8.09609082	2.26902
1823.296956	8.11162587	2.24507
1836.802859	8.12133009	2.22183
1850.510343	8.12554688	2.20091
1864.423955	8.12498752	2.18383
1878.548379	8.1207039	2.17187
1892.888443	8.11403974	2.16603
1907.449123	8.10656746	2.1669
1922.23555	8.0999795	2.17459
1937.253016	8.095955	2.18868
1952.506976	8.0960318	2.20826
1968.003063	8.10145382	2.2319
1983.747088	8.11302568	2.25783
1999.745048	8.13103975	2.2841
2016.003138	8.15523601	2.30875
2032.527754	8.18482987	2.33005
2049.325504	8.21859773	2.34665
2066.403217	8.25504567	2.35781
2083.76795	8.29259686	2.36335
2101.427	8.32977967	2.36374
2119.387915	8.36543578	2.35996
2137.6585	8.39884996	2.35331
2156.246835	8.42981225	2.3452
2175.161281	8.45860878	2.33692
2194.410496	8.48593806	2.32943
2214.003446	8.51274975	2.32318
2233.949423	8.54005016	2.31807
2254.258055	8.56867965	2.31341
2274.939321	8.59912869	2.30813
2296.003574	8.63141849	2.3009
2317.461551	8.66502389	2.29039
2339.324396	8.69890668	2.27555
2361.603676	8.73164846	2.25584
2384.311404	8.76164082	2.23136
2407.460058	8.78730558	2.20292
2431.062608	8.80734429	2.17203
2455.132535	8.82095025	2.14071
2479.68386	8.82795583	2.1113
2504.731172	8.82890022	2.08615
2530.289653	8.82497663	2.06733
2556.375113	8.81792196	2.05645
2583.004021	8.80982593	2.05441
2610.193537	8.80289693	2.0614
2637.961553	8.79924284	2.07689
2666.326731	8.8006876	2.0998
2695.308543	8.80864464	2.12863
2724.927319	8.82407473	2.16174
2755.204289	8.84751571	2.19747
2786.16164	8.87917946	2.23437
2817.822568	8.91907525	2.27117
2850.211333	8.96713366	2.30687
2883.353326	9.0233204	2.34059
2917.275129	9.08767018	2.37147
2952.004595	9.16028902	2.39856
2987.570916	9.24128725	2.42066
3024.004707	9.33065142	2.43627
3061.338099	9.42812205	2.44362
3099.604825	9.53304916	2.44067
3138.840329	9.6442893	2.42534
3179.081872	9.76015809	2.39561
3220.368649	9.87842908	2.34978
3262.741921	9.99640311	2.28662
3306.245147	10.1110304	2.20558
3350.924135	10.21909335	2.10689
3396.827205	10.31740015	1.9916
3444.005361	10.40298905	1.86158
3492.512479	10.47333447	1.71944
3542.405514	10.52649959	1.56834
3593.744725	10.5612603	1.41187
3646.593912	10.57716752	1.25375
3701.020687	10.57454481	1.09768
3757.096758	10.55445183	0.94709
3814.898246	10.51857127	0.80495
3874.506031	10.46906161	0.67365
3936.006127	10.40839318	0.55493
3999.490097	10.33929339	4.50E-01
4065.055508	10.26451349	3.59E-01
4132.806433	10.18612545	2.81E-01
4202.854	10.10652274	2.17E-01
4275.317	10.02762959	1.64E-01
4350.322561	9.95059343	1.22E-01
4428.006893	9.87697585	8.96E-02
4508.516109	9.80746896	6.44E-02
4592.007148	9.74231636	4.56E-02
4678.648792	9.68171823	3.17E-02
4768.622808	9.62561902	2.18E-02
4862.125216	9.5738906	1.49E-02
4959.36772	9.52624475	1.02E-02
5060.579306	9.482315	7.10E-03
5166.008042	9.4417611	5.25E-03
5275.923106	9.40426795	4.27E-03
5390.617087	9.36951891	3.94E-03
5510.408578	9.33724085	4.10E-03
5635.645136	9.30719969	4.64E-03
5766.706651	9.27919224	5.47E-03
5904.00919	9.25305199	6.55E-03
6048.009415	9.22864315	7.82E-03
6199.20965	9.2058521	9.25E-03
6358.163744	9.18459509	1.08E-02
6525.483842	9.16480074	1.24E-02
6701.84827	9.1463369	1.39E-02
6888.010722	9.1291672	1.55E-02
7084.811029	9.11320182	1.68E-02
7293.187824	9.09835745	1.81E-02
7514.193515	9.08455969	1.90E-02
7749.012063	9.07165934	1.97E-02
7998.980194	9.05960069	2.01E-02
8265.612867	9.04828422	2.02E-02
8550.634	9.03762456	2.00E-02
8856.013786	9.02753717	1.95E-02
9184.014296	9.01792241	1.87E-02
9537.245615	9.00870156	1.77E-02
9918.73544	8.99987088	1.66E-02
10332.01608	8.99139315	1.53E-02
10781.23417	8.98319409	1.39E-02
11271.29027	8.97527042	1.25E-02
11808.01838	8.9676305	1.11E-02
12398.4193	8.96027099	9.74E-03
13050.96768	8.95319613	8.44E-03
13776.02144	8.94641503	7.23E-03
14586.37565	8.93994193	6.12E-03
15498.02413	8.93379122	5.12E-03
16531.22573	8.92797094	4.22E-03
17712.02757	8.92249116	3.44E-03
19074.49123	8.91736799	2.77E-03
20664.03217	8.91260951	2.20E-03
22542.58055	8.90822575	1.73E-03
24796.8386	8.90421828	1.33E-03
27552.04289	8.9005916	1.02E-03
30996.04825	8.89735122	7.63E-04
35424.05514	8.89449341	5.64E-04
41328.06433	8.89202075	4.11E-04
49593.6772	8.88993259	2.95E-04
61992.0965	8.88822748	2.08E-04
82656.12867	8.88690466	1.45E-04
123984.193	8.88596435	9.89E-05
247968.386	8.88541002	6.65E-05
123984193	8.88524318	4.40E-05
