123.984317	-3.23486564	1.09015
124.0463402	-2.89247512	1.09176
124.1084255	-2.72322043	1.09368
124.170573	-2.6115468	1.09598
124.2327828	-2.52849472	1.09865
124.2950549	-2.46242962	1.10166
124.3573895	-2.40749912	1.10494
124.4197867	-2.36034567	1.1084
124.4822465	-2.31886983	1.11194
124.544769	-2.28168213	1.11545
124.6073544	-2.24783036	1.11882
124.6700027	-2.21664673	1.12195
124.732714	-2.18765797	1.12475
124.7954885	-2.16052061	1.12716
124.8583261	-2.1349891	1.12911
124.9212271	-2.11089137	1.13057
124.9841915	-2.0881012	1.13152
125.0472194	-2.06652587	1.13196
125.1103109	-2.04610093	1.13189
125.1734661	-2.02678127	1.13134
125.2366851	-2.00852588	1.13035
125.299968	-1.99130528	1.12895
125.3633148	-1.97509809	1.1272
125.4267258	-1.95986839	1.12518
125.4902009	-1.94558244	1.12293
125.5537403	-1.93219791	1.12055
125.6173441	-1.91965583	1.11809
125.6810123	-1.90789875	1.11561
125.7447452	-1.89685573	1.11317
125.8085427	-1.88644861	1.1108
125.8724049	-1.87660028	1.10852
125.9363321	-1.86723708	1.10633
126.0003242	-1.8582847	1.10423
126.0643814	-1.84968209	1.10217
126.1285037	-1.84138711	1.10012
126.1926913	-1.83336175	1.09804
126.2569443	-1.82559083	1.09586
126.3212627	-1.81807426	1.09355
126.3856467	-1.81082541	1.09105
126.4500963	-1.80386539	1.08835
126.5146117	-1.79722436	1.0854
126.579193	-1.79094525	1.0822
126.6438403	-1.78507129	1.07874
126.7085536	-1.77965423	1.07503
126.7733331	-1.77473722	1.07111
126.8381789	-1.77036854	1.06699
126.903091	-1.76659108	1.06275
126.9680696	-1.76343884	1.05843
127.0331148	-1.76093872	1.05413
127.0982267	-1.75909843	1.04993
127.1634053	-1.75790979	1.04594
127.2286508	-1.75734137	1.04226
127.2939633	-1.75733809	1.039
127.3593429	-1.75781986	1.03625
127.4247897	-1.75868578	1.03409
127.4903038	-1.75981042	1.03258
127.5558853	-1.76105626	1.03173
127.6215344	-1.76228748	1.03152
127.687251	-1.76337072	1.0319
127.7530353	-1.76418842	1.03277
127.8188874	-1.76464907	1.03401
127.8848075	-1.76469182	1.03547
127.9507956	-1.76429279	1.03699
128.0168519	-1.76347706	1.03839
128.0829763	-1.7623087	1.03954
128.1491691	-1.76088088	1.04031
128.2154304	-1.75931374	1.04062
128.2817603	-1.75774822	1.04041
128.3481587	-1.75632835	1.0397
128.414626	-1.75518369	1.03853
128.4811622	-1.75443305	1.03698
128.5477673	-1.75415783	1.03519
128.6144415	-1.75440115	1.03328
128.6811849	-1.75517174	1.0314
128.7479977	-1.75644339	1.02967
128.8148798	-1.75815696	1.02822
128.8818315	-1.76022349	1.02713
128.9488528	-1.76254393	1.02645
129.0159438	-1.76501329	1.0262
129.0831047	-1.7675323	1.02636
129.1503356	-1.77000784	1.0269
129.2176365	-1.77236974	1.02773
129.2850076	-1.7745697	1.02879
129.352449	-1.77658164	1.02997
129.4199608	-1.77841004	1.03119
129.4875431	-1.7800749	1.03237
129.555196	-1.78162195	1.03343
129.6229196	-1.7831072	1.03434
129.6907141	-1.78459843	1.03505
129.7585795	-1.78616719	1.03558
129.826516	-1.78787452	1.03594
129.8945237	-1.78977889	1.03617
129.9626027	-1.79192349	1.03633
130.030753	-1.79433258	1.03649
130.0989749	-1.79700649	1.03673
130.1672684	-1.79992739	1.03711
130.2356337	-1.80306682	1.03769
130.3040707	-1.80637053	1.03854
130.3725798	-1.80977254	1.03967
130.4411609	-1.81321172	1.04109
130.5098142	-1.81661799	1.0428
130.5785398	-1.81992801	1.04475
130.6473379	-1.82309533	1.04689
130.7162085	-1.82608725	1.04915
130.7851517	-1.82889352	1.05145
130.8541677	-1.8315222	1.05372
130.9232565	-1.83400134	1.05588
130.9924184	-1.83638017	1.05787
131.0616533	-1.83872473	1.05964
131.1309615	-1.84111409	1.06117
131.2003431	-1.8436282	1.06247
131.2697981	-1.84634288	1.06357
131.3393266	-1.84932282	1.06453
131.4089289	-1.85261814	1.06542
131.478605	-1.85625662	1.06634
131.548355	-1.8602428	1.06738
131.618179	-1.86454882	1.06866
131.6880772	-1.86911916	1.07025
131.7580497	-1.87388571	1.07222
131.8280966	-1.87875973	1.07462
131.898218	-1.88364288	1.07746
131.968414	-1.8884404	1.08072
132.0386848	-1.89307055	1.08435
132.1090305	-1.89745923	1.0883
132.1794512	-1.90155694	1.09246
132.2499469	-1.9053379	1.09676
132.320518	-1.90879397	1.10109
132.3911643	-1.91194839	1.10536
132.4618862	-1.91483282	1.10951
132.5326836	-1.9174922	1.11346
132.6035568	-1.91998455	1.11717
132.6745058	-1.92237052	1.1206
132.7455308	-1.92471507	1.12373
132.8166318	-1.92708927	1.12654
132.8878091	-1.92956106	1.12905
132.9590627	-1.93218937	1.13127
133.0303927	-1.93504078	1.13321
133.1017994	-1.93817688	1.13492
133.1732827	-1.94165581	1.13643
133.2448428	-1.94552685	1.13782
133.3164799	-1.94982983	1.13914
133.3881941	-1.95459297	1.14049
133.4599854	-1.95982753	1.14194
133.5318541	-1.96553974	1.14358
133.6038002	-1.97171009	1.14552
133.6758239	-1.978297	1.14784
133.7479253	-1.98525227	1.15061
133.8201045	-1.99251824	1.1539
133.8923617	-2.00001718	1.15778
133.9646969	-2.00766697	1.16227
134.0371103	-2.01538342	1.16741
134.1096021	-2.02306952	1.17321
134.1821723	-2.03063291	1.17965
134.2548211	-2.03798434	1.18671
134.3275486	-2.04503695	1.19434
134.4003549	-2.05171823	1.20247
134.4732402	-2.05796487	1.21103
134.5462046	-2.06373187	1.21991
134.6192482	-2.06899882	1.22901
134.6923712	-2.07377033	1.23821
134.7655737	-2.07807779	1.24741
134.8388557	-2.08197533	1.25651
134.9122175	-2.08554274	1.26543
134.9856592	-2.08888552	1.27411
135.0591809	-2.09211229	1.28256
135.1327827	-2.09533357	1.29078
135.2064648	-2.09865557	1.29885
135.2802273	-2.10216149	1.30686
135.3540703	-2.10590689	1.31495
135.4279939	-2.109906	1.32327
135.5019984	-2.11413051	1.33198
135.5760837	-2.11851469	1.34122
135.6502502	-2.12294949	1.35114
135.7244978	-2.12728922	1.36183
135.7988267	-2.13135777	1.37337
135.8732371	-2.13496355	1.38575
135.9477291	-2.13791611	1.39894
136.0223028	-2.14002987	1.41284
136.0969584	-2.14114232	1.42731
136.171696	-2.14111754	1.44217
136.2465157	-2.13986341	1.45719
136.3214176	-2.13733491	1.47214
136.396402	-2.13353903	1.48676
136.4714689	-2.12852757	1.50083
136.5466184	-2.12240179	1.5141
136.6218508	-2.11530406	1.5264
136.6971661	-2.1074068	1.53755
136.7725646	-2.09891593	1.54744
136.8480462	-2.09004278	1.55601
136.9236112	-2.0810082	1.56322
136.9992597	-2.07203447	1.5691
137.0749918	-2.06333192	1.57371
137.1508077	-2.05509642	1.57716
137.2267075	-2.0474889	1.57961
137.3026914	-2.04064484	1.58121
137.3787594	-2.03466547	1.58218
137.4549118	-2.02960107	1.58273
137.5311487	-2.0254661	1.58307
137.6074702	-2.02223277	1.58342
137.6838764	-2.01982855	1.58398
137.7603675	-2.01814019	1.58493
137.8369437	-2.01702568	1.5864
137.913605	-2.01631879	1.5885
137.9903517	-2.01584085	1.59127
138.0671838	-2.01540955	1.59473
138.1441016	-2.01484682	1.59883
138.221105	-2.01399485	1.60349
138.2981944	-2.01271926	1.60859
138.3753698	-2.0109117	1.61399
138.4526314	-2.00850527	1.6195
138.5299794	-2.00547616	1.62495
138.6074138	-2.00183886	1.63015
138.6849348	-1.99764449	1.63494
138.7625425	-1.99298094	1.63915
138.8402372	-1.98796953	1.64266
138.918019	-1.98275811	1.64536
138.9958879	-1.97751586	1.6472
139.0738442	-1.97241362	1.64817
139.1518879	-1.96763106	1.64828
139.2300193	-1.96333401	1.64763
139.3082385	-1.95966844	1.64631
139.3865457	-1.95675548	1.64449
139.4649409	-1.95467188	1.64234
139.5434244	-1.95346378	1.64004
139.6219962	-1.95313214	1.6378
139.7006566	-1.95363121	1.6358
139.7794056	-1.95488519	1.6342
139.8582435	-1.95678331	1.63315
139.9371704	-1.95919111	1.63274
140.0161864	-1.96196787	1.63303
140.0952916	-1.96497112	1.63404
140.1744863	-1.96807042	1.63575
140.2537706	-1.97114696	1.63813
140.3331447	-1.97410532	1.6411
140.4126086	-1.9768752	1.6446
140.4921626	-1.97940263	1.64855
140.5718068	-1.98166037	1.65287
140.6515413	-1.98363428	1.65751
140.7313663	-1.98532103	1.66241
140.811282	-1.98672128	1.66755
140.8912885	-1.98783174	1.6729
140.971386	-1.98865527	1.67844
141.0515746	-1.98917893	1.68419
141.1318544	-1.98937698	1.69013
141.2122258	-1.98922768	1.69625
141.2926887	-1.98869155	1.70256
141.3732433	-1.98772139	1.70902
141.4538899	-1.98627341	1.7156
141.5346285	-1.98430651	1.72224
141.6154593	-1.98178233	1.72889
141.6963825	-1.97867066	1.73546
141.7773983	-1.97495637	1.74187
141.8585067	-1.97063701	1.74802
141.939708	-1.96573142	1.75381
142.0210023	-1.96026671	1.75916
142.1023898	-1.95429356	1.76395
142.1838706	-1.9478748	1.76813
142.2654449	-1.94108332	1.7716
142.3471129	-1.9340081	1.77432
142.4288747	-1.92674441	1.77623
142.5107305	-1.91940017	1.77731
142.5926804	-1.91207898	1.77756
142.6747246	-1.90488802	1.77698
142.7568633	-1.89793474	1.77561
142.8390966	-1.89131229	1.77351
142.9214247	-1.88509989	1.77075
143.0038478	-1.879366	1.76741
143.0863659	-1.87415651	1.7636
143.1689794	-1.86949715	1.75941
143.2516883	-1.86538932	1.75496
143.3344929	-1.86181153	1.75033
143.4173932	-1.85872696	1.74561
143.5003895	-1.85607915	1.74086
143.5834819	-1.85380754	1.73611
143.6666705	-1.8518566	1.73137
143.7499557	-1.85016857	1.72665
143.8333374	-1.8486952	1.72191
143.9168159	-1.84740622	1.71712
144.0003914	-1.8462857	1.71223
144.084064	-1.8453345	1.7072
144.1678339	-1.84456461	1.70199
144.2517013	-1.84400357	1.69656
144.3356663	-1.84369217	1.69089
144.4197291	-1.84366658	1.68499
144.5038899	-1.84396314	1.67885
144.5881488	-1.84462196	1.67249
144.672506	-1.84567175	1.66594
144.7569618	-1.84713579	1.65922
144.8415162	-1.84903479	1.65236
144.9261694	-1.85138194	1.64539
145.0109217	-1.85418834	1.63833
145.0957731	-1.85746799	1.6312
145.1807239	-1.8612312	1.62403
145.2657742	-1.86548988	1.61683
145.3509242	-1.87026361	1.60962
145.4361741	-1.87557759	1.60242
145.5215241	-1.88145819	1.59527
145.6069743	-1.8879298	1.58821
145.6925249	-1.89501967	1.58129
145.7781761	-1.902747	1.57459
145.8639281	-1.91111068	1.5682
145.949781	-1.92009582	1.5622
146.035735	-1.92967808	1.55668
146.1217904	-1.93980021	1.55176
146.2079472	-1.95038188	1.5475
146.2942057	-1.96133318	1.54397
146.380566	-1.97255355	1.5412
146.4670283	-1.98392693	1.53923
146.5535929	-1.99534187	1.53801
146.6402598	-2.00670771	1.53751
146.7270293	-2.01793996	1.53767
146.8139015	-2.02897352	1.53841
146.9008767	-2.03977572	1.53963
146.9879549	-2.05033291	1.54127
147.0751365	-2.06065166	1.54324
147.1624216	-2.07075386	1.54551
147.2498103	-2.08066422	1.54804
147.3373028	-2.09040474	1.55084
147.4248994	-2.09998625	1.55391
147.5126003	-2.10940855	1.55728
147.6004055	-2.11864762	1.56098
147.6883153	-2.12766601	1.56502
147.7763299	-2.13640958	1.56942
147.8644495	-2.14480945	1.57416
147.9526742	-2.15279535	1.5792
148.0410042	-2.16030648	1.58446
148.1294398	-2.16729944	1.58985
148.2179811	-2.17374786	1.59526
148.3066284	-2.17965305	1.60056
148.3953817	-2.18504979	1.60562
148.4842413	-2.19000465	1.61032
148.5732074	-2.19461313	1.61456
148.6622802	-2.19898577	1.61828
148.7514598	-2.2032521	1.62142
148.8407465	-2.20755236	1.62399
148.9301405	-2.2120141	1.62603
149.0196419	-2.21674927	1.62761
149.1092509	-2.22185917	1.62881
149.1989677	-2.22741083	1.62978
149.2887926	-2.23344198	1.63062
149.3787258	-2.23996347	1.63149
149.4687673	-2.24694704	1.63251
149.5589174	-2.25434052	1.6338
149.6491764	-2.26206909	1.63545
149.7395444	-2.27004645	1.63753
149.8300215	-2.27816393	1.64011
149.9206081	-2.28630511	1.64319
150.0113043	-2.29435802	1.64677
150.1021103	-2.30221028	1.65081
150.1930263	-2.30975607	1.65525
150.2840525	-2.31690922	1.65998
150.3751891	-2.32360945	1.66489
150.4664362	-2.32981585	1.66985
150.5577942	-2.33551556	1.67471
150.6492632	-2.34073812	1.6793
150.7408435	-2.34555882	1.68347
150.8325351	-2.3500779	1.68711
150.9243383	-2.35442511	1.6901
151.0162534	-2.35876684	1.69237
151.1082804	-2.36328245	1.69391
151.2004198	-2.36814565	1.69476
151.2926715	-2.37353034	1.69498
151.3850359	-2.37958526	1.69473
151.4775131	-2.38642175	1.69416
151.5701034	-2.3941165	1.69348
151.6628069	-2.40269137	1.69291
151.7556239	-2.41211566	1.69267
151.8485546	-2.42231022	1.69296
151.9415992	-2.43315839	1.69395
152.0347579	-2.44450012	1.6958
152.1280308	-2.45614418	1.69859
152.2214183	-2.46789758	1.70235
152.3149205	-2.47955638	1.70709
152.4085377	-2.49092628	1.71272
152.50227	-2.50183757	1.71914
152.5961177	-2.51215523	1.72617
152.6900809	-2.52178776	1.73364
152.7841599	-2.53068162	1.74134
152.878355	-2.5388389	1.74905
152.9726662	-2.54631195	1.75657
153.0670939	-2.55320187	1.76371
153.1616382	-2.55964554	1.77034
153.2562995	-2.56580578	1.77635
153.3510777	-2.57186895	1.78169
153.4459733	-2.5780237	1.78637
153.5409864	-2.58445518	1.79044
153.6361173	-2.59132611	1.79403
153.7313661	-2.59875759	1.7973
153.826733	-2.6068287	1.80044
153.9222184	-2.61557055	1.80366
154.0178224	-2.62495264	1.80719
154.1135452	-2.63488808	1.81122
154.2093871	-2.64524666	1.81592
154.3053482	-2.65585538	1.82142
154.4014289	-2.66650291	1.8278
154.4976293	-2.67697633	1.83503
154.5939496	-2.68706382	1.84308
154.6903901	-2.69657024	1.85179
154.786951	-2.70535047	1.86098
154.8836326	-2.71329862	1.87043
154.980435	-2.72037579	1.87986
155.0773584	-2.72661235	1.88902
155.1744032	-2.7321008	1.89765
155.2715695	-2.73699471	1.90554
155.3688576	-2.74150081	1.91251
155.4662677	-2.74586381	1.91847
155.5638	-2.75033644	1.9234
155.6614547	-2.75517843	1.92733
155.7592321	-2.76062438	1.93041
155.8571324	-2.76687018	1.9328
155.9551559	-2.77406701	1.93475
156.0533028	-2.7822937	1.93653
156.1515732	-2.79157195	1.9384
156.2499675	-2.80185687	1.94065
156.3484859	-2.81304067	1.94351
156.4471286	-2.82497	1.94719
156.5458959	-2.83745044	1.95184
156.6447879	-2.8502676	1.95755
156.743805	-2.86319025	1.96437
156.8429473	-2.87598852	1.97226
156.9422151	-2.88845293	1.98114
157.0416087	-2.90040143	1.99087
157.1411282	-2.91168966	2.00128
157.2407739	-2.92221088	2.01217
157.3405461	-2.93191193	2.0233
157.440445	-2.94079913	2.03444
157.5404708	-2.94892259	2.04538
157.6406238	-2.95638531	2.0559
157.7409043	-2.9633339	2.06585
157.8413123	-2.9699499	2.07509
157.9418483	-2.97643875	2.08357
158.0425125	-2.98301271	2.09127
158.143305	-2.98988233	2.09825
158.2442262	-2.99724205	2.10461
158.3452763	-3.00525247	2.11053
158.4464555	-3.01402494	2.11621
158.5477641	-3.02362369	2.12188
158.6492024	-3.03405444	2.12779
158.7507705	-3.04526297	2.13418
158.8524687	-3.05713397	2.14128
158.9542974	-3.06950328	2.14926
159.0562566	-3.08216776	2.15826
159.1583468	-3.09489553	2.16834
159.2605681	-3.10745412	2.17949
159.3629208	-3.11961217	2.19166
159.4654051	-3.13116012	2.2047
159.5680213	-3.14193769	2.21842
159.6707697	-3.15182422	2.23261
159.7736505	-3.16075964	2.24699
159.8766639	-3.16875748	2.2613
159.9798103	-3.17589012	2.27529
160.0830898	-3.18228514	2.28874
160.1865028	-3.18812373	2.30146
160.2900495	-3.19363112	2.31333
160.3937301	-3.19904973	2.32431
160.497545	-3.20462409	2.33442
160.6014943	-3.21058569	2.34376
160.7055784	-3.21713444	2.35249
160.8097974	-3.22442452	2.36083
160.9141517	-3.2325503	2.36904
161.0186416	-3.24153294	2.37741
161.1232672	-3.25132254	2.38621
161.2280289	-3.26180484	2.3957
161.3329269	-3.2727936	2.40611
161.4379615	-3.28405838	2.41757
161.543133	-3.29533715	2.43018
161.6484415	-3.30635197	2.44392
161.7538875	-3.31683859	2.45871
161.8594711	-3.32655981	2.47438
161.9651926	-3.33532667	2.4907
162.0710524	-3.3430213	2.50737
162.1770506	-3.34960559	2.52409
162.2831875	-3.35510998	2.54056
162.3894635	-3.35964353	2.55648
162.4958788	-3.36338284	2.57162
162.6024336	-3.36655011	2.5858
162.7091282	-3.36940537	2.59891
162.815963	-3.37221655	2.61094
162.9229381	-3.37524425	2.62193
163.030054	-3.37872196	2.63202
163.1373107	-3.38283899	2.64138
163.2447087	-3.38773356	2.65024
163.3522482	-3.39348869	2.65883
163.4599294	-3.40013211	2.66741
163.5677527	-3.40762551	2.67623
163.6757184	-3.41588648	2.68549
163.7838267	-3.42479301	2.69539
163.8920778	-3.43417785	2.70608
164.0004722	-3.44386288	2.71763
164.1090101	-3.45366134	2.73011
164.2176917	-3.46337382	2.74352
164.3265173	-3.47281267	2.75781
164.4354873	-3.48181119	2.77289
164.5446019	-3.49022069	2.78865
164.6538614	-3.49792539	2.80492
164.7632661	-3.50484697	2.82154
164.8728163	-3.5109405	2.83832
164.9825123	-3.51619856	2.85508
165.0923543	-3.52065118	2.87163
165.2023427	-3.5243629	2.88781
165.3124777	-3.52742488	2.90347
165.4227597	-3.52995171	2.91849
165.533189	-3.53208328	2.93276
165.6437657	-3.53397441	2.94623
165.7544903	-3.53578093	2.95887
165.865363	-3.5376638	2.97068
165.9763842	-3.53978073	2.9817
166.087554	-3.54228628	2.99199
166.1988729	-3.5453141	3.00168
166.3103411	-3.54896655	3.0109
166.421959	-3.55332151	3.01981
166.5337267	-3.55842126	3.02859
166.6456447	-3.56426692	3.03743
166.7577132	-3.57081411	3.04652
166.8699325	-3.57797362	3.05603
166.982303	-3.58562474	3.06609
167.0948249	-3.5936126	3.07682
167.2074986	-3.60176053	3.08826
167.3203243	-3.6098876	3.10042
167.4333024	-3.61781906	3.11324
167.5464332	-3.62539201	3.12664
167.6597169	-3.63246896	3.14046
167.773154	-3.6389585	3.15452
167.8867446	-3.64481107	3.16862
168.0004892	-3.65002777	3.18254
168.114388	-3.65465663	3.19608
168.2284413	-3.65879518	3.20903
168.3426495	-3.66258802	3.22123
168.4570128	-3.66621232	3.23255
168.5715317	-3.66987219	3.24291
168.6862064	-3.67378676	3.25228
168.8010372	-3.67818316	3.26068
168.9160244	-3.68327991	3.2682
169.0311684	-3.68927565	3.27497
169.1464695	-3.69633183	3.28119
169.261928	-3.70457042	3.28706
169.3775442	-3.71406771	3.29284
169.4933185	-3.72484217	3.29878
169.6092512	-3.73685766	3.30514
169.7253425	-3.75002938	3.31214
169.8415929	-3.76422952	3.31999
169.9580027	-3.77929329	3.32884
170.0745721	-3.79504107	3.33879
170.1913016	-3.81128564	3.3499
170.3081914	-3.82783964	3.36218
170.4252418	-3.84453024	3.37559
170.5424533	-3.86121386	3.39005
170.6598261	-3.87777732	3.40547
170.7773606	-3.89413818	3.42174
170.8950571	-3.91024213	3.43876
171.0129159	-3.92606246	3.45642
171.1309374	-3.94159475	3.47464
171.2491219	-3.95685156	3.49334
171.3674698	-3.97185553	3.51248
171.4859813	-3.98662733	3.53203
171.6046569	-4.00118356	3.55198
171.7234968	-4.01553027	3.57233
171.8425015	-4.0296634	3.59308
171.9616712	-4.04357064	3.61423
172.0810064	-4.05722924	3.63578
172.2005072	-4.07060388	3.65772
172.3201742	-4.08366442	3.68
172.4400076	-4.09638492	3.70259
172.5600077	-4.10874347	3.72542
172.680175	-4.12073511	3.74842
172.8005098	-4.13236909	3.77151
172.9210124	-4.14367709	3.7946
173.0416832	-4.15471605	3.81761
173.1625226	-4.1655604	3.84048
173.2835308	-4.17629974	3.86316
173.4047083	-4.18704152	3.88562
173.5260553	-4.19790225	3.90787
173.6475723	-4.20898921	3.92996
173.7692597	-4.22040491	3.95194
173.8911177	-4.23224595	3.97391
174.0131467	-4.24457635	3.99601
174.1353471	-4.2574304	4.01837
174.2577193	-4.27081217	4.04115
174.3802635	-4.28468716	4.0645
174.5029803	-4.29898079	4.08857
174.6258699	-4.3135889	4.11346
174.7489327	-4.3283853	4.13926
174.8721691	-4.34322097	4.16601
174.9955794	-4.35794587	4.19369
175.119164	-4.37242968	4.22223
175.2429233	-4.38656391	4.25154
175.3668577	-4.40027002	4.28148
175.4909674	-4.41352378	4.31188
175.615253	-4.42634614	4.3426
175.7397147	-4.43880453	4.37348
175.864353	-4.45101013	4.40442
175.9891682	-4.46310501	4.43534
176.1141607	-4.47524757	4.46624
176.2393308	-4.48759693	4.49715
176.364679	-4.50029656	4.52818
176.4902057	-4.51346446	4.55945
176.6159111	-4.52718795	4.59114
176.7417958	-4.54150751	4.62344
176.86786	-4.55642341	4.65654
176.9941042	-4.57190205	4.69062
177.1205287	-4.58788097	4.72585
177.247134	-4.60426746	4.76239
177.3739204	-4.62094884	4.80036
177.5008883	-4.63780627	4.83986
177.6280381	-4.6547104	4.88098
177.7553703	-4.67153873	4.92376
177.8828851	-4.68816637	4.96828
178.0105829	-4.70446606	5.01456
178.1384643	-4.72031592	5.06265
178.2665295	-4.73559175	5.11257
178.394779	-4.75016732	5.16436
178.5232131	-4.76391531	5.21803
178.6518324	-4.77670332	5.27362
178.780637	-4.78838925	5.33114
178.9096276	-4.79882841	5.39061
179.0388044	-4.80786139	5.45205
179.1681679	-4.81531875	5.51546
179.2977184	-4.82101629	5.58085
179.4274565	-4.82475283	5.6482
179.5573824	-4.82631582	5.71748
179.6874966	-4.8254768	5.78864
179.8177996	-4.8219946	5.8616
179.9482917	-4.81561925	5.93625
180.0789732	-4.80609979	6.01244
180.2098448	-4.79317721	6.09001
180.3409067	-4.7765919	6.16873
180.4721593	-4.7560858	6.24836
180.6036032	-4.73140493	6.32858
180.7352387	-4.70231543	6.40903
180.8670662	-4.66860319	6.48929
180.9990861	-4.6300877	6.56887
181.131299	-4.58663709	6.64721
181.2637051	-4.538196	6.72366
181.3963049	-4.4848111	6.79752
181.5290989	-4.42664416	6.86805
181.6620874	-4.36398986	6.93449
181.795271	-4.29729252	6.99609
181.9286499	-4.22715269	7.05216
182.0622248	-4.1543088	7.10213
182.1959959	-4.07962342	7.14555
182.3299637	-4.00404434	7.18219
182.4641287	-3.9285619	7.21199
182.5984913	-3.85416882	7.23513
182.7330519	-3.7818114	7.25198
182.867811	-3.71234493	7.26313
183.002769	-3.64648347	7.26933
183.1379263	-3.58478159	7.27144
183.2732835	-3.52761042	7.27042
183.4088408	-3.47514944	7.26724
183.5445989	-3.42739176	7.26287
183.680558	-3.38415207	7.25821
183.8167188	-3.34509335	7.25406
183.9530815	-3.30976263	7.25108
184.0896468	-3.27761586	7.24981
184.2264149	-3.24805042	7.25061
184.3633864	-3.22044709	7.25369
184.5005618	-3.19420119	7.2591
184.6379414	-3.16876078	7.26675
184.7755257	-3.14363461	7.27647
184.9133153	-3.11841498	7.28796
185.0513105	-3.09280263	7.30088
185.1895119	-3.06658715	7.31488
185.3279198	-3.03965933	7.32956
185.4665347	-3.01201195	7.34457
185.6053572	-2.98371839	7.35959
185.7443876	-2.95491956	7.37437
185.8836265	-2.92581554	7.38871
186.0230743	-2.89663434	7.40254
186.1627315	-2.86761427	7.41583
186.3025985	-2.83898977	7.42868
186.4426759	-2.81095072	7.44127
186.582964	-2.78362707	7.45385
186.7234634	-2.75707253	7.46672
186.8641746	-2.73125011	7.48021
187.005098	-2.70602692	7.49464
187.1462342	-2.68117506	7.5103
187.2875835	-2.65638349	7.5274
187.4291465	-2.63128436	7.54605
187.5709237	-2.60548398	7.56624
187.7129155	-2.57858868	7.58785
187.8551225	-2.55024789	7.61061
187.9975451	-2.52018381	7.63418
188.1401838	-2.48821184	7.65812
188.2830392	-2.45426548	7.68196
188.4261116	-2.41840302	7.70522
188.5694016	-2.38079245	7.72749
188.7129098	-2.3416923	7.74841
188.8566365	-2.30144224	7.76772
189.0005823	-2.26042176	7.7853
189.1447477	-2.21901569	7.80114
189.2891333	-2.17757739	7.81537
189.4337394	-2.13641118	7.82818
189.5785666	-2.09575127	7.83988
189.7236155	-2.05572931	7.85082
189.8688865	-2.01638475	7.86135
190.0143801	-1.9776726	7.87182
190.1600969	-1.93945438	7.88257
190.3060373	-1.90151368	7.89386
190.4522019	-1.86358194	7.90589
190.5985912	-1.82534577	7.91879
190.7452058	-1.78646294	7.9326
190.892046	-1.74658166	7.94727
191.0391125	-1.70537026	7.96264
191.1864058	-1.66252737	7.9785
191.3339264	-1.61779216	7.99454
191.4816749	-1.57097547	8.01038
191.6296517	-1.52197054	8.0256
191.7778574	-1.47076144	8.03975
191.9262925	-1.41743145	8.05238
192.0749575	-1.36215461	8.06308
192.2238531	-1.3051953	8.07147
192.3729796	-1.24689207	8.07728
192.5223378	-1.18761949	8.08034
192.671928	-1.12777426	8.08057
192.8217509	-1.06774137	8.07803
192.971807	-1.00786312	8.07286
193.1220968	-0.94842059	8.0653
193.2726208	-0.88959969	8.05566
193.4233798	-0.83148912	8.04425
193.574374	-0.7740842	8.03139
193.7256043	-0.7172789	8.01737
193.877071	-0.66088805	8.00239
194.0287747	-0.60467483	7.98657
194.180716	-0.5483678	7.96993
194.3328955	-0.49169204	7.95237
194.4853137	-0.43439638	7.93369
194.6379712	-0.37628657	7.91357
194.7908685	-0.31725068	7.89163
194.9440062	-0.25726415	7.86744
195.0973849	-0.19640803	7.84053
195.2510051	-0.13486543	7.81046
195.4048675	-0.07291397	7.7768
195.5589725	-0.01092409	7.73918
195.7133208	0.0506636	7.69731
195.8679129	0.11135689	7.65098
196.0227494	0.17063587	7.60008
196.177831	0.22796469	7.54456
196.3331581	0.28279224	7.48445
196.4887314	0.33457207	7.41987
196.6445514	0.38276814	7.35099
196.8006187	0.42684562	7.27804
196.956934	0.46627776	7.20133
197.1134978	0.50055316	7.12124
197.2703107	0.52918388	7.03824
197.4273733	0.55172045	6.95289
197.5846862	0.56776885	6.86585
197.74225	0.57702915	6.7779
197.9000653	0.57931186	6.68986
198.0581327	0.57455046	6.60263
198.2164528	0.56282751	6.51713
198.3750262	0.54438057	6.43427
198.5338535	0.51958541	6.35488
198.6929354	0.48894153	6.27973
198.8522724	0.45305503	6.20946
199.0118652	0.41259968	6.14458
199.1717143	0.36829565	6.08548
199.3318205	0.32087789	6.0324
199.4921842	0.27107003	5.98548
199.6528062	0.21958346	5.94477
199.813687	0.16709822	5.91021
199.9748274	0.11426236	5.8817
200.1362278	0.06170041	5.85906
200.297889	0.0100074	5.84205
200.4598116	-0.0402647	5.83034
200.6219962	-0.08860552	5.82357
200.7844434	-0.13455114	5.82128
200.9471539	-0.17771533	5.82294
201.1101283	-0.21780024	5.82797
201.2733673	-0.2546132	5.83574
201.4368715	-0.28807647	5.84562
201.6006416	-0.31822093	5.857
201.7646782	-0.34518902	5.8693
201.928982	-0.36922512	5.88203
202.0935535	-0.39063904	5.89482
202.2583936	-0.40977423	5.90741
202.4235027	-0.42698107	5.91966
202.5888817	-0.44258817	5.93154
202.7545311	-0.4568687	5.94313
202.9204516	-0.47002222	5.95456
203.0866439	-0.48216608	5.96601
203.2531086	-0.49332751	5.97766
203.4198465	-0.50345376	5.98966
203.5868581	-0.51243235	6.0021
203.7541442	-0.52010246	6.01502
203.9217055	-0.52629001	6.02834
204.0895425	-0.53082595	6.04195
204.2576561	-0.53356075	6.05563
204.4260469	-0.53439154	6.06912
204.5947155	-0.53327037	6.0821
204.7636627	-0.53022499	6.09422
204.9328891	-0.5253518	6.10515
205.1023955	-0.51880954	6.11456
205.2721826	-0.51082194	6.12215
205.4422509	-0.50167212	6.12766
205.6126013	-0.49168896	6.1309
205.7832345	-0.48122581	6.13175
205.9541511	-0.47064915	6.13015
206.1253518	-0.46033589	6.1261
206.2968374	-0.45064736	6.1197
206.4686086	-0.44191708	6.11108
206.6406661	-0.43444744	6.10044
206.8130105	-0.42850455	6.088
206.9856427	-0.42430366	6.07405
207.1585633	-0.42201237	6.05885
207.3317731	-0.4217538	6.04271
207.5052728	-0.4236051	6.0259
207.6790631	-0.42761161	6.0087
207.8531448	-0.43378931	5.99136
208.0275185	-0.44213017	5.97413
208.2021851	-0.45261112	5.95722
208.3771452	-0.4652051	5.94084
208.5523996	-0.47987886	5.92519
208.727949	-0.49659742	5.91047
208.9037943	-0.51531593	5.8969
209.0799361	-0.53597596	5.8847
209.2563751	-0.5584973	5.87412
209.4331122	-0.58276818	5.86541
209.6101481	-0.60864387	5.85883
209.7874836	-0.63593156	5.85465
209.9651193	-0.66439548	5.8531
210.1430562	-0.69375669	5.85441
210.3212949	-0.72369462	5.85875
210.4998362	-0.75385667	5.86626
210.6786808	-0.78386597	5.87701
210.8578297	-0.81333076	5.89103
211.0372835	-0.84184207	5.90829
211.217043	-0.868998	5.92867
211.3971089	-0.89441076	5.95202
211.5774822	-0.91769656	5.97813
211.7581635	-0.93849203	6.00671
211.9391537	-0.95647508	6.0374
212.1204536	-0.97136409	6.0698
212.3020639	-0.98293951	6.10341
212.4839854	-0.99106112	6.13771
212.666219	-0.99567314	6.17212
212.8487654	-0.99683432	6.20603
213.0316255	-0.9947111	6.23887
213.2148	-0.98958845	6.27006
213.3982898	-0.98185618	6.29915
213.5820957	-0.97198794	6.32574
213.7662186	-0.96052769	6.34959
213.9506591	-0.94803882	6.3706
214.1354182	-0.93508651	6.38879
214.3204967	-0.92219374	6.40436
214.5058953	-0.90980221	6.4176
214.6916151	-0.89826373	6.42889
214.8776566	-0.88781347	6.43868
215.0640209	-0.87857023	6.44741
215.2507088	-0.87054301	6.45552
215.437721	-0.86364819	6.46337
215.6250585	-0.85773969	6.47126
215.812722	-0.85262378	6.47941
216.0007125	-0.84809055	6.48794
216.1890308	-0.84394009	6.4969
216.3776778	-0.84000135	6.50627
216.5666543	-0.83613515	6.51601
216.7559611	-0.83224662	6.52602
216.9455992	-0.82829161	6.53622
217.1355694	-0.82425851	6.54654
217.3258726	-0.82017114	6.55692
217.5165097	-0.81607357	6.56736
217.7074815	-0.81200392	6.5779
217.8987889	-0.80799284	6.5886
218.0904329	-0.8040475	6.59958
218.2824142	-0.80012906	6.61098
218.4747339	-0.79614525	6.62295
218.6673927	-0.79195476	6.63561
218.8603916	-0.78736631	6.64907
219.0537315	-0.78214468	6.66337
219.2474133	-0.77602336	6.6785
219.4414379	-0.76872769	6.69434
219.6358063	-0.75999762	6.71071
219.8305192	-0.74960384	6.72733
220.0255777	-0.73738466	6.74384
220.2209826	-0.72324238	6.75987
220.416735	-0.7071639	6.77496
220.6128356	-0.68923231	6.78869
220.8092855	-0.66960715	6.80064
221.0060856	-0.64853053	6.81042
221.2032368	-0.62631302	6.8177
221.40074	-0.60332152	6.8222
221.5985962	-0.57997919	6.8237
221.7968064	-0.55673827	6.82209
221.9953715	-0.53407687	6.81729
222.1942925	-0.51249454	6.80934
222.3935702	-0.49248798	6.79835
222.5932057	-0.47455547	6.78451
222.7932	-0.45917489	6.76813
222.9935539	-0.44678484	6.7496
223.1942686	-0.43777077	6.72942
223.3953449	-0.43243238	6.70819
223.5967838	-0.43096784	6.68657
223.7985863	-0.43346451	6.66528
224.0007534	-0.43986711	6.6451
224.2032861	-0.44996808	6.62678
224.4061854	-0.46342154	6.61103
224.6094522	-0.47974754	6.59849
224.8130876	-0.49833934	6.5897
225.0170926	-0.51849868	6.58503
225.2214682	-0.53947084	6.58471
225.4262153	-0.56047918	6.58878
225.6313351	-0.58076286	6.59713
225.8368285	-0.59960916	6.60948
226.0426965	-0.61638396	6.62543
226.2489402	-0.63054931	6.64447
226.4555606	-0.641671	6.66603
226.6625588	-0.64942953	6.68947
226.8699357	-0.65360892	6.71417
227.0776924	-0.65408909	6.73947
227.28583	-0.65084372	6.76475
227.4943495	-0.6439131	6.78941
227.703252	-0.63340567	6.81285
227.9125384	-0.61950138	6.83449
228.12221	-0.60244714	6.85377
228.3322676	-0.58256351	6.87014
228.5427125	-0.5602531	6.88308
228.7535457	-0.53600424	6.89211
228.9647682	-0.51039462	6.89681
229.1763811	-0.48408673	6.89685
229.3883855	-0.45781772	6.89201
229.6007826	-0.43237741	6.88222
229.8135733	-0.40857509	6.86757
230.0267589	-0.38721256	6.84831
230.2403403	-0.36904304	6.82488
230.4543187	-0.35472957	6.79787
230.6686952	-0.3448152	6.76801
230.8834709	-0.33968812	6.73614
231.098647	-0.33956121	6.70315
231.3142245	-0.344479	6.66992
231.5302045	-0.35432355	6.63731
231.7465883	-0.36883024	6.60609
231.9633769	-0.38761033	6.57694
232.1805715	-0.41018701	6.55038
232.3981732	-0.43604794	6.52679
232.6161831	-0.46466118	6.50645
232.8346025	-0.4955045	6.48949
233.0534324	-0.52809633	6.47596
233.2726741	-0.56199946	6.46584
233.4923286	-0.59682338	6.45907
233.7123972	-0.63221249	6.45557
233.932881	-0.66785402	6.45521
234.1537812	-0.70345973	6.4579
234.375099	-0.73875116	6.4635
234.5968356	-0.77346505	6.47187
234.8189921	-0.80735421	6.48282
235.0415697	-0.84019129	6.49615
235.2645698	-0.87177488	6.5116
235.4879933	-0.90195514	6.52887
235.7118417	-0.93063722	6.54765
235.936116	-0.95779283	6.5676
236.1608174	-0.98346479	6.58841
236.3859474	-1.00776202	6.60979
236.6115069	-1.03085193	6.63152
236.8374973	-1.05293385	6.65346
237.0639198	-1.07422545	6.67554
237.2907757	-1.09493089	6.69781
237.5180661	-1.11520514	6.72039
237.7457924	-1.13513895	6.74346
237.9739558	-1.15473858	6.76724
238.2025575	-1.17391922	6.79194
238.4315989	-1.19250822	6.81774
238.6610812	-1.21025787	6.84474
238.8910056	-1.22687096	6.87294
239.1213734	-1.24204271	6.9022
239.352186	-1.25548736	6.93229
239.5834446	-1.26698589	6.96281
239.8151505	-1.2764285	6.99331
240.047305	-1.28382232	7.02328
240.2799095	-1.28931421	7.0522
240.5129651	-1.29318318	7.07961
240.7464733	-1.29582977	7.10512
240.9804353	-1.29773861	7.12851
241.2148526	-1.29943265	7.14969
241.4497263	-1.30143488	7.16875
241.6850579	-1.30421584	7.18593
241.9208486	-1.30816244	7.20159
242.1570999	-1.31354284	7.2162
242.3938131	-1.3204886	7.23026
242.6309895	-1.3289948	7.24428
242.8686305	-1.33892647	7.25872
243.1067375	-1.35003456	7.27397
243.3453118	-1.36198693	7.29029
243.5843548	-1.37439914	7.30783
243.8238679	-1.38686863	7.32658
244.0638525	-1.39900802	7.34641
244.30431	-1.41048714	7.36702
244.5452417	-1.42107258	7.38802
244.7866491	-1.43064451	7.40893
245.0285337	-1.43922035	7.42922
245.2708967	-1.44698147	7.44833
245.5137396	-1.45427148	7.46578
245.7570639	-1.46156576	7.48119
246.000871	-1.46946321	7.4943
246.2451624	-1.47863435	7.50509
246.4899393	-1.48975589	7.51373
246.7352035	-1.50346051	7.52062
246.9809561	-1.5202627	7.52637
247.2271989	-1.54051361	7.53172
247.4739331	-1.56435981	7.53753
247.7211603	-1.59171433	7.54466
247.9688819	-1.62228015	7.55388
248.2170995	-1.65558283	7.56583
248.4658146	-1.69101091	7.58095
248.7150285	-1.72789885	7.59941
248.9647429	-1.76559778	7.62117
249.2149592	-1.80354287	7.64594
249.465679	-1.84132296	7.67327
249.7169038	-1.87871199	7.70261
249.968635	-1.91569577	7.73337
250.2208743	-1.95245496	7.76505
250.4736232	-1.98933603	7.79724
250.7268832	-2.02681889	7.82972
250.9806558	-2.06545152	7.86249
251.2349427	-2.10577286	7.8958
251.4897454	-2.14825222	7.93009
251.7450655	-2.19324611	7.96599
252.0009045	-2.24093244	8.0043
252.257264	-2.2912848	8.04586
252.5141456	-2.34406468	8.09155
252.771551	-2.39880976	8.14219
253.0294817	-2.45486736	8.19846
253.2879393	-2.51142321	8.26089
253.5469255	-2.56755618	8.32975
253.8064418	-2.62229654	8.4051
254.0664899	-2.67468618	8.48671
254.3270714	-2.72385668	8.57412
254.5881881	-2.76906339	8.66669
254.8498414	-2.8097465	8.76357
255.1120332	-2.84555976	8.86387
255.3747649	-2.87636913	8.96664
255.6380384	-2.90226637	9.07097
255.9018553	-2.92353554	9.17607
256.1662173	-2.94060503	9.2813
256.431126	-2.95401793	9.38617
256.6965832	-2.96437802	9.49042
256.9625906	-2.9723002	9.59395
257.2291499	-2.97837506	9.69686
257.4962627	-2.98313138	9.79939
257.7639309	-2.98701389	9.90192
258.0321562	-2.99038564	10.0049
258.3009402	-2.99345351	10.109
258.5702848	-2.99631765	10.2147
258.8401917	-2.99900591	10.3227
259.1106627	-3.00139243	10.4337
259.3816995	-3.00316262	10.5485
259.653304	-3.00385339	10.6677
259.9254778	-3.00286133	10.792
260.1982229	-2.99943092	10.9219
260.4715409	-2.99259944	11.058
260.7454337	-2.98125735	11.2004
261.0199032	-2.96429753	11.3491
261.2949511	-2.94051343	11.504
261.5705793	-2.90865222	11.6646
261.8467895	-2.86755896	11.8301
262.1235838	-2.81621799	11.9995
262.4009638	-2.75378001	12.1716
262.6789315	-2.6795663	12.3451
262.9574888	-2.59310827	12.5185
263.2366374	-2.49416757	12.6903
263.5163794	-2.38274715	12.8589
263.7967166	-2.25910312	13.0228
264.0776509	-2.12369291	13.1806
264.3591841	-1.97726128	13.3309
264.6413183	-1.8213444	13.4723
264.9240554	-1.66214874	13.6038
265.2068299	-1.45685716	13.7243
265.4907773	-1.28059502	13.8327
265.7753333	-1.09112447	13.9282
266.0605	-0.89498777	14.0101
266.3462793	-0.69430054	14.0778
266.6326731	-0.49069957	14.1309
266.9196835	-0.28569545	14.1692
267.2073125	-0.08083073	14.1925
267.495562	0.12239544	14.2011
267.7844341	0.32257053	14.1952
268.0739308	0.51825238	14.1752
268.3640541	0.70802107	14.1417
268.6548061	0.89057898	14.0956
268.9461887	1.06476747	14.0378
269.2382041	1.22941621	13.9692
269.5308543	1.38347544	13.8912
269.8241415	1.52608601	13.8051
270.1180675	1.65648842	13.7124
270.4126347	1.77412019	13.6148
270.707845	1.87866295	13.5141
271.0037005	1.97007204	13.4122
271.3002035	2.0485971	13.311
271.597356	2.11479856	13.2124
271.8951601	2.16957124	13.1182
272.193618	2.21412281	13.03
272.4927319	2.24998122	12.9492
272.7925039	2.2789147	12.8767
273.0929361	2.30280609	12.813
273.3940309	2.32356488	12.7581
273.6957903	2.34306124	12.7116
273.9982166	2.3629363	12.6724
274.3013119	2.38447851	12.6392
274.6050786	2.40858432	12.6103
274.9095188	2.43566099	12.5839
275.2146349	2.4656472	12.5582
275.5204289	2.49794166	12.5314
275.8269032	2.53154794	12.5023
276.1340601	2.56515693	12.4698
276.4419019	2.59718901	12.4335
276.7504308	2.62607941	12.3936
277.0596492	2.65030919	12.3506
277.3695593	2.66851212	12.3057
277.6801635	2.67976225	12.2606
277.9914641	2.68347958	12.2169
278.3034635	2.67958709	12.1769
278.616164	2.66848512	12.1423
278.9295681	2.65104295	12.1153
279.2436779	2.62861185	12.0973
279.5584961	2.60278008	12.0896
279.8740248	2.57545234	12.0931
280.1902667	2.54869024	12.1081
280.507224	2.52453976	12.1344
280.8248992	2.50496888	12.1714
281.1432948	2.49176954	12.218
281.4624132	2.48647063	12.2728
281.7822568	2.49031038	12.3341
282.1028282	2.50412974	12.3999
282.4241298	2.52833934	12.4682
282.7461642	2.56302323	12.5371
283.0689338	2.60789699	12.6046
283.3924411	2.66238261	12.6691
283.7166888	2.72561314	12.7289
284.0416793	2.79649527	12.7829
284.3674151	2.87386005	12.8301
284.693899	2.956423	12.8698
285.0211333	3.04285657	12.9016
285.3491208	3.13192656	12.9255
285.6778641	3.2224889	12.9415
286.0073656	3.31346079	12.9499
286.3376282	3.40394214	12.9512
286.6686543	3.49320385	12.9459
287.0004468	3.58068477	12.9346
287.3330081	3.6659046	12.9177
287.6663411	3.7485229	12.8959
288.0004483	3.82830497	12.8695
288.3353326	3.90505425	12.839
288.6709965	3.97861426	12.8046
289.0074429	4.0487997	12.7666
289.3446744	4.115448	12.7252
289.6826939	4.17825755	12.6804
290.0215041	4.23687605	12.6326
290.3611077	4.29101873	12.5821
290.7015076	4.34034022	12.5292
291.0427066	4.38453459	12.4745
291.3847074	4.4234385	12.4186
291.7275129	4.45691789	12.362
292.071126	4.48494852	12.3055
292.4155495	4.50773163	12.2498
292.7607863	4.52558085	12.1954
293.1068392	4.5388639	12.1427
293.4537112	4.54794519	12.0919
293.8014052	4.55326331	12.0433
294.1499241	4.55519057	11.9966
294.4992708	4.55386474	11.9516
294.8494483	4.54930842	11.9081
295.2004595	4.54143563	11.8659
295.5523075	4.52996993	11.8247
295.9049952	4.51440429	11.7844
296.2585257	4.49417695	11.7453
296.6129019	4.46875518	11.7078
296.9681269	4.43760053	11.6725
297.3242038	4.40023686	11.6403
297.6811357	4.35645169	11.6125
298.0389255	4.30625523	11.5902
298.3975764	4.24991436	11.5749
298.7570916	4.1879942	11.5678
299.1174741	4.12128427	11.5702
299.4787271	4.05085314	11.5832
299.8408537	3.97799088	11.6077
300.2038571	3.90408304	11.6442
300.5677406	3.83062675	11.6932
300.9325073	3.7592193	11.7547
301.2981604	3.6913054	11.8283
301.6647032	3.62832643	11.9138
302.0321389	3.57159928	12.0102
302.4004707	3.52222686	12.1168
302.7697021	3.4812055	12.2325
303.1398362	3.44931487	12.3562
303.5108764	3.42708159	12.4866
303.882826	3.41485414	12.6227
304.2556883	3.41283689	12.7633
304.6294668	3.42102359	12.9074
305.0041648	3.43933154	13.0542
305.3797857	3.46766246	13.203
305.7563329	3.50585277	13.3531
306.1338099	3.55374291	13.5041
306.51222	3.61126145	13.6556
306.8915668	3.67835648	13.8072
307.2718538	3.75508118	13.9587
307.6530844	3.8416053	14.1097
308.0352621	3.93809041	14.2597
308.4183905	4.04469229	14.4082
308.8024732	4.16163262	14.5547
309.1875137	4.28903571	14.6983
309.5735156	4.42700078	14.8385
309.9604825	4.57560138	14.9743
310.348418	4.73482439	15.105
310.7373258	4.9046295	15.2296
311.1272095	5.08488005	15.3472
311.5180729	5.27540286	15.4568
311.9099195	5.47593494	15.5573
312.3027531	5.68607577	15.6475
312.6965776	5.90529222	15.7262
313.0913965	6.13284724	15.792
313.4872137	6.36775907	15.8436
313.8840329	6.60876683	15.8796
314.281858	6.85427316	15.8988
314.6806929	7.1024403	15.9003
315.0805413	7.35121481	15.8834
315.4814071	7.59826978	15.8477
315.8832943	7.84122381	15.7936
316.2862066	8.07775533	15.7217
316.6901481	8.305665	15.6333
317.0951228	8.52303223	15.53
317.5011344	8.72823837	15.4138
317.9081872	8.92014122	15.2871
318.316285	9.09806372	15.1522
318.7254319	9.26180167	15.0116
319.1356319	9.41157611	14.8674
319.5468892	9.54789432	14.7216
319.9592077	9.67160888	14.576
320.3725917	9.78373804	14.4318
320.7870453	9.88530528	14.29
321.2025725	9.97739967	14.1514
321.6191777	10.06102689	14.0163
322.0368649	10.13702909	13.885
322.4556385	10.20617213	13.7577
322.8755026	10.26911897	13.6345
323.2964615	10.32642342	13.5155
323.7185196	10.37860719	13.4009
324.141681	10.42614939	13.2908
324.5659503	10.46960367	13.1856
324.9913316	10.50955717	13.0853
325.4178294	10.54661369	12.9902
325.8454481	10.58145955	12.9003
326.2741921	10.61476815	12.8156
326.7040659	10.64725371	12.736
327.1350739	10.67954255	12.6611
327.5672206	10.71222018	12.5907
328.0005106	10.7458054	12.5242
328.4349483	10.78063294	12.4611
328.8705385	10.81700196	12.401
329.3072855	10.85511823	12.3433
329.7451941	10.89508182	12.2876
330.184269	10.93697108	12.2335
330.6245147	10.98086879	12.1807
331.0659359	11.0268551	12.1288
331.5085374	11.07494772	12.0774
331.952324	11.12515657	12.0262
332.3973003	11.17756655	11.9749
332.8434711	11.2321566	11.9228
333.2908414	11.2887195	11.8694
333.7394159	11.34696176	11.8142
334.1891995	11.40651261	11.7568
334.640197	11.46685514	11.6967
335.0924135	11.52732394	11.6337
335.5458539	11.58722683	11.5678
336.000523	11.64588082	11.4992
336.4564261	11.70264288	11.4283
336.9135679	11.75699964	11.3558
337.3719537	11.80869773	11.2826
337.8315886	11.85770861	11.2095
338.2924775	11.90419929	11.1374
338.7546257	11.94862546	11.0672
339.2180383	11.99165877	10.9995
339.6827205	12.03412573	10.9348
340.1486776	12.07700181	10.8733
340.6159148	12.12125644	10.8148
341.0844374	12.16782474	10.759
341.5542507	12.21756196	10.7052
342.02536	12.2711838	10.6526
342.4977707	12.32916433	10.6
342.9714882	12.39174544	10.5464
343.446518	12.45901892	10.4906
343.9228655	12.53078727	10.4313
344.4005361	12.60661141	10.3674
344.8795355	12.68585284	10.2978
345.3598691	12.7676729	10.2216
345.8415425	12.85104445	10.138
346.3245615	12.93483808	10.0466
346.8089315	13.01791743	9.94713
347.2946583	13.09906759	9.83944
347.7817475	13.17706018	9.72376
348.2702051	13.25076398	9.60053
348.7600366	13.31914654	9.47035
349.2512479	13.38130285	9.33402
349.7438449	13.43649797	9.19247
350.2378333	13.48416391	9.04669
350.7332192	13.52391426	8.89776
351.2300085	13.55553739	8.74672
351.7282071	13.57898449	8.59463
352.227821	13.59436025	8.44246
352.7288563	13.60190021	8.29113
353.2313191	13.60194738	8.14143
353.7352154	13.59492686	7.99407
354.2405514	13.58132494	7.84962
354.7473333	13.56166062	7.70855
355.2555673	13.53647007	7.57121
355.7652597	13.50627249	7.43783
356.2764167	13.47156004	7.30858
356.7890446	13.43279056	7.18354
357.3031499	13.3903701	7.06274
357.8187388	13.34465219	6.94618
358.3358179	13.29594798	6.83386
358.8543936	13.24452613	6.72576
359.3744725	13.19062966	6.62191
359.896061	13.13449828	6.52234
360.4191657	13.07637486	6.4271
360.9437933	13.01650426	6.33622
361.4699504	12.9551495	6.24977
361.9976438	12.89259446	6.16776
362.5268801	12.82911975	6.09018
363.0576662	12.76500719	6.017
363.5900088	12.70052597	5.94814
364.1239148	12.63592228	5.88351
364.6593912	12.57141154	5.82299
365.1964448	12.50718078	5.76649
365.7350826	12.44341055	5.71394
366.2753117	12.38027955	5.66528
366.8171391	12.31797361	5.62048
367.3605719	12.25671575	5.57955
367.9056172	12.19678053	5.54248
368.4522823	12.13848773	5.50923
369.0005744	12.08220788	5.47972
369.5505007	12.02834317	5.45376
370.1020687	11.97730679	5.43108
370.6552855	11.92948656	5.41125
371.2101587	11.88520572	5.39375
371.7666957	11.84469229	5.37793
372.3249039	11.80804593	5.36308
372.884791	11.77520854	5.34842
373.4463645	11.74595839	5.33322
374.009632	11.71991981	5.31678
374.5746012	11.69656367	5.29851
375.1412799	11.67524265	5.27798
375.7096758	11.65523079	5.25494
376.2797967	11.63577511	5.22936
376.8516505	11.61615193	5.20141
377.4252451	11.59569848	5.17143
378.0005884	11.5738669	5.13997
378.5776885	11.55027353	5.10769
379.1565535	11.52470879	5.07532
379.7371914	11.49715657	5.04363
380.3196104	11.46778774	5.01333
380.9038187	11.43694787	4.98507
381.4898246	11.40512145	4.95932
382.0776364	11.37288627	4.93641
382.6672623	11.34087615	4.91646
383.258711	11.30972127	4.89939
383.8519907	11.27999188	4.88492
384.4471101	11.25215769	4.87263
385.0440776	11.22655808	4.86197
385.642902	11.20336809	4.85231
386.2435919	11.18258621	4.84301
386.846156	11.16405413	4.83349
387.4506031	11.14746455	4.82322
388.0569421	11.13238431	4.81183
388.6651818	11.11831276	4.79912
389.2753312	11.10472541	4.78506
389.8873994	11.09111052	4.76979
390.5013953	11.07702833	4.75365
391.1173281	11.06215487	4.73709
391.735207	11.04630623	4.72067
392.3550411	11.02946445	4.70499
392.9768399	11.01178017	4.69064
393.6006127	10.99356045	4.67814
394.2263688	10.97524169	4.6679
394.8541178	10.95736594	4.6602
395.4838692	10.94052515	4.65511
396.1156326	10.92531985	4.65257
396.7494176	10.91231557	4.65231
397.385234	10.90201089	4.65397
398.0230915	10.89480805	4.65702
398.663	10.89099067	4.6609
399.3049694	10.89072301	4.66497
399.9490097	10.89404739	4.66861
400.5951309	10.90089679	4.67119
401.243343	10.91109531	4.67212
401.8936564	10.92437386	4.67086
402.5460812	10.94038753	4.66694
403.2006276	10.95872142	4.65994
403.8573062	10.9788967	4.64953
404.5161272	11.00039687	4.63548
405.1771013	11.02266789	4.61762
405.840239	11.04513474	4.59592
406.5055508	11.0672311	4.57044
407.1730476	11.08840412	4.54134
407.8427401	11.10814037	4.5089
408.5146392	11.12598583	4.47348
409.1887558	11.14156044	4.43553
409.8651008	11.15457061	4.39555
410.5436854	11.16481399	4.35409
411.2245207	11.17219838	4.31174
411.9076179	11.17673406	4.26906
412.5929884	11.1785369	4.22663
413.2806433	11.17783074	4.18496
413.9705943	11.17492484	4.1445
414.6628528	11.17020489	4.10562
415.3574305	11.1641228	4.0686
416.0543389	11.15717327	4.03359
416.7535899	11.14986363	4.00062
417.4551953	11.14269421	3.9696
418.1591669	11.13613282	3.94031
418.8655169	11.13057544	3.9124
419.5742572	11.12633208	3.88546
420.2854	11.12361629	3.85899
420.9989576	11.12251678	3.83244
421.7149422	11.12299197	3.80526
422.4333663	11.12488653	3.77694
423.1542423	11.12792367	3.74698
423.8775829	11.13172189	3.71501
424.6034007	11.13582723	3.68074
425.3317084	11.13972485	3.64401
426.0625189	11.14287951	3.60481
426.7958451	11.14476343	3.56325
427.5317	11.14487926	3.51958
428.2700967	11.14280505	3.47419
429.0110484	11.13820174	3.42752
429.7545685	11.13083677	3.38014
430.5006701	11.12061181	3.33263
431.249367	11.10754407	3.28557
432.0006725	11.09177999	3.23955
432.7546003	11.07358592	3.19507
433.5111643	11.05332143	3.15256
434.2703783	11.03142552	3.11234
435.0322561	11.00838584	3.0746
435.796812	10.98470052	3.03939
436.5640599	10.96086034	3.00666
437.3340141	10.93731399	2.9762
438.106689	10.91443913	2.94773
438.8820991	10.89252945	2.92087
439.6602589	10.87177433	2.8952
440.4411829	10.85225889	2.87028
441.2248861	10.83396532	2.84568
442.0113832	10.81677671	2.821
442.8006893	10.80049799	2.79592
443.5928193	10.7848767	2.77018
444.3877885	10.76960962	2.7436
445.1856122	10.75437547	2.71612
445.9863058	10.73885806	2.68775
446.7898847	10.72276181	2.6586
447.5963646	10.70582948	2.62884
448.4057613	10.68785133	2.59871
449.2180906	10.66868862	2.56851
450.0333684	10.64827247	2.53854
450.8516109	10.62661095	2.50914
451.6728342	10.60378512	2.4806
452.4970547	10.57994649	2.45322
453.3242888	10.55531028	2.42721
454.1545531	10.53012775	2.40273
454.9878642	10.50468185	2.37987
455.824239	10.47926557	2.35863
456.6636943	10.45415784	2.33893
457.5062472	10.42960819	2.32062
458.351915	10.40581121	2.30347
459.2007148	10.38289352	2.28723
460.0526642	10.36092365	2.27164
460.9077807	10.33989756	2.25641
461.7660819	10.31973967	2.2413
462.6275858	10.30032482	2.22611
463.4923103	10.28149108	2.2107
464.3602734	10.26305582	2.19499
465.2314934	10.24484112	2.17898
466.1059887	10.22667683	2.16269
466.9837778	10.20842093	2.14624
467.8648792	10.18997833	2.12975
468.7493119	10.17129209	2.11337
469.6370947	10.15234823	2.09725
470.5282467	10.13317262	2.08154
471.4227871	10.11383348	2.06638
472.3207352	10.09443023	2.05187
473.2221107	10.07508309	2.03809
474.1269331	10.05594007	2.0251
475.0352222	10.03716716	2.0129
475.9469981	10.01893339	2.00145
476.8622808	10.00140506	1.99066
477.7810906	9.98473625	1.98039
478.7034479	9.96904658	1.97043
479.6293733	9.9544112	1.96055
480.5588876	9.94085402	1.95047
481.4920117	9.92832093	1.93988
482.4287665	9.91668042	1.9285
483.3691735	9.90573045	1.91607
484.3132539	9.89520106	1.90239
485.2610294	9.88477257	1.88734
486.2125216	9.87409303	1.87089
487.1677525	9.86281511	1.85314
488.1267441	9.85062025	1.83426
489.0895187	9.83723769	1.81453
490.0560988	9.82247844	1.7943
491.0265069	9.80624381	1.77395
492.0007659	9.78853347	1.75388
492.9788986	9.76943359	1.73444
493.9609283	9.74910554	1.71596
494.9468782	9.72777868	1.69869
495.936772	9.70571026	1.68278
496.9306333	9.68316947	1.66833
497.9284859	9.66042682	1.65535
498.9303541	9.6377202	1.64377
499.9362621	9.6152426	1.63349
500.9462343	9.59315527	1.6244
501.9602955	9.57157508	1.61634
502.9784706	9.5505708	1.60918
504.0007846	9.53019464	1.60282
505.0272627	9.51047678	1.59714
506.0579306	9.49143517	1.59208
507.0928139	9.47309744	1.58758
508.1319385	9.45549894	1.58359
509.1753306	9.43868394	1.58005
510.2230165	9.42270154	1.57689
511.2750227	9.40760159	1.57402
512.331376	9.39342915	1.57133
513.3921035	9.38020804	1.56867
514.4572324	9.36794014	1.5659
515.52679	9.35659345	1.56283
516.6008042	9.34608429	1.55929
517.6793027	9.33629909	1.55515
518.7623138	9.3270998	1.55029
519.8498658	9.31831504	1.54462
520.9419874	9.3097639	1.53813
522.0387074	9.30127544	1.53084
523.1400549	9.29269395	1.52282
524.2460592	9.28389161	1.51417
525.35675	9.27477186	1.50501
526.4721571	9.26527147	1.49547
527.5923106	9.25536201	1.48568
528.7172409	9.2450375	1.47574
529.8469786	9.23430044	1.46574
530.9815546	9.22316572	1.45577
532.121	9.21165875	1.4459
533.2653462	9.19980066	1.43618
534.414625	9.18761305	1.42668
535.5688683	9.17512315	1.41746
536.7281082	9.16237526	1.40861
537.8923774	9.14942714	1.40018
539.0617087	9.13635763	1.39226
540.2361351	9.12327061	1.38488
541.41569	9.11027728	1.37806
542.600407	9.09749658	1.37178
543.7903202	9.0850482	1.36599
544.9854637	9.07303044	1.36057
546.1858722	9.06150511	1.35539
547.3915806	9.05049666	1.35029
548.6026239	9.03997842	1.3451
549.8190377	9.02986519	1.33966
551.0408578	9.02003467	1.33388
552.2681203	9.01033266	1.32768
553.5008616	9.00059086	1.32109
554.7391186	8.99065685	1.31418
555.9829283	8.98040828	1.3071
557.2323281	8.96977861	1.30004
558.4873559	8.95876323	1.29321
559.7480497	8.94742975	1.28683
561.014448	8.93591731	1.28108
562.2865896	8.92441954	1.27608
563.5645136	8.91316473	1.27187
564.8482597	8.90238435	1.26839
566.1378676	8.89229118	1.26551
567.4333776	8.88305275	1.263
568.7348303	8.87476353	1.26058
570.0422667	8.86743073	1.25793
571.3557281	8.86096734	1.25474
572.6752564	8.85519669	1.25073
574.0008935	8.84986203	1.24569
575.3326821	8.84465893	1.23952
576.6706651	8.83925577	1.2322
578.0148858	8.83332157	1.22385
579.3653879	8.82657064	1.2147
580.7222155	8.81878873	1.20507
582.0854131	8.80984949	1.19534
583.4550259	8.79973909	1.18595
584.8310991	8.78856562	1.17732
586.2136785	8.77655225	1.16984
587.6028104	8.76402561	1.16381
588.9985416	8.75138102	1.15941
590.400919	8.73905877	1.15671
591.8099905	8.72751188	1.15562
593.2258038	8.71715555	1.1559
594.6484077	8.70833169	1.15719
596.077851	8.70128306	1.15903
597.5141831	8.69612151	1.16088
598.9574541	8.69281876	1.1622
600.4077143	8.69120915	1.16246
601.8650146	8.69099927	1.16121
603.3294063	8.6917953	1.1581
604.8009415	8.69312996	1.15291
606.2796724	8.69450605	1.14558
607.765652	8.69543111	1.13618
609.2589337	8.69546353	1.12495
610.7595714	8.69424101	1.1122
612.2676198	8.69148488	1.09833
613.7831337	8.68703301	1.08381
615.3061687	8.68083235	1.06908
616.8367811	8.67292733	1.05459
618.3750274	8.66345776	1.04073
619.920965	8.65262283	1.02781
621.4746516	8.64066995	1.0161
623.0361457	8.6278843	1.00578
624.6055063	8.61456523	0.99696
626.1827929	8.60100787	0.98967
627.7680658	8.5874964	0.9839
629.3613858	8.5742953	0.97957
630.9628142	8.56165401	0.97659
632.5724133	8.5497891	0.97477
634.1902455	8.53887726	0.97394
635.8163744	8.52906514	0.97387
637.4508638	8.52044731	0.97431
639.0937784	8.51307077	0.97501
640.7451835	8.50694092	0.97572
642.4051451	8.50201307	0.97618
644.0737299	8.49819022	0.97616
645.7510052	8.49534574	0.97548
647.4370392	8.49332154	0.97396
649.1319005	8.49192463	0.97148
650.8356588	8.49095962	0.96799
652.5483842	8.49023077	0.96345
654.2701478	8.4895405	0.95788
656.0010212	8.48870644	0.95134
657.7410769	8.48756983	0.94393
659.4903883	8.48599921	0.93577
661.2490293	8.48389651	0.92701
663.0170749	8.48119307	0.91779
664.7946005	8.47785335	0.90828
666.5816828	8.47387416	0.89862
668.3783989	8.46927981	0.88896
670.184827	8.46411823	0.87941
672.0010461	8.45844902	0.87007
673.8271359	8.45233738	0.86101
675.6631771	8.44585858	0.85231
677.5092514	8.43909853	0.84401
679.3654411	8.43212919	0.83612
681.2318297	8.42502034	0.82868
683.1085014	8.41785492	0.82171
684.9955414	8.41071018	0.8152
686.893036	8.40366355	0.80916
688.8010722	8.39679741	0.80357
690.7197382	8.39019373	0.79841
692.6491229	8.3839376	0.79364
694.5893165	8.37811145	0.7892
696.5404101	8.37278447	0.785
698.5024958	8.36801155	0.78095
700.4756667	8.36383678	0.77694
702.460017	8.36027627	0.77283
704.455642	8.35731914	0.7685
706.4626382	8.35493332	0.76382
708.4811029	8.35305878	0.75867
710.5111347	8.35162042	0.75296
712.5528333	8.35052474	0.74659
714.6062997	8.34965814	0.7395
716.6716358	8.34890545	0.73166
718.7489449	8.34815089	0.72305
720.8383314	8.34726647	0.71366
722.9399009	8.34613423	0.70355
725.0537602	8.34465271	0.69276
727.1800176	8.34272357	0.68136
729.3187824	8.34026349	0.66944
731.4701652	8.33721264	0.65711
733.6342781	8.33352338	0.64446
735.8112344	8.32917032	0.63163
738.0011488	8.32415207	0.61872
740.2041373	8.31848577	0.60586
742.4203174	8.31221225	0.59315
744.6498078	8.30539347	0.5807
746.8927289	8.29811844	0.56859
749.1492024	8.29047797	0.55685
751.4193515	8.28257133	0.54553
753.7033009	8.27450929	0.53462
756.0011768	8.26639039	0.52408
758.313107	8.25830158	0.51385
760.6392209	8.25030052	0.50382
762.9796492	8.24242167	0.49391
765.3345247	8.23466908	0.48398
767.7039814	8.22700546	0.47393
770.0881553	8.21936559	0.46366
772.4871838	8.21165858	0.45311
774.9012063	8.20378209	0.44225
777.3303636	8.19562593	0.43108
779.7747987	8.18708666	0.41965
782.2346562	8.17807877	0.40803
784.7100823	8.16853251	0.39631
787.2012254	8.15841061	0.38462
789.7082357	8.14771162	0.37307
792.2312652	8.13645502	0.36176
794.7704679	8.12467961	0.35078
797.326	8.11244093	0.3402
799.8980194	8.09979279	0.33005
802.4866861	8.08679237	0.32038
805.0921623	8.07349081	0.31118
807.7146124	8.05992597	0.30247
810.3542026	8.04612666	0.29424
813.0111016	8.03211796	0.28652
815.6854803	8.01791675	0.2793
818.3775116	8.00354176	0.27264
821.0873709	7.98902292	0.26656
823.8152359	7.97440087	0.26113
826.5612867	7.95973796	0.25639
829.3257057	7.9451106	0.25239
832.1086779	7.93061389	0.24916
834.9103906	7.91636042	0.24672
837.7310338	7.9024748	0.24505
840.5708	7.88908089	0.2441
843.4298844	7.87630554	0.2438
846.3084846	7.86425318	0.244
849.2068014	7.8530017	0.24457
852.1250378	7.8425975	0.24531
855.0634	7.83304186	0.24604
858.0220969	7.82429825	0.24656
861.0013403	7.81627412	0.24667
864.0013449	7.80883717	0.24623
867.0223287	7.8018166	0.2451
870.0645123	7.79501682	0.24324
873.1281197	7.78824336	0.24064
876.2133781	7.78129508	0.23734
879.3205177	7.77399943	0.23348
882.4497722	7.76622366	0.2292
885.6013786	7.75787312	0.2247
888.7755771	7.7489149	0.2202
891.9726115	7.73937725	0.21591
895.1927292	7.72933164	0.212
898.4361812	7.71889516	0.20864
901.7032218	7.70821399	0.20591
904.9941095	7.69745013	0.20388
908.3091062	7.68676686	0.20252
911.6484779	7.67629804	0.20177
915.0124945	7.66615707	0.20155
918.4014296	7.65642335	0.20173
921.8155613	7.64712842	0.20218
925.2551716	7.63827605	0.2028
928.7205468	7.62983805	0.20347
932.2119774	7.62176639	0.20414
935.7297585	7.61400567	0.20475
939.2741894	7.60649805	0.2053
942.8455741	7.5991959	0.20579
946.4442214	7.59206619	0.20626
950.0704444	7.58510464	0.20675
953.7245615	7.57831624	0.20727
957.4068958	7.57172012	0.20786
961.1177752	7.5653537	0.20852
964.8575331	7.55925205	0.20923
968.6265078	7.55344678	0.20996
972.4250431	7.54796301	0.21066
976.2534882	7.54280703	0.21126
980.1121976	7.5379733	0.21171
984.0015317	7.5334409	0.21193
987.9218566	7.52917251	0.21187
991.873544	7.52511463	0.21146
995.8569719	7.52119798	0.21067
999.8725242	7.51735392	0.20948
1003.920591	7.51349868	0.20786
1008.001569	7.50954505	0.20584
1012.115861	7.50541133	0.20344
1016.263877	7.50101845	0.20072
1020.446033	7.49630058	0.19775
1024.662752	7.49120521	0.19462
1028.914465	7.48569525	0.19143
1033.201608	7.47975997	0.18831
1037.524628	7.47342099	0.18538
1041.883975	7.46672187	0.18275
1046.28011	7.45973684	0.18054
1050.7135	7.45256953	0.17883
1055.184621	7.44534404	0.17768
1059.693957	7.43819039	0.17709
1064.242	7.43123745	0.17705
1068.82925	7.42461327	0.1775
1073.456216	7.41841972	0.17833
1078.123417	7.41273186	0.17943
1082.83138	7.40759474	0.18065
1087.58064	7.40301019	0.18184
1092.371744	7.39894909	0.18287
1097.205248	7.39534628	0.1836
1102.081716	7.39211005	0.18395
1107.001723	7.3891369	0.18385
1111.965857	7.38631029	0.18327
1116.974712	7.38351565	0.18222
1122.028896	7.38064915	0.18074
1127.129027	7.3776328	0.17891
1132.275735	7.3744076	0.17679
1137.469661	7.37093265	0.17448
1142.711456	7.36720395	0.17208
1148.001787	7.36323391	0.16965
1153.34133	7.35904986	0.16727
1158.730776	7.35469645	0.16498
1164.170826	7.35021633	0.1628
1169.662198	7.34565517	0.16075
1175.205621	7.34106137	0.15882
1180.801838	7.33645998	0.15696
1186.451608	7.33186171	0.15516
1192.155702	7.32727241	0.15338
1197.914908	7.32267439	0.15158
1203.730029	7.31803812	0.14975
1209.601883	7.31332747	0.14788
1215.531304	7.30850206	0.14599
1221.519143	7.30352328	0.14411
1227.566267	7.29836633	0.14231
1233.673562	7.29302356	0.14065
1239.84193	7.28750638	0.13922
1246.072291	7.28186173	0.13811
1252.365586	7.27615672	0.13737
1258.722772	7.27047019	0.13705
1265.144827	7.26490878	0.13719
1271.632749	7.25958316	0.13775
1278.187557	7.25458654	0.13868
1284.81029	7.25000544	0.13991
1291.50201	7.2459103	0.14133
1298.263801	7.24232899	0.14279
1305.096768	7.23925675	0.14418
1312.002042	7.23666029	0.14536
1318.980777	7.23447309	0.14623
1326.03415	7.23260576	0.1467
1333.163366	7.23095466	0.14673
1340.369654	7.22941311	0.1463
1347.654272	7.22788371	0.14544
1355.018503	7.2262755	0.14417
1362.463659	7.22451709	0.14258
1369.991083	7.22256489	0.14073
1377.602144	7.22038916	0.1387
1385.298246	7.21798541	0.13657
1393.08082	7.21536018	0.13439
1400.951333	7.2125335	0.13223
1408.911284	7.20953124	0.13011
1416.962206	7.20637685	0.12807
1425.105667	7.20310002	0.12613
1433.343272	7.19972546	0.1243
1441.676663	7.19627871	0.1226
1450.10752	7.19278376	0.12103
1458.637565	7.18926585	0.11961
1467.268556	7.18575475	0.11834
1476.002298	7.18228421	0.11723
1484.840635	7.1788877	0.11626
1493.785458	7.1755939	0.11542
1502.838703	7.17243518	0.11469
1512.002354	7.16943195	0.11402
1521.278442	7.16659261	0.11338
1530.669049	7.16392283	0.11273
1540.176311	7.16140721	0.11201
1549.802413	7.15902182	0.11121
1559.549597	7.15674286	0.1103
1569.420165	7.154543	0.10928
1579.416471	7.15240171	0.10815
1589.540936	7.1502977	0.10691
1599.796039	7.14822271	0.10559
1610.184325	7.14617465	0.10418
1620.708405	7.14415495	0.1027
1631.370961	7.14216786	0.10113
1642.174742	7.14021444	0.09947
1653.122573	7.13829337	0.09769
1664.217356	7.1363863	0.09576
1675.462068	7.13446947	0.09367
1686.859769	7.13250842	0.09139
1698.413603	7.13046171	0.08893
1710.1268	7.12828846	0.08629
1722.002681	7.1259414	0.08349
1734.044657	7.1233834	0.08058
1746.256239	7.12058691	0.0776
1758.641035	7.11753763	0.07462
1771.202757	7.11423654	0.07169
1783.945223	7.11069366	0.06887
1796.872362	7.10693003	0.06621
1809.988219	7.10298287	0.06377
1823.296956	7.09889772	0.06157
1836.802859	7.0947156	0.05963
1850.510343	7.09048255	0.05797
1864.423955	7.08624632	0.05659
1878.548379	7.08205426	0.05549
1892.888443	7.07795118	0.05465
1907.449123	7.07397603	0.05405
1922.23555	7.07016246	0.05366
1937.253016	7.06654539	0.05346
1952.506976	7.06314995	0.05339
1968.003063	7.05999058	0.05342
1983.747088	7.05708034	0.0535
1999.745048	7.05442211	0.05358
2016.003138	7.05200428	0.0536
2032.527754	7.04980376	0.05352
2049.325504	7.04779164	0.0533
2066.403217	7.04593124	0.05291
2083.76795	7.04418036	0.05233
2101.427	7.04249819	0.05156
2119.387915	7.0408473	0.0506
2137.6585	7.03919039	0.04946
2156.246835	7.0375008	0.04817
2175.161281	7.03575763	0.04674
2194.410496	7.03394318	0.0452
2214.003446	7.03204727	0.04357
2233.949423	7.03006816	0.04188
2254.258055	7.02800398	0.04013
2274.939321	7.02584926	0.03834
2296.003574	7.02360201	0.03652
2317.461551	7.0212579	0.03468
2339.324396	7.01880911	0.03283
2361.603676	7.01625423	0.031
2384.311404	7.01359009	0.02919
2407.460058	7.0108151	0.02744
2431.062608	7.00793954	0.02577
2455.132535	7.00497359	0.0242
2479.68386	7.0019354	0.02276
2504.731172	6.99884804	0.02146
2530.289653	6.99573864	0.02032
2556.375113	6.99263972	0.01934
2583.004021	6.98957942	0.01851
2610.193537	6.98658302	0.01782
2637.961553	6.98367279	0.01725
2666.326731	6.9808678	0.01678
2695.308543	6.97817645	0.01637
2724.927319	6.97559708	0.016
2755.204289	6.9731284	0.01565
2786.16164	6.97076041	0.01529
2817.822568	6.96848346	0.01492
2850.211333	6.96628423	0.01451
2883.353326	6.96414715	0.01407
2917.275129	6.96206269	0.01359
2952.004595	6.96001839	0.01307
2987.570916	6.95800245	0.01251
3024.004707	6.9560071	0.01192
3061.338099	6.95402779	0.0113
3099.604825	6.95205717	0.01065
3138.840329	6.95009123	0.00998
3179.081872	6.94812255	0.00928
3220.368649	6.94614537	0.00857
3262.741921	6.9441543	0.00784
3306.245147	6.94214208	0.00711
3350.924135	6.94011068	0.00639
3396.827205	6.93805954	0.00568
3444.005361	6.93598549	0.00499
3492.512479	6.93389422	0.00434
3542.405514	6.93178853	0.00372
3593.744725	6.92967582	0.00316
3646.593912	6.92756405	0.00264
3701.020687	6.92545668	0.00218
3757.096758	6.92336657	0.00178
3814.898246	6.92129989	0.00143
3874.506031	6.91926461	0.00114
3936.006127	6.91726729	8.92E-04
3999.490097	6.91531012	6.90E-04
4065.055508	6.91339863	5.28E-04
4132.806433	6.91153548	3.99E-04
4202.854	6.90972161	2.98E-04
4275.317	6.90795774	2.21E-04
4350.322561	6.90624398	1.63E-04
4428.006893	6.90457963	1.20E-04
4508.516109	6.90296321	8.80E-05
4592.007148	6.90139318	6.52E-05
4678.648792	6.89986813	4.89E-05
4768.622808	6.8983863	3.73E-05
4862.125216	6.89694601	2.91E-05
4959.36772	6.89554567	2.33E-05
5060.579306	6.89418379	1.91E-05
5166.008042	6.89285899	1.61E-05
5275.923106	6.89157013	1.40E-05
5390.617087	6.89031609	1.24E-05
5510.408578	6.88909588	1.13E-05
5635.645136	6.8879087	1.07E-05
5766.706651	6.88675378	1.04E-05
5904.00919	6.8856305	1.07E-05
6048.009415	6.88453831	1.13E-05
6199.20965	6.88347666	1.25E-05
6358.163744	6.88244521	1.43E-05
6525.483842	6.88144359	1.66E-05
6701.84827	6.88047147	1.96E-05
6888.010722	6.87952863	2.32E-05
7084.811029	6.87861483	2.74E-05
7293.187824	6.87772991	3.22E-05
7514.193515	6.87687366	3.74E-05
7749.012063	6.87604596	4.31E-05
7998.980194	6.87524667	4.90E-05
8265.612867	6.87447564	5.50E-05
8550.634	6.87373268	6.08E-05
8856.013786	6.87301758	6.63E-05
9184.014296	6.8723301	7.12E-05
9537.245615	6.87167001	7.54E-05
9918.73544	6.87103698	7.85E-05
10332.01608	6.87043063	8.05E-05
10781.23417	6.86985064	8.13E-05
11271.29027	6.86929664	8.08E-05
11808.01838	6.86876826	7.90E-05
12398.4193	6.86826512	7.60E-05
13050.96768	6.86778694	7.20E-05
13776.02144	6.86733347	6.71E-05
14586.37565	6.86690444	6.14E-05
15498.02413	6.86649968	5.54E-05
16531.22573	6.86611915	4.91E-05
17712.02757	6.86576275	4.28E-05
19074.49123	6.8654305	3.67E-05
20664.03217	6.86512241	3.09E-05
22542.58055	6.86483854	2.56E-05
24796.8386	6.86457902	2.09E-05
27552.04289	6.86434391	1.67E-05
30996.04825	6.86413331	1.32E-05
35424.05514	6.86394732	1.02E-05
41328.06433	6.86378598	7.74E-06
49593.6772	6.86364937	5.78E-06
61992.0965	6.86353756	4.25E-06
82656.12867	6.86345059	3.06E-06
123984.193	6.86338853	2.17E-06
247968.386	6.86335152	1.51E-06
123984193	6.86333959	1.03E-06
