123.984317	-1.25078981	0.67428
124.0463402	-1.03574075	0.67388
124.1084255	-0.927959	0.67321
124.170573	-0.85592977	0.67232
124.2327828	-0.80177563	0.67122
124.2950549	-0.75834264	0.66992
124.3573895	-0.72205903	0.66839
124.4197867	-0.69088878	0.66663
124.4822465	-0.66356368	0.6646
124.544769	-0.63926203	0.66226
124.6073544	-0.61742659	0.65959
124.6700027	-0.59767117	0.65656
124.732714	-0.57972804	0.65316
124.7954885	-0.56341354	0.64938
124.8583261	-0.54860478	0.64524
124.9212271	-0.53520616	0.64079
124.9841915	-0.52314874	0.63606
125.0472194	-0.51237815	0.63113
125.1103109	-0.50284279	0.62606
125.1734661	-0.49449203	0.62094
125.2366851	-0.48727038	0.61584
125.299968	-0.48112079	0.61084
125.3633148	-0.47598633	0.606
125.4267258	-0.47180479	0.6014
125.4902009	-0.46851395	0.59708
125.5537403	-0.46605765	0.5931
125.6173441	-0.46437513	0.58951
125.6810123	-0.46341012	0.58635
125.7447452	-0.46310165	0.58368
125.8085427	-0.46338723	0.58153
125.8724049	-0.46420686	0.57995
125.9363321	-0.46548946	0.57899
126.0003242	-0.46715491	0.57869
126.0643814	-0.46911876	0.57908
126.1285037	-0.47128901	0.58019
126.1926913	-0.47356709	0.58203
126.2569443	-0.47585321	0.5846
126.3212627	-0.47803635	0.5879
126.3856467	-0.48001207	0.59187
126.4500963	-0.48168172	0.59648
126.5146117	-0.48294531	0.60165
126.579193	-0.48372494	0.60728
126.6438403	-0.48395463	0.61328
126.7085536	-0.48357778	0.61953
126.7733331	-0.48257037	0.62588
126.8381789	-0.48093447	0.63221
126.903091	-0.47869326	0.63838
126.9680696	-0.47589728	0.64427
127.0331148	-0.47261773	0.64977
127.0982267	-0.4689453	0.65479
127.1634053	-0.46498746	0.65926
127.2286508	-0.4608657	0.66314
127.2939633	-0.45669792	0.66644
127.3593429	-0.45259093	0.66918
127.4247897	-0.44864757	0.6714
127.4903038	-0.44495351	0.67318
127.5558853	-0.44157261	0.6746
127.6215344	-0.43854808	0.67576
127.687251	-0.43589707	0.67676
127.7530353	-0.4336171	0.67769
127.8188874	-0.43168771	0.67864
127.8848075	-0.43006802	0.67969
127.9507956	-0.42870118	0.6809
128.0168519	-0.42751987	0.68231
128.0829763	-0.4264555	0.68393
128.1491691	-0.42544218	0.68576
128.2154304	-0.42441505	0.68778
128.2817603	-0.42332128	0.68994
128.3481587	-0.42212861	0.69218
128.414626	-0.42082259	0.69444
128.4811622	-0.41940332	0.69666
128.5477673	-0.41789352	0.69877
128.6144415	-0.41632765	0.70074
128.6811849	-0.41475174	0.70252
128.7479977	-0.41321982	0.70411
128.8148798	-0.41178628	0.7055
128.8818315	-0.41050465	0.70672
128.9488528	-0.40941835	0.7078
129.0159438	-0.40856843	0.70878
129.0831047	-0.4079814	0.70973
129.1503356	-0.40766544	0.71071
129.2176365	-0.40761945	0.71178
129.2850076	-0.40783503	0.713
129.352449	-0.40828663	0.71445
129.4199608	-0.40892205	0.7162
129.4875431	-0.40968221	0.71828
129.555196	-0.41050037	0.72074
129.6229196	-0.41129429	0.7236
129.6907141	-0.4119712	0.72687
129.7585795	-0.41243997	0.73051
129.826516	-0.41261672	0.73448
129.8945237	-0.41242526	0.7387
129.9626027	-0.41181254	0.74307
130.030753	-0.41074358	0.74749
130.0989749	-0.40921549	0.75182
130.1672684	-0.40725672	0.75596
130.2356337	-0.40490987	0.75981
130.3040707	-0.40224389	0.76327
130.3725798	-0.3993482	0.76628
130.4411609	-0.39631434	0.76881
130.5098142	-0.39323596	0.77084
130.5785398	-0.39020849	0.77238
130.6473379	-0.38730816	0.77348
130.7162085	-0.38460186	0.77416
130.7851517	-0.38215434	0.77448
130.8541677	-0.38000258	0.77452
130.9232565	-0.37817334	0.77432
130.9924184	-0.37668368	0.77396
131.0616533	-0.37553332	0.77349
131.1309615	-0.37471931	0.77296
131.2003431	-0.37422383	0.77243
131.2697981	-0.3740245	0.77192
131.3393266	-0.37409673	0.77147
131.4089289	-0.37440894	0.77109
131.478605	-0.37493403	0.77078
131.548355	-0.37565581	0.77052
131.618179	-0.37656675	0.7703
131.6880772	-0.37767642	0.77008
131.7580497	-0.37900676	0.76986
131.8280966	-0.38059268	0.76961
131.898218	-0.38248193	0.76935
131.968414	-0.384728	0.76909
132.0386848	-0.38738893	0.76889
132.1090305	-0.39050229	0.76884
132.1794512	-0.39409368	0.76902
132.2499469	-0.39816967	0.76956
132.320518	-0.40269997	0.77059
132.3911643	-0.40761933	0.77224
132.4618862	-0.41283671	0.77461
132.5326836	-0.41823029	0.77781
132.6035568	-0.42365178	0.78189
132.6745058	-0.42894001	0.78688
132.7455308	-0.43392992	0.79275
132.8166318	-0.43845962	0.79945
132.8878091	-0.44238383	0.80686
132.9590627	-0.4455855	0.81485
133.0303927	-0.44797575	0.82325
133.1017994	-0.44950826	0.83187
133.1732827	-0.45018037	0.84052
133.2448428	-0.45002853	0.84902
133.3164799	-0.44912871	0.8572
133.3881941	-0.44758919	0.86493
133.4599854	-0.44554049	0.87211
133.5318541	-0.44312519	0.87869
133.6038002	-0.44048415	0.88466
133.6758239	-0.43774761	0.89005
133.7479253	-0.43502092	0.89493
133.8201045	-0.43237918	0.89938
133.8923617	-0.42986952	0.90349
133.9646969	-0.42750146	0.90736
134.0371103	-0.42526198	0.91104
134.1096021	-0.42312067	0.91459
134.1821723	-0.42104201	0.918
134.2548211	-0.41899592	0.92127
134.3275486	-0.41696233	0.92434
134.4003549	-0.41496093	0.92713
134.4732402	-0.41303849	0.92959
134.5462046	-0.41126803	0.93165
134.6192482	-0.40975779	0.93327
134.6923712	-0.40864355	0.93444
134.7655737	-0.40806916	0.93522
134.8388557	-0.40817204	0.9357
134.9122175	-0.40907469	0.93603
134.9856592	-0.41087469	0.93639
135.0591809	-0.41362377	0.93703
135.1327827	-0.41732043	0.93819
135.2064648	-0.42190677	0.94015
135.2802273	-0.42726263	0.94316
135.3540703	-0.4332088	0.94747
135.4279939	-0.43950534	0.95328
135.5019984	-0.44586336	0.96074
135.5760837	-0.45195985	0.96992
135.6502502	-0.45745565	0.98082
135.7244978	-0.4620003	0.99337
135.7988267	-0.4652553	1.00739
135.8732371	-0.46692429	1.02262
135.9477291	-0.4667526	1.03875
136.0223028	-0.4645618	1.05535
136.0969584	-0.46025671	1.07201
136.171696	-0.45383414	1.08823
136.2465157	-0.44540463	1.10355
136.3214176	-0.43516808	1.11754
136.396402	-0.42342185	1.1298
136.4714689	-0.41054442	1.14004
136.5466184	-0.39697208	1.14805
136.6218508	-0.38318203	1.15375
136.6971661	-0.36964929	1.1572
136.7725646	-0.35683062	1.15855
136.8480462	-0.34513157	1.15811
136.9236112	-0.33487299	1.15626
136.9992597	-0.32627826	1.15347
137.0749918	-0.31945871	1.15024
137.1508077	-0.31440051	1.14711
137.2267075	-0.31095865	1.14458
137.3026914	-0.30888312	1.14308
137.3787594	-0.30781981	1.14299
137.4549118	-0.30733771	1.14453
137.5311487	-0.30697018	1.14781
137.6074702	-0.3062385	1.15279
137.6838764	-0.30469062	1.15929
137.7603675	-0.30194013	1.16699
137.8369437	-0.29769276	1.17548
137.913605	-0.29177644	1.18425
137.9903517	-0.28415276	1.19279
138.0671838	-0.27491319	1.20058
138.1441016	-0.26427819	1.20716
138.221105	-0.25257219	1.21216
138.2981944	-0.24020089	1.21532
138.3753698	-0.22760895	1.21654
138.4526314	-0.215234	1.21585
138.5299794	-0.2034873	1.21339
138.6074138	-0.19271643	1.20944
138.6849348	-0.18316945	1.20435
138.7625425	-0.1749999	1.19849
138.8402372	-0.16826524	1.19226
138.918019	-0.16292071	1.18604
138.9958879	-0.15883843	1.18015
139.0738442	-0.15583248	1.17484
139.1518879	-0.15368241	1.17028
139.2300193	-0.15215898	1.16656
139.3082385	-0.15103357	1.16372
139.3865457	-0.1500998	1.16171
139.4649409	-0.14918794	1.16046
139.5434244	-0.1481639	1.15986
139.6219962	-0.14692983	1.1598
139.7006566	-0.14542404	1.16015
139.7794056	-0.14362118	1.1608
139.8582435	-0.14151155	1.16167
139.9371704	-0.13909558	1.16268
140.0161864	-0.13638362	1.16377
140.0952916	-0.13338912	1.16489
140.1744863	-0.13012754	1.166
140.2537706	-0.1266053	1.16708
140.3331447	-0.12282797	1.16808
140.4126086	-0.11880507	1.16897
140.4921626	-0.11454833	1.1697
140.5718068	-0.11007585	1.17023
140.6515413	-0.10541718	1.1705
140.7313663	-0.10061614	1.17047
140.811282	-0.09572626	1.1701
140.8912885	-0.09080955	1.16937
140.971386	-0.08593898	1.16826
141.0515746	-0.08119444	1.16679
141.1318544	-0.07664323	1.16501
141.2122258	-0.07234317	1.16297
141.2926887	-0.06833684	1.16076
141.3732433	-0.0646344	1.15848
141.4538899	-0.06122439	1.15621
141.5346285	-0.05806986	1.15405
141.6154593	-0.05510975	1.15206
141.6963825	-0.05226447	1.1503
141.7773983	-0.04943935	1.14878
141.8585067	-0.04654973	1.14747
141.939708	-0.04351795	1.14634
142.0210023	-0.04027294	1.14532
142.1023898	-0.03677033	1.14431
142.1838706	-0.03299613	1.14321
142.2654449	-0.02895617	1.14193
142.3471129	-0.02467701	1.14037
142.4288747	-0.02021166	1.13844
142.5107305	-0.01563478	1.13607
142.5926804	-0.01103258	1.13322
142.6747246	-0.00649516	1.12987
142.7568633	-0.00211455	1.12602
142.8390966	0.00201712	1.12169
142.9214247	0.00581486	1.11693
143.0038478	0.00921017	1.11181
143.0863659	0.01215369	1.10641
143.1689794	0.01461155	1.10081
143.2516883	0.01656516	1.0951
143.3344929	0.01802202	1.08938
143.4173932	0.0190022	1.08371
143.5003895	0.01953409	1.07817
143.5834819	0.01966444	1.07282
143.6666705	0.01944039	1.06769
143.7499557	0.01890903	1.06282
143.8333374	0.01812739	1.05824
143.9168159	0.01715679	1.05396
144.0003914	0.01605242	1.04997
144.084064	0.01486971	1.04627
144.1678339	0.01366497	1.04283
144.2517013	0.01248526	1.03961
144.3356663	0.01137044	1.03656
144.4197291	0.01034866	1.03361
144.5038899	0.00942424	1.03067
144.5881488	0.00857019	1.02765
144.672506	0.00773473	1.02448
144.7569618	0.00684598	1.0211
144.8415162	0.00580135	1.01746
144.9261694	0.00448894	1.01359
145.0109217	0.00280222	1.00953
145.0957731	0.00064869	1.00539
145.1807239	-0.00203059	1.0013
145.2657742	-0.00525733	0.99742
145.3509242	-0.00900648	0.99392
145.4361741	-0.01319161	0.99098
145.5215241	-0.01768374	0.9887
145.6069743	-0.0223335	0.98716
145.6925249	-0.02696587	0.98639
145.7781761	-0.03141039	0.98633
145.8639281	-0.03552455	0.98688
145.949781	-0.03920118	0.98789
146.035735	-0.04239797	0.98916
146.1217904	-0.04512792	0.99054
146.2079472	-0.0474449	0.99187
146.2942057	-0.04945839	0.99302
146.380566	-0.05130544	0.99395
146.4670283	-0.0531233	0.99467
146.5535929	-0.0550275	0.99527
146.6402598	-0.05710102	0.99586
146.7270293	-0.05937048	0.99663
146.8139015	-0.06179944	0.99773
146.9008767	-0.06429622	0.99933
146.9879549	-0.06670466	1.00155
147.0751365	-0.06883385	1.00443
147.1624216	-0.07047762	1.00795
147.2498103	-0.07144066	1.01199
147.3373028	-0.07156065	1.01638
147.4248994	-0.07072736	1.02087
147.5126003	-0.06890795	1.02518
147.6004055	-0.06614085	1.02904
147.6883153	-0.06254316	1.03217
147.7763299	-0.05830114	1.03437
147.8644495	-0.05363977	1.0355
147.9526742	-0.04881164	1.03549
148.0410042	-0.04407562	1.03436
148.1294398	-0.0396564	1.03223
148.2179811	-0.03574226	1.02923
148.3066284	-0.03246737	1.02559
148.3953817	-0.02990024	1.02151
148.4842413	-0.02805425	1.01722
148.5732074	-0.02688491	1.01291
148.6622802	-0.0263078	1.00874
148.7514598	-0.02621038	1.00482
148.8407465	-0.02647156	1.00121
148.9301405	-0.02697006	0.99794
149.0196419	-0.0275816	0.99501
149.1092509	-0.0282105	0.99234
149.1989677	-0.02878151	0.9899
149.2887926	-0.02923428	0.98759
149.3787258	-0.02953507	0.98534
149.4687673	-0.02966996	0.98305
149.5589174	-0.02964456	0.98065
149.6491764	-0.02947287	0.97806
149.7395444	-0.02919202	0.97519
149.8300215	-0.02885588	0.97198
149.9206081	-0.02853331	0.96836
150.0113043	-0.02830932	0.96429
150.1021103	-0.02828428	0.95973
150.1930263	-0.02857265	0.95468
150.2840525	-0.02929491	0.94916
150.3751891	-0.03057447	0.94323
150.4664362	-0.03252621	0.93699
150.5577942	-0.03523897	0.93059
150.6492632	-0.03877146	0.92419
150.7408435	-0.04314067	0.918
150.8325351	-0.04831207	0.91222
150.9243383	-0.05419207	0.90707
151.0162534	-0.06063933	0.9027
151.1082804	-0.0674657	0.89927
151.2004198	-0.07444551	0.89683
151.2926715	-0.08134148	0.89539
151.3850359	-0.08792424	0.89485
151.4775131	-0.09399357	0.89507
151.5701034	-0.09939406	0.89582
151.6628069	-0.10403763	0.89684
151.7556239	-0.10791507	0.89783
151.8485546	-0.11110359	0.89851
151.9415992	-0.11375215	0.89864
152.0347579	-0.11608044	0.89802
152.1280308	-0.11835161	0.89657
152.2214183	-0.12084216	0.89428
152.3149205	-0.12382468	0.89125
152.4085377	-0.12753194	0.88768
152.50227	-0.13212137	0.88386
152.5961177	-0.13766361	0.8801
152.6900809	-0.14413973	0.87674
152.7841599	-0.15142614	0.87411
152.878355	-0.15931388	0.87246
152.9726662	-0.16752857	0.87198
153.0670939	-0.17575298	0.87274
153.1616382	-0.18365885	0.87471
153.2562995	-0.19094663	0.87772
153.3510777	-0.19737639	0.88153
153.4459733	-0.20277941	0.88582
153.5409864	-0.20709457	0.8902
153.6361173	-0.2103708	0.89431
153.7313661	-0.21275847	0.8978
153.826733	-0.21449829	0.90041
153.9222184	-0.2158889	0.90197
154.0178224	-0.21726891	0.90241
154.1135452	-0.21898235	0.9018
154.2093871	-0.22132826	0.90034
154.3053482	-0.22453176	0.89831
154.4014289	-0.22873323	0.89605
154.4976293	-0.2339687	0.89395
154.5939496	-0.24015222	0.8924
154.6903901	-0.24709845	0.89171
154.786951	-0.25454171	0.89214
154.8836326	-0.26216158	0.89382
154.980435	-0.26961028	0.8968
155.0773584	-0.27654272	0.90098
155.1744032	-0.28266164	0.90616
155.2715695	-0.28773531	0.91206
155.3688576	-0.29161326	0.91834
155.4662677	-0.29424361	0.92462
155.5638	-0.2956723	0.93054
155.6614547	-0.29602893	0.93577
155.7592321	-0.29551911	0.94003
155.8571324	-0.29440773	0.94312
155.9551559	-0.29298727	0.94494
156.0533028	-0.29155818	0.94546
156.1515732	-0.29041622	0.94474
156.2499675	-0.28981678	0.94294
156.3484859	-0.28996183	0.94025
156.4471286	-0.29100652	0.9369
156.5458959	-0.29303791	0.93317
156.6447879	-0.29607801	0.92931
156.743805	-0.30010002	0.92557
156.8429473	-0.30501857	0.92219
156.9422151	-0.31071105	0.91934
157.0416087	-0.31702438	0.91719
157.1411282	-0.32377601	0.91584
157.2407739	-0.33077511	0.91535
157.3405461	-0.33782474	0.91574
157.440445	-0.34472445	0.91699
157.5404708	-0.35127702	0.91903
157.6406238	-0.35729924	0.92174
157.7409043	-0.36263351	0.92495
157.8413123	-0.36715714	0.92845
157.9418483	-0.37079127	0.93199
158.0425125	-0.37351096	0.93529
158.143305	-0.37536057	0.93804
158.2442262	-0.37646183	0.93994
158.3452763	-0.37701255	0.94071
158.4464555	-0.37729097	0.94011
158.5477641	-0.37763603	0.938
158.6492024	-0.37843148	0.93431
158.7507705	-0.38008306	0.92911
158.8524687	-0.38298295	0.92258
158.9542974	-0.38747523	0.91504
159.0562566	-0.39382263	0.9069
159.1583468	-0.40218313	0.89866
159.2605681	-0.41257948	0.89087
159.3629208	-0.42490348	0.88405
159.4654051	-0.43891639	0.87871
159.5680213	-0.45425791	0.87525
159.6707697	-0.47048593	0.87395
159.7736505	-0.4871086	0.87495
159.8766639	-0.50362089	0.87824
159.9798103	-0.51955153	0.88365
160.0830898	-0.53448955	0.89091
160.1865028	-0.5481195	0.89961
160.2900495	-0.56024475	0.90931
160.3937301	-0.57077791	0.91954
160.497545	-0.57976015	0.92981
160.6014943	-0.58734196	0.93972
160.7055784	-0.59376644	0.9489
160.8097974	-0.5993474	0.95712
160.9141517	-0.60443399	0.96423
161.0186416	-0.60939774	0.9702
161.1232672	-0.61459285	0.97513
161.2280289	-0.62033099	0.97921
161.3329269	-0.62685496	0.98274
161.4379615	-0.63431575	0.98607
161.543133	-0.64276664	0.98959
161.6484415	-0.65214493	0.99371
161.7538875	-0.66228069	0.99878
161.8594711	-0.67290719	1.00511
161.9651926	-0.68368229	1.01288
162.0710524	-0.69422914	1.02216
162.1770506	-0.70416414	1.03289
162.2831875	-0.71313571	1.04488
162.3894635	-0.72086011	1.05783
162.4958788	-0.72715746	1.07135
162.6024336	-0.73195544	1.08505
162.7091282	-0.73528675	1.09852
162.815963	-0.73729141	1.1114
162.9229381	-0.73818478	1.12342
163.030054	-0.73823255	1.13439
163.1373107	-0.73771415	1.14425
163.2447087	-0.73688481	1.15302
163.3522482	-0.73596119	1.16079
163.4599294	-0.73510637	1.1677
163.5677527	-0.73441702	1.17392
163.6757184	-0.73392681	1.1796
163.7838267	-0.7336305	1.18485
163.8920778	-0.73348654	1.18977
164.0004722	-0.73344081	1.19437
164.1090101	-0.73344802	1.19865
164.2176917	-0.73347262	1.20256
164.3265173	-0.7335092	1.20602
164.4354873	-0.73358154	1.20895
164.5446019	-0.73374619	1.21125
164.6538614	-0.7341016	1.21283
164.7632661	-0.73477216	1.21364
164.8728163	-0.73591381	1.21362
164.9825123	-0.73771923	1.21277
165.0923543	-0.74039477	1.21115
165.2023427	-0.74414701	1.20888
165.3124777	-0.74917452	1.20614
165.4227597	-0.755646	1.2032
165.533189	-0.76367129	1.2004
165.6437657	-0.77327167	1.19815
165.7544903	-0.78436993	1.19686
165.865363	-0.79677573	1.19697
165.9763842	-0.81017816	1.19885
166.087554	-0.82416559	1.20279
166.1988729	-0.83825238	1.20894
166.3103411	-0.85191633	1.21731
166.421959	-0.8646323	1.22775
166.5337267	-0.87591863	1.23994
166.6456447	-0.88538668	1.25341
166.7577132	-0.8927734	1.26759
166.8699325	-0.89796161	1.28184
166.982303	-0.90099367	1.2955
167.0948249	-0.90206919	1.30794
167.2074986	-0.90153273	1.3186
167.3203243	-0.8998453	1.32704
167.4333024	-0.89756345	1.33293
167.5464332	-0.89529952	1.33613
167.6597169	-0.8936828	1.33663
167.773154	-0.89333735	1.33459
167.8867446	-0.89483901	1.33033
168.0004892	-0.89868696	1.3243
168.114388	-0.90527421	1.31708
168.2284413	-0.91486234	1.30933
168.3426495	-0.92757389	1.30176
168.4570128	-0.94337474	1.29512
168.5715317	-0.96207435	1.29012
168.6862064	-0.98332864	1.28744
168.8010372	-1.00665138	1.28764
168.9160244	-1.03144149	1.29116
169.0311684	-1.05702204	1.29825
169.1464695	-1.08266921	1.30902
169.261928	-1.10765769	1.32334
169.3775442	-1.13130817	1.34093
169.4933185	-1.15303243	1.36129
169.6092512	-1.17237872	1.38381
169.7253425	-1.189051	1.40776
169.8415929	-1.20294077	1.43235
169.9580027	-1.21413603	1.45679
170.0745721	-1.2229209	1.48034
170.1913016	-1.2297456	1.5024
170.3081914	-1.23519665	1.5225
170.4252418	-1.23995876	1.54039
170.5424533	-1.24475082	1.55604
170.6598261	-1.25027504	1.56964
170.7773606	-1.25715484	1.58161
170.8950571	-1.26588041	1.59254
171.0129159	-1.27677657	1.60315
171.1309374	-1.28997907	1.61424
171.2491219	-1.30540463	1.62666
171.3674698	-1.32276183	1.64117
171.4859813	-1.34158228	1.65845
171.6046569	-1.36123017	1.67904
171.7234968	-1.3809585	1.70325
171.8425015	-1.39995537	1.73121
171.9616712	-1.41739617	1.76278
172.0810064	-1.43250248	1.79762
172.2005072	-1.44460034	1.83514
172.3201742	-1.45316329	1.87462
172.4400076	-1.45785299	1.91516
172.5600077	-1.45855207	1.95583
172.680175	-1.45535918	1.99568
172.8005098	-1.44859841	2.03381
172.9210124	-1.43879503	2.06946
173.0416832	-1.42662462	2.10206
173.1625226	-1.41286205	2.13125
173.2835308	-1.39832588	2.15691
173.4047083	-1.3838148	2.17916
173.5260553	-1.3700393	2.19835
173.6475723	-1.35757552	2.21498
173.7692597	-1.34684769	2.22966
173.8911177	-1.3380958	2.24309
174.0131467	-1.33137601	2.25593
174.1353471	-1.3266035	2.26877
174.2577193	-1.3235641	2.28214
174.3802635	-1.3219612	2.29639
174.5029803	-1.32146996	2.31177
174.6258699	-1.32175306	2.32841
174.7489327	-1.32251777	2.34629
174.8721691	-1.32352752	2.36538
174.9955794	-1.32461319	2.38555
175.119164	-1.32567849	2.40672
175.2429233	-1.32667944	2.4288
175.3668577	-1.32761516	2.45177
175.4909674	-1.32850549	2.47565
175.615253	-1.3293606	2.50056
175.7397147	-1.33015511	2.52665
175.864353	-1.33081896	2.55413
175.9891682	-1.33120078	2.58326
176.1141607	-1.33106175	2.61427
176.2393308	-1.33008418	2.64737
176.364679	-1.32785745	2.68273
176.4902057	-1.32390083	2.72039
176.6159111	-1.31768937	2.7603
176.7417958	-1.30867215	2.80226
176.86786	-1.29630492	2.84593
176.9941042	-1.28010104	2.89078
177.1205287	-1.2596602	2.93619
177.247134	-1.23468756	2.98139
177.3739204	-1.20504888	3.0255
177.5008883	-1.17077567	3.06763
177.6280381	-1.13206731	3.10685
177.7553703	-1.0893161	3.14225
177.8828851	-1.04307872	3.17304
178.0105829	-0.99406433	3.19849
178.1384643	-0.94312305	3.21805
178.2665295	-0.89119337	3.23135
178.394779	-0.83927787	3.23819
178.5232131	-0.78840725	3.23859
178.6518324	-0.73959912	3.23276
178.780637	-0.6938196	3.22112
178.9096276	-0.65194966	3.20425
179.0388044	-0.61476231	3.18289
179.1681679	-0.58289195	3.15791
179.2977184	-0.55682886	3.13025
179.4274565	-0.53690637	3.10094
179.5573824	-0.5232989	3.07101
179.6874966	-0.51603249	3.04151
179.8177996	-0.5149957	3.01345
179.9482917	-0.51994544	2.98784
180.0789732	-0.53050102	2.96564
180.2098448	-0.5461718	2.94773
180.3409067	-0.56634983	2.93498
180.4721593	-0.59029544	2.92817
180.6036032	-0.61715095	2.92799
180.7352387	-0.64593687	2.93503
180.8670662	-0.67554965	2.94974
180.9990861	-0.70479239	2.97236
181.131299	-0.73239648	3.00295
181.2637051	-0.75706357	3.04128
181.3963049	-0.77752411	3.08688
181.5290989	-0.79258158	3.139
181.6620874	-0.80119649	3.1966
181.795271	-0.80254138	3.25846
181.9286499	-0.79603344	3.32319
182.0622248	-0.78138232	3.3893
182.1959959	-0.75859298	3.45533
182.3299637	-0.72793876	3.5199
182.4641287	-0.68993332	3.58178
182.5984913	-0.64527117	3.63997
182.7330519	-0.59475488	3.69371
182.867811	-0.5392264	3.74249
183.002769	-0.47950286	3.78602
183.1379263	-0.41631847	3.8242
183.2732835	-0.35030444	3.85701
183.4088408	-0.28198224	3.88451
183.5445989	-0.21177048	3.90673
183.680558	-0.14003209	3.92364
183.8167188	-0.06711977	3.93514
183.9530815	0.00659033	3.94108
184.0896468	0.08064687	3.94123
184.2264149	0.15449399	3.9354
184.3633864	0.22747388	3.92345
184.5005618	0.29884904	3.90539
184.6379414	0.36782521	3.88135
184.7755257	0.43360859	3.85172
184.9133153	0.49547491	3.81705
185.0513105	0.55281261	3.77809
185.1895119	0.60517892	3.73572
185.3279198	0.65232246	3.69089
185.4665347	0.69419523	3.64457
185.6053572	0.73095203	3.59768
185.7443876	0.7629098	3.551
185.8836265	0.79051001	3.50519
186.0230743	0.81426653	3.4607
186.1627315	0.8347198	3.41785
186.3025985	0.85238577	3.37675
186.4426759	0.86772752	3.33745
186.582964	0.88113494	3.29985
186.7234634	0.89290588	3.26385
186.8641746	0.9032649	3.22932
187.005098	0.91236891	3.19616
187.1462342	0.92033171	3.16431
187.2875835	0.92725935	3.13378
187.4291465	0.93326586	3.10459
187.5709237	0.93849614	3.07683
187.7129155	0.94315315	3.05058
187.8551225	0.94749704	3.0259
187.9975451	0.95183783	3.00278
188.1401838	0.95651027	2.98112
188.2830392	0.96186363	2.96074
188.4261116	0.96821822	2.94129
188.5694016	0.97581865	2.92233
188.7129098	0.98480368	2.9033
188.8566365	0.99516609	2.88358
189.0005823	1.00674062	2.86254
189.1447477	1.0191845	2.83956
189.2891333	1.03200199	2.81417
189.4337394	1.0445664	2.78599
189.5785666	1.05615944	2.75489
189.7236155	1.06603372	2.72092
189.8688865	1.07346748	2.68439
190.0143801	1.07782508	2.64579
190.1600969	1.07861139	2.60582
190.3060373	1.07550668	2.56526
190.4522019	1.06838645	2.52499
190.5985912	1.05733243	2.48586
190.7452058	1.04261009	2.44867
190.892046	1.02465086	2.41411
191.0391125	1.0040028	2.3827
191.1864058	0.98129043	2.35482
191.3339264	0.95718294	2.33067
191.4816749	0.93234165	2.31027
191.6296517	0.90738856	2.29351
191.7778574	0.88288644	2.28015
191.9262925	0.85932301	2.26986
192.0749575	0.83709083	2.26221
192.2238531	0.81648489	2.25675
192.3729796	0.79769973	2.25297
192.5223378	0.78082738	2.25038
192.671928	0.76587153	2.24849
192.8217509	0.75273588	2.24682
192.971807	0.74123245	2.24496
193.1220968	0.73111055	2.24258
193.2726208	0.7220644	2.23941
193.4233798	0.71375306	2.2353
193.574374	0.70583863	2.2302
193.7256043	0.69799714	2.22413
193.877071	0.68993811	2.21721
194.0287747	0.68142355	2.20961
194.180716	0.67228051	2.20156
194.3328955	0.66240703	2.19329
194.4853137	0.65175015	2.18501
194.6379712	0.64030461	2.17694
194.7908685	0.62810217	2.16925
194.9440062	0.61520146	2.16211
195.0973849	0.60168127	2.15564
195.2510051	0.5876266	2.14995
195.4048675	0.57312771	2.14513
195.5589725	0.55829346	2.14129
195.7133208	0.54324703	2.13849
195.8679129	0.52813127	2.13682
196.0227494	0.51311405	2.13631
196.177831	0.49837704	2.13698
196.3331581	0.48411918	2.1388
196.4887314	0.47054469	2.14169
196.6445514	0.45783836	2.14549
196.8006187	0.44615749	2.15002
196.956934	0.43561784	2.15502
197.1134978	0.42627484	2.16022
197.2703107	0.41812675	2.16533
197.4273733	0.41109916	2.17005
197.5846862	0.40505817	2.17414
197.74225	0.39982338	2.17738
197.9000653	0.39518059	2.17963
198.0581327	0.39090761	2.1808
198.2164528	0.38677552	2.18084
198.3750262	0.38256488	2.17977
198.5338535	0.37808186	2.17764
198.6929354	0.37316257	2.17453
198.8522724	0.36766682	2.17051
199.0118652	0.36146874	2.16566
199.1717143	0.35445977	2.16006
199.3318205	0.34653082	2.15376
199.4921842	0.33756482	2.14683
199.6528062	0.32744233	2.13934
199.813687	0.3160375	2.13137
199.9748274	0.3032083	2.123
200.1362278	0.28880852	2.11437
200.297889	0.27270194	2.10563
200.4598116	0.25475156	2.09695
200.6219962	0.23482341	2.08854
200.7844434	0.21280454	2.08066
200.9471539	0.18860324	2.07358
201.1101283	0.16215074	2.06762
201.2733673	0.13339904	2.06311
201.4368715	0.10234504	2.06048
201.6006416	0.06904278	2.06015
201.7646782	0.03361497	2.06263
201.928982	-0.00371931	2.06843
202.0935535	-0.042638	2.07809
202.2583936	-0.08268429	2.09215
202.4235027	-0.12325965	2.11108
202.5888817	-0.16364198	2.13524
202.7545311	-0.2029851	2.16488
202.9204516	-0.2403526	2.20001
203.0866439	-0.27478071	2.24042
203.2531086	-0.30532502	2.28565
203.4198465	-0.33112478	2.33498
203.5868581	-0.35147805	2.38744
203.7541442	-0.36590385	2.44188
203.9217055	-0.37419006	2.49702
204.0895425	-0.37641152	2.55157
204.2576561	-0.37293068	2.60427
204.4260469	-0.36439043	2.654
204.5947155	-0.35165178	2.69989
204.7636627	-0.33573359	2.74131
204.9328891	-0.31774651	2.77796
205.1023955	-0.29879858	2.80986
205.2721826	-0.27993412	2.8373
205.4422509	-0.26205876	2.86087
205.6126013	-0.2458859	2.88132
205.7832345	-0.23192317	2.89954
205.9541511	-0.22044738	2.9165
206.1253518	-0.21150363	2.93317
206.2968374	-0.20492341	2.95047
206.4686086	-0.20034465	2.96923
206.6406661	-0.1972416	2.99014
206.8130105	-0.19496976	3.01372
206.9856427	-0.19278693	3.04035
207.1585633	-0.18988491	3.07019
207.3317731	-0.18544484	3.1032
207.5052728	-0.17865856	3.13917
207.6790631	-0.16877118	3.17766
207.8531448	-0.15512812	3.21807
208.0275185	-0.13720178	3.25964
208.2021851	-0.11461533	3.3015
208.3771452	-0.08718268	3.34265
208.5523996	-0.05492045	3.3821
208.727949	-0.01804284	3.41884
208.9037943	0.02303723	3.45194
209.0799361	0.06773384	3.48057
209.2563751	0.11530692	3.50404
209.4331122	0.16490691	3.52186
209.6101481	0.21561239	3.53371
209.7874836	0.26647263	3.5395
209.9651193	0.31655476	3.53932
210.1430562	0.36496846	3.53344
210.3212949	0.41090583	3.52231
210.4998362	0.45367564	3.50651
210.6786808	0.49270131	3.48669
210.8578297	0.52753541	3.46361
211.0372835	0.5578807	3.43806
211.217043	0.58356449	3.41081
211.3971089	0.60454043	3.38266
211.5774822	0.62088273	3.35434
211.7581635	0.63276561	3.32655
211.9391537	0.64045381	3.29991
212.1204536	0.64428795	3.27498
212.3020639	0.64466936	3.25222
212.4839854	0.64204008	3.23201
212.666219	0.63687391	3.21464
212.8487654	0.6296513	3.20029
213.0316255	0.62083516	3.18906
213.2148	0.61087339	3.181
213.3982898	0.60017773	3.17606
213.5820957	0.58911914	3.17419
213.7662186	0.57803029	3.17528
213.9506591	0.56721007	3.17925
214.1354182	0.55694921	3.18601
214.3204967	0.54752768	3.19546
214.5058953	0.53923884	3.20753
214.6916151	0.53240606	3.22211
214.8776566	0.52737798	3.23905
215.0640209	0.52450793	3.2581
215.2507088	0.52414249	3.27896
215.437721	0.52659842	3.30119
215.6250585	0.53211259	3.32425
215.812722	0.54080929	3.34751
216.0007125	0.55267485	3.3703
216.1890308	0.56754212	3.39194
216.3776778	0.58508993	3.41181
216.5666543	0.60486237	3.42939
216.7559611	0.62629217	3.4443
216.9455992	0.64875586	3.45637
217.1355694	0.67162922	3.4656
217.3258726	0.69433164	3.47218
217.5165097	0.71637489	3.47645
217.7074815	0.73739974	3.47887
217.8987889	0.75720264	3.47996
218.0904329	0.77573577	3.48023
218.2824142	0.79309364	3.48014
218.4747339	0.80947877	3.48003
218.6673927	0.82516562	3.48013
218.8603916	0.84045648	3.4805
219.0537315	0.85562542	3.48106
219.2474133	0.8708752	3.4816
219.4414379	0.88629363	3.48182
219.6358063	0.90184635	3.48142
219.8305192	0.91737013	3.48009
220.0255777	0.9325837	3.47763
220.2209826	0.94712529	3.47395
220.416735	0.96059736	3.46914
220.6128356	0.97263263	3.46346
220.8092855	0.98293358	3.4573
221.0060856	0.99132896	3.45121
221.2032368	0.99781128	3.44577
221.40074	1.00253942	3.44157
221.5985962	1.0058267	3.43911
221.7968064	1.00811526	3.43879
221.9953715	1.00992793	3.44081
222.1942925	1.01180379	3.4452
222.3935702	1.01424344	3.4518
222.5932057	1.01765249	3.46031
222.7932	1.02231414	3.47035
222.9935539	1.02837253	3.4815
223.1942686	1.03584089	3.49339
223.3953449	1.04463933	3.50574
223.5967838	1.05463382	3.51838
223.7985863	1.06568732	3.53128
224.0007534	1.07772106	3.54453
224.2032861	1.09074936	3.55827
224.4061854	1.10488296	3.57264
224.6094522	1.12034279	3.58777
224.8130876	1.13743081	3.60364
225.0170926	1.15647998	3.62012
225.2214682	1.17780698	3.6369
225.4262153	1.20165234	3.65354
225.6313351	1.22813564	3.66948
225.8368285	1.25722556	3.68412
226.0426965	1.28872454	3.69685
226.2489402	1.32227994	3.70716
226.4555606	1.35742712	3.71467
226.6625588	1.39363012	3.71916
226.8699357	1.43032859	3.72059
227.0776924	1.46700956	3.71913
227.28583	1.50325469	3.71506
227.4943495	1.53876967	3.70878
227.703252	1.57340601	3.70071
227.9125384	1.60715546	3.69126
228.12221	1.64013508	3.68076
228.3322676	1.6725491	3.66942
228.5427125	1.7046456	3.65731
228.7535457	1.73667124	3.64435
228.9647682	1.76881283	3.6303
229.1763811	1.80115435	3.61483
229.3883855	1.83366032	3.59755
229.6007826	1.86614664	3.57803
229.8135733	1.89828008	3.55591
230.0267589	1.92960461	3.53092
230.2403403	1.95956463	3.50293
230.4543187	1.9875537	3.472
230.6686952	2.01296562	3.43837
230.8834709	2.03524741	3.40248
231.098647	2.05394604	3.36492
231.3142245	2.0687519	3.32643
231.5302045	2.07952797	3.28781
231.7465883	2.08632131	3.2499
231.9633769	2.08936741	3.2135
232.1805715	2.08906901	3.17932
232.3981732	2.08595933	3.14793
232.6161831	2.08067528	3.11977
232.8346025	2.07391144	3.09507
233.0534324	2.06638005	3.07392
233.2726741	2.05877853	3.05621
233.4923286	2.05174139	3.04168
233.7123972	2.04582131	3.02995
233.932881	2.04147778	3.02054
234.1537812	2.03904875	3.01286
234.375099	2.03873493	3.00629
234.5968356	2.04061366	3.0002
234.8189921	2.04462438	2.99393
235.0415697	2.05056639	2.98688
235.2645698	2.05811962	2.97851
235.4879933	2.06683957	2.96835
235.7118417	2.07618783	2.9561
235.936116	2.0855658	2.94158
236.1608174	2.09433449	2.92479
236.3859474	2.10186175	2.90592
236.6115069	2.10756945	2.88535
236.8374973	2.1109853	2.86364
237.0639198	2.11177568	2.84147
237.2907757	2.10979084	2.81966
237.5180661	2.105086	2.79903
237.7457924	2.09792786	2.78042
237.9739558	2.08879	2.76455
238.2025575	2.07832498	2.75202
238.4315989	2.06731907	2.74319
238.6610812	2.05662523	2.7382
238.8910056	2.04712002	2.73695
239.1213734	2.03961687	2.73904
239.352186	2.03480317	2.7439
239.5834446	2.03321233	2.75078
239.8151505	2.03517034	2.7588
240.047305	2.04078443	2.76707
240.2799095	2.0499546	2.77472
240.5129651	2.06240401	2.781
240.7464733	2.07771619	2.78527
240.9804353	2.0953725	2.78707
241.2148526	2.11481796	2.78613
241.4497263	2.13550047	2.78232
241.6850579	2.15691214	2.77568
241.9208486	2.17861868	2.76633
242.1570999	2.20027321	2.75448
242.3938131	2.22161649	2.74034
242.6309895	2.24246603	2.72414
242.8686305	2.26270797	2.70607
243.1067375	2.28226555	2.68627
243.3453118	2.30108372	2.66485
243.5843548	2.31910926	2.64186
243.8238679	2.3362632	2.61732
244.0638525	2.35244771	2.59127
244.30431	2.36754476	2.56373
244.5452417	2.38141489	2.53476
244.7866491	2.39390832	2.50444
245.0285337	2.4048788	2.47291
245.2708967	2.41420086	2.44034
245.5137396	2.42178471	2.40695
245.7570639	2.42759017	2.37297
246.000871	2.43162504	2.33863
246.2451624	2.43394752	2.30415
246.4899393	2.43465999	2.26971
246.7352035	2.4339008	2.23545
246.9809561	2.43181597	2.20142
247.2271989	2.42855356	2.16766
247.4739331	2.42424642	2.1341
247.7211603	2.41898412	2.10065
247.9688819	2.41280985	2.06717
248.2170995	2.40569851	2.0335
248.4658146	2.39756982	1.99952
248.7150285	2.38828869	1.9651
248.9647429	2.37765866	1.93017
249.2149592	2.36544987	1.89474
249.465679	2.3514188	1.85889
249.7169038	2.33532108	1.82278
249.968635	2.31693941	1.78667
250.2208743	2.29611048	1.75089
250.4736232	2.27273427	1.71582
250.7268832	2.24678578	1.68189
250.9806558	2.21833992	1.64957
251.2349427	2.18756665	1.61929
251.4897454	2.15472762	1.59148
251.7450655	2.12018058	1.5665
252.0009045	2.08434665	1.54461
252.257264	2.04770245	1.52601
252.5141456	2.0107615	1.51076
252.771551	1.97405005	1.49883
253.0294817	1.9380772	1.49003
253.2879393	1.90330104	1.48408
253.5469255	1.87012151	1.4806
253.8064418	1.83884731	1.4791
254.0664899	1.80967243	1.47904
254.3270714	1.78267261	1.47985
254.5881881	1.75779488	1.48095
254.8498414	1.73485544	1.4818
255.1120332	1.71355509	1.48194
255.3747649	1.69351201	1.48103
255.6380384	1.67427691	1.47882
255.9018553	1.65536541	1.47524
256.1662173	1.6363106	1.47036
256.431126	1.61669758	1.46439
256.6965832	1.5961845	1.45763
256.9625906	1.57453407	1.4505
257.2291499	1.55164166	1.44345
257.4962627	1.52752464	1.43692
257.7639309	1.50232158	1.43133
258.0321562	1.47627211	1.427
258.3009402	1.44969164	1.42417
258.5702848	1.42293828	1.42293
258.8401917	1.39637325	1.42326
259.1106627	1.37032653	1.425
259.3816995	1.34506937	1.42791
259.653304	1.32078422	1.43164
259.9254778	1.29755475	1.43584
260.1982229	1.27536888	1.44012
260.4715409	1.25410288	1.44411
260.7454337	1.23354721	1.44752
261.0199032	1.2134241	1.45011
261.2949511	1.19340528	1.45175
261.5705793	1.17314207	1.4524
261.8467895	1.152285	1.45212
262.1235838	1.13050569	1.45106
262.4009638	1.10751309	1.44945
262.6789315	1.08306696	1.44759
262.9574888	1.05699957	1.44585
263.2366374	1.02921147	1.4446
263.5163794	0.99967672	1.44427
263.7967166	0.96845887	1.44528
264.0776509	0.9356894	1.44802
264.3591841	0.90156356	1.45288
264.6413183	0.86628485	1.46017
264.9240554	0.82962654	1.47018
265.2068299	0.79683006	1.48309
265.4907773	0.76011303	1.499
265.7753333	0.72473512	1.51793
266.0605	0.69058511	1.53979
266.3462793	0.65801951	1.56439
266.6326731	0.62740591	1.59143
266.9196835	0.59906165	1.62055
267.2073125	0.57323688	1.65132
267.495562	0.55009399	1.68326
267.7844341	0.52969113	1.71586
268.0739308	0.51198821	1.74864
268.3640541	0.49685139	1.78113
268.6548061	0.4840568	1.81293
268.9461887	0.47332077	1.84373
269.2382041	0.46431362	1.87329
269.5308543	0.45668846	1.9015
269.8241415	0.45010709	1.92832
270.1180675	0.44426596	1.95383
270.4126347	0.43891831	1.97815
270.707845	0.43388776	2.00147
271.0037005	0.42908014	2.02397
271.3002035	0.42446468	2.0458
271.597356	0.42006365	2.06707
271.8951601	0.4159256	2.0878
272.193618	0.41209237	2.10794
272.4927319	0.40856528	2.12735
272.7925039	0.40527531	2.14585
273.0929361	0.40206401	2.16323
273.3940309	0.39867293	2.17931
273.6957903	0.39473983	2.19396
273.9982166	0.38983117	2.20721
274.3013119	0.38347473	2.2192
274.6050786	0.37520412	2.23029
274.9095188	0.36461653	2.24099
275.2146349	0.35142417	2.25201
275.5204289	0.33551292	2.26418
275.8269032	0.31698526	2.27843
276.1340601	0.29617896	2.29567
276.4419019	0.27367625	2.31678
276.7504308	0.25029885	2.34247
277.0596492	0.22705105	2.37321
277.3695593	0.20506622	2.4092
277.6801635	0.18553363	2.45029
277.9914641	0.16960499	2.49598
278.3034635	0.15829539	2.54541
278.616164	0.15238725	2.59743
278.9295681	0.15236121	2.65068
279.2436779	0.15834791	2.70369
279.5584961	0.17010928	2.755
279.8740248	0.18705331	2.80328
280.1902667	0.20828476	2.84745
280.507224	0.23269718	2.88678
280.8248992	0.25906644	2.9209
281.1432948	0.28617465	2.94989
281.4624132	0.31291716	2.97415
281.7822568	0.33839282	2.99443
282.1028282	0.36198543	3.01166
282.4241298	0.38337881	3.02685
282.7461642	0.40255467	3.04099
283.0689338	0.4197609	3.05494
283.3924411	0.43544373	3.06934
283.7166888	0.45016089	3.08457
284.0416793	0.46449117	3.10074
284.3674151	0.47895657	3.11773
284.693899	0.49395297	3.13522
285.0211333	0.50970858	3.1528
285.3491208	0.52628397	3.17004
285.6778641	0.54356881	3.18653
286.0073656	0.56133043	3.20203
286.3376282	0.57927762	3.21642
286.6686543	0.59710198	3.22975
287.0004468	0.61454816	3.24224
287.3330081	0.63146986	3.25422
287.6663411	0.64784243	3.26605
288.0004483	0.6637827	3.27813
288.3353326	0.67954321	3.29076
288.6709965	0.6954729	3.30414
289.0074429	0.71197263	3.3183
289.3446744	0.72944404	3.33313
289.6826939	0.74825265	3.34837
290.0215041	0.7686783	3.36362
290.3611077	0.79087933	3.3784
290.7015076	0.8148816	3.3922
291.0427066	0.84059204	3.40454
291.3847074	0.86779808	3.41495
291.7275129	0.89619326	3.42309
292.071126	0.92542034	3.4287
292.4155495	0.95509105	3.43163
292.7607863	0.98481657	3.43183
293.1068392	1.01423992	3.42935
293.4537112	1.04304313	3.42427
293.8014052	1.07094936	3.41673
294.1499241	1.09773099	3.40688
294.4992708	1.12319983	3.39487
294.8494483	1.14718576	3.38082
295.2004595	1.1695319	3.36487
295.5523075	1.19009098	3.34713
295.9049952	1.20870896	3.32771
296.2585257	1.22521382	3.30671
296.6129019	1.23942311	3.28428
296.9681269	1.25114738	3.26057
297.3242038	1.26019006	3.23579
297.6811357	1.26636976	3.2102
298.0389255	1.26953434	3.18411
298.3975764	1.26956597	3.15786
298.7570916	1.26639632	3.13185
299.1174741	1.26003279	3.10651
299.4787271	1.25055527	3.08225
299.8408537	1.23811678	3.05948
300.2038571	1.22293299	3.03854
300.5677406	1.20527937	3.01975
300.9325073	1.18546386	3.00329
301.2981604	1.1637894	2.98929
301.6647032	1.14054451	2.97779
302.0321389	1.11597129	2.96876
302.4004707	1.09024534	2.96213
302.7697021	1.06346897	2.95783
303.1398362	1.0356816	2.95583
303.5108764	1.00687075	2.95615
303.882826	0.97699975	2.95892
304.2556883	0.94604924	2.96437
304.6294668	0.91404819	2.97283
305.0041648	0.8811203	2.98474
305.3797857	0.84751822	3.00058
305.7563329	0.81363963	3.02085
306.1338099	0.78004607	3.04602
306.51222	0.74746182	3.07646
306.8915668	0.71674164	3.11237
307.2718538	0.6888444	3.15378
307.6530844	0.66478658	3.20045
308.0352621	0.64557661	3.25189
308.4183905	0.63215587	3.30733
308.8024732	0.62532736	3.36574
309.1875137	0.62569665	3.42587
309.5735156	0.63361142	3.48628
309.9604825	0.6491261	3.54545
310.348418	0.67197303	3.6018
310.7373258	0.70154642	3.65383
311.1272095	0.73692875	3.7002
311.5180729	0.77694132	3.73983
311.9099195	0.82019541	3.77192
312.3027531	0.86517012	3.79607
312.6965776	0.91031383	3.81226
313.0913965	0.95413072	3.82086
313.4872137	0.99527493	3.8226
313.8840329	1.03262288	3.81849
314.281858	1.06532754	3.80976
314.6806929	1.09285115	3.79775
315.0805413	1.11496554	3.78382
315.4814071	1.13172974	3.76926
315.8832943	1.14344547	3.75522
316.2862066	1.15060423	3.74267
316.6901481	1.15382399	3.73236
317.0951228	1.15379149	3.72484
317.5011344	1.15120863	3.72045
317.9081872	1.14675987	3.71939
318.316285	1.14107862	3.72169
318.7254319	1.13473834	3.72733
319.1356319	1.12825919	3.73619
319.5468892	1.12209055	3.7481
319.9592077	1.1166346	3.76289
320.3725917	1.11224927	3.78033
320.7870453	1.10924878	3.8002
321.2025725	1.10792337	3.82226
321.6191777	1.10853451	3.84624
322.0368649	1.11131123	3.87185
322.4556385	1.11645036	3.89878
322.8755026	1.12412267	3.92671
323.2964615	1.13446286	3.95527
323.7185196	1.14755057	3.98407
324.141681	1.16342079	4.01273
324.5659503	1.18205541	4.04083
324.9913316	1.20336539	4.06796
325.4178294	1.22719944	4.09374
325.8454481	1.25335567	4.11783
326.2741921	1.28158179	4.13992
326.7040659	1.31158868	4.15978
327.1350739	1.34306754	4.17723
327.5672206	1.37570289	4.19217
328.0005106	1.40920199	4.20457
328.4349483	1.44329075	4.21441
328.8705385	1.47772759	4.22175
329.3072855	1.51231333	4.22663
329.7451941	1.54687478	4.2291
330.184269	1.58126129	4.22919
330.6245147	1.61532987	4.22691
331.0659359	1.64894163	4.22226
331.5085374	1.681941	4.21519
331.952324	1.71414189	4.20566
332.3973003	1.74532789	4.19362
332.8434711	1.77523984	4.17903
333.2908414	1.80357881	4.16189
333.7394159	1.83001001	4.14224
334.1891995	1.8541752	4.1202
334.640197	1.87571094	4.09596
335.0924135	1.89426586	4.0698
335.5458539	1.90951411	4.04207
336.000523	1.92118886	4.01324
336.4564261	1.92910393	3.98381
336.9135679	1.9331498	3.95433
337.3719537	1.93332151	3.9254
337.8315886	1.92971454	3.89758
338.2924775	1.9225223	3.87144
338.7546257	1.91203436	3.84747
339.2180383	1.89860754	3.82609
339.6827205	1.88266057	3.80765
340.1486776	1.86464314	3.79237
340.6159148	1.84501581	3.78041
341.0844374	1.8242424	3.77182
341.5542507	1.80275401	3.76655
342.02536	1.78093787	3.7645
342.4977707	1.75913393	3.76551
342.9714882	1.73762894	3.76939
343.446518	1.71664707	3.77591
343.9228655	1.69635179	3.78486
344.4005361	1.67685993	3.79604
344.8795355	1.65825566	3.80929
345.3598691	1.64059785	3.82446
345.8415425	1.62392785	3.84145
346.3245615	1.60829398	3.8602
346.8089315	1.5937555	3.88066
347.2946583	1.58039513	3.90282
347.7817475	1.56832441	3.92665
348.2702051	1.55767642	3.95212
348.7600366	1.5486087	3.97918
349.2512479	1.54130573	4.00776
349.7438449	1.53595656	4.03771
350.2378333	1.53274411	4.06887
350.7332192	1.53184233	4.10101
351.2300085	1.5333947	4.13386
351.7282071	1.53750634	4.16711
352.227821	1.54423992	4.20043
352.7288563	1.5536099	4.23346
353.2313191	1.56557307	4.26583
353.7352154	1.58003188	4.29718
354.2405514	1.59684038	4.32716
354.7473333	1.61579696	4.35542
355.2555673	1.63663869	4.38164
355.7652597	1.65905351	4.40555
356.2764167	1.68268187	4.42691
356.7890446	1.70711308	4.44554
357.3031499	1.73189694	4.46134
357.8187388	1.75656599	4.47431
358.3358179	1.78065018	4.48453
358.8543936	1.80369328	4.49219
359.3744725	1.82528134	4.49758
359.896061	1.84506646	4.50108
360.4191657	1.86279087	4.50314
360.9437933	1.87828519	4.50422
361.4699504	1.89147927	4.50483
361.9976438	1.90240281	4.50543
362.5268801	1.91116267	4.50645
363.0576662	1.91793395	4.50826
363.5900088	1.92294063	4.51116
364.1239148	1.92643379	4.51537
364.6593912	1.92866316	4.52103
365.1964448	1.92987888	4.52826
365.7350826	1.93032168	4.53709
366.2753117	1.93019995	4.54752
366.8171391	1.92968988	4.55952
367.3605719	1.92894842	4.57307
367.9056172	1.92810123	4.58809
368.4522823	1.92723222	4.60453
369.0005744	1.92640977	4.62236
369.5505007	1.92568124	4.64154
370.1020687	1.92507297	4.66207
370.6552855	1.92461314	4.68399
371.2101587	1.92433971	4.70736
371.7666957	1.92431944	4.73229
372.3249039	1.92465208	4.75887
372.884791	1.92546658	4.78721
373.4463645	1.92694312	4.81742
374.009632	1.92929101	4.84953
374.5746012	1.93272522	4.88355
375.1412799	1.93747737	4.91946
375.7096758	1.94376645	4.95715
376.2797967	1.95177541	4.9965
376.8516505	1.96166836	5.03739
377.4252451	1.97358238	5.07967
378.0005884	1.98763933	5.12324
378.5776885	2.00397023	5.168
379.1565535	2.02271667	5.21386
379.7371914	2.04406085	5.26076
380.3196104	2.06822562	5.30857
380.9038187	2.09546988	5.35714
381.4898246	2.12607305	5.40619
382.0776364	2.16029621	5.45535
382.6672623	2.19836125	5.50413
383.258711	2.24039205	5.55189
383.8519907	2.28638132	5.59794
384.4471101	2.33616135	5.6415
385.0440776	2.38937231	5.68181
385.642902	2.44546591	5.71817
386.2435919	2.50371445	5.75001
386.846156	2.56325428	5.77697
387.4506031	2.62313034	5.7989
388.0569421	2.68235576	5.81594
388.6651818	2.73998524	5.82849
389.2753312	2.79518121	5.83722
389.8873994	2.84727491	5.84301
390.5013953	2.89582378	5.84693
391.1173281	2.94063739	5.85011
391.735207	2.98180069	5.85375
392.3550411	3.01967765	5.85895
392.9768399	3.05487166	5.86668
393.6006127	3.08818887	5.8777
394.2263688	3.12057152	5.8925
394.8541178	3.15302677	5.91129
395.4838692	3.18654577	5.93397
396.1156326	3.22202338	5.96018
396.7494176	3.26019438	5.98934
397.385234	3.30159629	6.02075
398.0230915	3.34654676	6.05363
398.663	3.39514654	6.08725
399.3049694	3.44732366	6.12099
399.9490097	3.50288423	6.15439
400.5951309	3.56158538	6.1872
401.243343	3.62321452	6.21936
401.8936564	3.68765546	6.25097
402.5460812	3.75494432	6.28223
403.2006276	3.82529179	6.31334
403.8573062	3.8990813	6.34444
404.5161272	3.97685116	6.37552
405.1771013	4.0592275	6.40632
405.840239	4.14686287	6.43636
406.5055508	4.24035825	6.46484
407.1730476	4.34016553	6.49071
407.8427401	4.44652684	6.51271
408.5146392	4.55941613	6.52942
409.1887558	4.67849054	6.53934
409.8651008	4.80307045	6.541
410.5436854	4.93216072	6.53307
411.2245207	5.06447495	6.5144
411.9076179	5.19848213	6.48415
412.5929884	5.33247998	6.44182
413.2806433	5.46468409	6.38733
413.9705943	5.59332339	6.32099
414.6628528	5.71672455	6.24351
415.3574305	5.83340305	6.15596
416.0543389	5.9421522	6.05972
416.7535899	6.04208877	5.95633
417.4551953	6.13268428	5.84746
418.1591669	6.21376516	5.73472
418.8655169	6.28547552	5.61962
419.5742572	6.34821508	5.50342
420.2854	6.40254495	5.38712
420.9989576	6.44910395	5.27143
421.7149422	6.48851617	5.15678
422.4333663	6.52129841	5.04336
423.1542423	6.54781458	4.93126
423.8775829	6.56826565	4.82052
424.6034007	6.58270054	4.71125
425.3317084	6.59107597	4.60371
426.0625189	6.59332637	4.49833
426.7958451	6.58944496	4.39574
427.5317	6.57955898	4.29671
428.2700967	6.56398686	4.20211
429.0110484	6.54327904	4.11281
429.7545685	6.51820186	4.02955
430.5006701	6.48969744	3.9529
431.249367	6.45882816	3.88317
432.0006725	6.42669674	3.82039
432.7546003	6.39436275	3.7643
433.5111643	6.36276634	3.7144
434.2703783	6.33268301	3.67002
435.0322561	6.30468666	3.63036
435.796812	6.27914922	3.59462
436.5640599	6.25626859	3.56202
437.3340141	6.23609496	3.53186
438.106689	6.21857688	3.50355
438.8820991	6.20360847	3.47661
439.6602589	6.19106864	3.45065
440.4411829	6.18082755	3.42531
441.2248861	6.17276069	3.4003
442.0113832	6.16674706	3.3753
442.8006893	6.16264095	3.34999
443.5928193	6.16026179	3.32404
444.3877885	6.15936469	3.2971
445.1856122	6.15963715	3.26888
445.9863058	6.16069648	3.23911
446.7898847	6.16208963	3.20763
447.5963646	6.16333332	3.17441
448.4057613	6.16393478	3.13953
449.2180906	6.16343463	3.10325
450.0333684	6.16145514	3.06594
450.8516109	6.15772003	3.02807
451.6728342	6.15208618	2.99019
452.4970547	6.14455911	2.95286
453.3242888	6.13529545	2.91662
454.1545531	6.12457333	2.88189
454.9878642	6.11276535	2.84901
455.824239	6.10029647	2.81813
456.6636943	6.08758975	2.78928
457.5062472	6.07503133	2.76234
458.351915	6.06292533	2.73709
459.2007148	6.0514803	2.71327
460.0526642	6.04081627	2.69062
460.9077807	6.03097028	2.6689
461.7660819	6.02193029	2.64797
462.6275858	6.01368845	2.62777
463.4923103	6.00627565	2.6083
464.3602734	5.99978242	2.58958
465.2314934	5.99437784	2.57163
466.1059887	5.99029844	2.55437
466.9837778	5.98780387	2.5376
467.8648792	5.98713331	2.52098
468.7493119	5.98844974	2.50402
469.6370947	5.99177224	2.4861
470.5282467	5.99694323	2.46658
471.4227871	6.00361234	2.44482
472.3207352	6.01124711	2.42032
473.2221107	6.01918762	2.39276
474.1269331	6.02669964	2.36204
475.0352222	6.03305568	2.32833
475.9469981	6.03761844	2.29202
476.8622808	6.03989808	2.25367
477.7810906	6.03957964	2.21392
478.7034479	6.03653573	2.17345
479.6293733	6.03080714	2.13286
480.5588876	6.02256047	2.09266
481.4920117	6.01203419	2.0532
482.4287665	5.99947794	2.01471
483.3691735	5.98511571	1.97732
484.3132539	5.96913008	1.94112
485.2610294	5.95165694	1.90617
486.2125216	5.932797	1.87257
487.1677525	5.91265228	1.84047
488.1267441	5.8913626	1.81007
489.0895187	5.86913095	1.78158
490.0560988	5.84623178	1.75519
491.0265069	5.82301626	1.73104
492.0007659	5.79988555	1.70914
492.9788986	5.77724786	1.68938
493.9609283	5.75548773	1.67152
494.9468782	5.73491519	1.65517
495.936772	5.71571904	1.63985
496.9306333	5.69794893	1.62504
497.9284859	5.68151321	1.61023
498.9303541	5.66618076	1.59495
499.9362621	5.65159157	1.57883
500.9462343	5.63729771	1.56166
501.9602955	5.62281029	1.54339
502.9784706	5.60763585	1.52414
504.0007846	5.59133285	1.50423
505.0272627	5.57355982	1.48412
506.0579306	5.55411935	1.46442
507.0928139	5.53300045	1.44581
508.1319385	5.51040532	1.429
509.1753306	5.48674652	1.41461
510.2230165	5.46263783	1.40316
511.2750227	5.43885518	1.39491
512.331376	5.41625846	1.38985
513.3921035	5.3957086	1.38763
514.4572324	5.37795605	1.38756
515.52679	5.36352911	1.38865
516.6008042	5.35265594	1.38973
517.6793027	5.34520033	1.38951
518.7623138	5.3406267	1.38677
519.8498658	5.33803924	1.38052
520.9419874	5.33625808	1.37012
522.0387074	5.3339399	1.35541
523.1400549	5.32973392	1.33675
524.2460592	5.32243981	1.31501
525.35675	5.31117064	1.29152
526.4721571	5.29548162	1.2679
527.5923106	5.27543935	1.24589
528.7172409	5.25164187	1.22715
529.8469786	5.22516663	1.21304
530.9815546	5.19746373	1.20447
532.121	5.17018608	1.20173
533.2653462	5.14501182	1.20452
534.414625	5.12344306	1.21186
535.5688683	5.10662156	1.2223
536.7281082	5.09520216	1.234
537.8923774	5.08925927	1.24498
539.0617087	5.08828486	1.25334
540.2361351	5.09123529	1.25745
541.41569	5.09665322	1.25618
542.600407	5.10283189	1.24897
543.7903202	5.10800699	1.23594
544.9854637	5.1105517	1.21781
546.1858722	5.10914164	1.19585
547.3915806	5.10289981	1.17172
548.6026239	5.09146725	1.14726
549.8190377	5.0750227	1.12433
551.0408578	5.05425382	1.1046
552.2681203	5.03026613	1.08939
553.5008616	5.00445903	1.07956
554.7391186	4.97837919	1.07544
555.9829283	4.95357003	1.07683
557.2323281	4.9314292	1.08303
558.4873559	4.9130931	1.09294
559.7480497	4.89933697	1.10513
561.014448	4.89051781	1.11803
562.2865896	4.88656427	1.13003
563.5645136	4.88698098	1.13962
564.8482597	4.89089501	1.14553
566.1378676	4.89714678	1.14685
567.4333776	4.90439279	1.14307
568.7348303	4.91121517	1.13414
570.0422667	4.91625396	1.12048
571.3557281	4.9183208	1.10291
572.6752564	4.91649903	1.08261
574.0008935	4.9102307	1.061
575.3326821	4.89936198	1.03961
576.6706651	4.88414876	1.01994
578.0148858	4.86523695	1.00335
579.3653879	4.8435961	0.9909
580.7222155	4.82043668	0.98332
582.0854131	4.79710244	0.98088
583.4550259	4.77494735	0.98343
584.8310991	4.75522175	0.99037
586.2136785	4.73895329	1.00073
587.6028104	4.72686849	1.01327
588.9985416	4.71933647	1.02657
590.400919	4.71633087	1.03915
591.8099905	4.71743463	1.04962
593.2258038	4.72188951	1.0568
594.6484077	4.72866357	1.0598
596.077851	4.73653998	1.05811
597.5141831	4.74423115	1.05164
598.9574541	4.75049217	1.04071
600.4077143	4.75421978	1.02601
601.8650146	4.75455013	1.00856
603.3294063	4.75092107	0.98957
604.8009415	4.74311212	0.97039
606.2796724	4.7312611	0.95235
607.765652	4.71583447	0.93667
609.2589337	4.69758458	0.92437
610.7595714	4.6774907	0.9162
612.2676198	4.6566789	0.91257
613.7831337	4.63633533	0.91354
615.3061687	4.61761189	0.91879
616.8367811	4.60153336	0.92767
618.3750274	4.58892285	0.93924
619.920965	4.58033742	0.95234
621.4746516	4.57600542	0.96565
623.0361457	4.57580701	0.97786
624.6055063	4.57929148	0.98773
626.1827929	4.58569827	0.9942
627.7680658	4.59401155	0.99649
629.3613858	4.60305721	0.9942
630.9628142	4.61160472	0.9873
632.5724133	4.61846287	0.97616
634.1902455	4.6225944	0.96153
635.8163744	4.62320373	0.94444
637.4508638	4.61980287	0.92614
639.0937784	4.61225067	0.90796
640.7451835	4.60075763	0.89122
642.4051451	4.58586315	0.8771
644.0737299	4.56838099	0.86656
645.7510052	4.54934047	0.86028
647.4370392	4.52989793	0.85857
649.1319005	4.51124362	0.86139
650.8356588	4.49449718	0.8683
652.5483842	4.4806303	0.87859
654.2701478	4.4703948	0.89123
656.0010212	4.46424645	0.90502
657.7410769	4.4623182	0.91866
659.4903883	4.4643985	0.93085
661.2490293	4.46995533	0.94043
663.0170749	4.47817308	0.94642
664.7946005	4.48801239	0.94816
666.5816828	4.49831222	0.94535
668.3783989	4.50788425	0.93806
670.184827	4.51561328	0.92674
672.0010461	4.52054978	0.91216
673.8271359	4.52199312	0.89537
675.6631771	4.51954863	0.87757
677.5092514	4.5131514	0.86003
679.3654411	4.50306252	0.84396
681.2318297	4.4898405	0.83044
683.1085014	4.47428978	0.82031
684.9955414	4.45739503	0.81414
686.893036	4.44024061	0.81215
688.8010722	4.42391328	0.81422
690.7197382	4.40942986	0.81992
692.6491229	4.39765516	0.8285
694.5893165	4.3892244	0.83898
696.5404101	4.38450471	0.85023
698.5024958	4.38355065	0.86101
700.4756667	4.38609047	0.87013
702.460017	4.3915481	0.87651
704.455642	4.39908842	0.87931
706.4626382	4.4076813	0.87796
708.4811029	4.41618453	0.87226
710.5111347	4.42343909	0.86236
712.5528333	4.42836804	0.8488
714.6062997	4.43008167	0.83244
716.6716358	4.42794678	0.81438
718.7489449	4.42164435	0.79589
720.8383314	4.41119427	0.77827
722.9399009	4.39694822	0.76277
725.0537602	4.37955912	0.75047
727.1800176	4.35992905	0.74222
729.3187824	4.33913881	0.73855
731.4701652	4.31835422	0.73964
733.6342781	4.298744	0.74533
735.8112344	4.2813973	0.75511
738.0011488	4.26723746	0.76816
740.2041373	4.25695099	0.78341
742.4203174	4.25093632	0.79962
744.6498078	4.24925422	0.81544
746.8927289	4.25162875	0.82959
749.1492024	4.25745885	0.84086
751.4193515	4.26584034	0.84829
753.7033009	4.27565397	0.85125
756.0011768	4.28565623	0.84948
758.313107	4.29457895	0.84313
760.6392209	4.30124229	0.83276
762.9796492	4.30466832	0.8193
765.3345247	4.3041625	0.80394
767.7039814	4.29938662	0.78808
770.0881553	4.29039095	0.77313
772.4871838	4.27758928	0.76042
774.9012063	4.26173214	0.7511
777.3303636	4.24383489	0.746
779.7747987	4.22507495	0.74559
782.2346562	4.20669971	0.74996
784.7100823	4.18992112	0.75879
787.2012254	4.17580802	0.7714
789.7082357	4.16521327	0.78683
792.2312652	4.15870737	0.80388
794.7704679	4.15653249	0.82124
797.326	4.15858964	0.83757
799.8980194	4.16443415	0.8516
802.4866861	4.17331713	0.86227
805.0921623	4.18423918	0.86876
807.7146124	4.1960271	0.87062
810.3542026	4.20742235	0.86775
813.0111016	4.21718764	0.8605
815.6854803	4.22423003	0.84959
818.3775116	4.22768468	0.83606
821.0873709	4.22699304	0.8212
823.8152359	4.22197743	0.80646
826.5612867	4.21284906	0.79324
829.3257057	4.20018529	0.78285
832.1086779	4.1848943	0.77634
834.9103906	4.16812248	0.77441
837.7310338	4.15115328	0.77736
840.5708	4.13528528	0.78504
843.4298844	4.12171995	0.79691
846.3084846	4.11146101	0.81205
849.2068014	4.10521699	0.82926
852.1250378	4.10335421	0.84719
855.0634	4.10586556	0.86441
858.0220969	4.11236555	0.87957
861.0013403	4.12213666	0.89151
864.0013449	4.13418389	0.89933
867.0223287	4.14731525	0.9025
870.0645123	4.16025498	0.9009
873.1281197	4.17174141	0.8948
876.2133781	4.18063437	0.88489
879.3205177	4.18602783	0.8722
882.4497722	4.18732114	0.858
885.6013786	4.18427979	0.84373
888.7755771	4.17706709	0.83084
891.9726115	4.16623428	0.82068
895.1927292	4.15267414	0.81435
898.4361812	4.1375412	0.81262
901.7032218	4.12216013	0.81585
904.9941095	4.10789164	0.82391
908.3091062	4.09599965	0.83624
911.6484779	4.08754494	0.85188
915.0124945	4.08327606	0.86954
918.4014296	4.08355141	0.88774
921.8155613	4.08830095	0.90494
925.2551716	4.09704013	0.91972
928.7205468	4.10891575	0.93087
932.2119774	4.12278811	0.93755
935.7297585	4.13733799	0.93932
939.2741894	4.15119662	0.93624
942.8455741	4.16308036	0.9288
946.4442214	4.17189708	0.9179
950.0704444	4.17686106	0.90478
953.7245615	4.1775651	0.89086
957.4068958	4.17400088	0.87762
961.1177752	4.1665727	0.8665
964.8575331	4.15605689	0.8587
968.6265078	4.14352003	0.85512
972.4250431	4.13022571	0.85625
976.2534882	4.11751805	0.86214
980.1121976	4.10669005	0.87236
984.0015317	4.09885541	0.88607
987.9218566	4.09484596	0.90208
991.873544	4.09510936	0.91894
995.8569719	4.09966823	0.93515
999.8725242	4.10811864	0.94924
1003.920591	4.11964492	0.95995
1008.001569	4.13312014	0.96641
1012.115861	4.14722307	0.96816
1016.263877	4.16056205	0.96525
1020.446033	4.17183682	0.95824
1024.662752	4.17997983	0.94812
1028.914465	4.184266	0.93621
1033.201608	4.18439149	0.92402
1037.524628	4.18050339	0.91308
1041.883975	4.17318619	0.90479
1046.28011	4.1633849	0.90023
1050.7135	4.15230807	0.90012
1055.184621	4.14130129	0.90467
1059.693957	4.13169064	0.91361
1064.242	4.12464996	0.92621
1068.82925	4.12107515	0.94136
1073.456216	4.12149471	0.9577
1078.123417	4.12600987	0.97374
1082.83138	4.13428046	0.98805
1087.58064	4.14557064	0.99941
1092.371744	4.1588238	1.00693
1097.205248	4.17278921	1.01019
1102.081716	4.18616099	1.00923
1107.001723	4.1977215	1.0046
1111.965857	4.20649813	0.99728
1116.974712	4.21186822	0.98854
1122.028896	4.21363439	0.97983
1127.129027	4.212053	0.97257
1132.275735	4.2077954	0.96799
1137.469661	4.20185761	0.96697
1142.711456	4.19546654	9.70E-01
1148.001787	4.18995522	9.77E-01
1153.34133	4.18632012	9.87E-01
1158.730776	4.18581845	1.00E+00
1164.170826	4.18665781	1.01E+00
1169.662198	4.1919795	1.03E+00
1175.205621	4.20219205	1.04E+00
1180.801838	4.21301591	1.05E+00
1186.451608	4.22708987	1.06E+00
1192.155702	4.24155156	1.06E+00
1197.914908	4.25353503	1.06E+00
1203.730029	4.26571602	1.06E+00
1209.601883	4.2738956	1.05E+00
1215.531304	4.27847415	1.05E+00
1221.519143	4.28525663	1.05E+00
1227.566267	4.28811453	1.04E+00
1233.673562	4.28553898	1.04E+00
1239.84193	4.28652922	1.05E+00
1246.072291	4.28847972	1.05E+00
1252.365586	4.28957783	1.06E+00
1258.722772	4.29405816	1.07E+00
1265.144827	4.30067245	1.08E+00
1271.632749	4.30917923	1.09E+00
1278.187557	4.31977029	1.10E+00
1284.81029	4.33362521	1.11E+00
1291.50201	4.34640144	1.11E+00
1298.263801	4.35958563	1.12E+00
1305.096768	4.37470194	1.12E+00
1312.002042	4.38740481	1.12E+00
1318.980777	4.39889835	1.12E+00
1326.03415	4.40941352	1.12E+00
1333.163366	4.41876999	1.12E+00
1340.369654	4.42581824	1.12E+00
1347.654272	4.43495142	1.13E+00
1355.018503	4.44476552	1.13E+00
1362.463659	4.45387879	1.14E+00
1369.991083	4.46694841	1.15E+00
1377.602144	4.48388878	1.16E+00
1385.298246	4.49977845	1.16E+00
1393.08082	4.51489186	1.17E+00
1400.951333	4.53538484	1.18E+00
1408.911284	4.55666331	1.18E+00
1416.962206	4.57408577	1.18E+00
1425.105667	4.59363258	1.19E+00
1433.343272	4.61473101	1.19E+00
1441.676663	4.63755826	1.20E+00
1450.10752	4.66315913	1.20E+00
1458.637565	4.68616696	1.20E+00
1467.268556	4.71273902	1.21E+00
1476.002298	4.74347559	1.21E+00
1484.840635	4.77406673	1.21E+00
1493.785458	4.80612674	1.21E+00
1502.838703	4.84077183	1.21E+00
1512.002354	4.8801084	1.21E+00
1521.278442	4.92160685	1.20E+00
1530.669049	4.96311165	1.19E+00
1540.176311	5.00864739	1.18E+00
1549.802413	5.05762232	1.16E+00
1559.549597	5.10474342	1.13E+00
1569.420165	5.15060513	1.10E+00
1579.416471	5.19510952	1.06E+00
1589.540936	5.23824956	1.02E+00
1599.796039	5.27934257	9.68E-01
1610.184325	5.31538937	9.12E-01
1620.708405	5.34583651	8.49E-01
1631.370961	5.36957614	7.83E-01
1642.174742	5.386158	7.13E-01
1653.122573	5.39500962	6.42E-01
1664.217356	5.39595976	5.70E-01
1675.462068	5.38915148	5.00E-01
1686.859769	5.37513188	4.32E-01
1698.413603	5.35433748	3.68E-01
1710.1268	5.32789409	3.09E-01
1722.002681	5.29659217	2.55E-01
1734.044657	5.26179812	2.08E-01
1746.256239	5.22452998	1.66E-01
1758.641035	5.18571682	1.31E-01
1771.202757	5.14638726	1.01E-01
1783.945223	5.10728303	7.71E-02
1796.872362	5.06931287	5.77E-02
1809.988219	5.03282732	4.25E-02
1823.296956	4.99816718	3.07E-02
1836.802859	4.96550257	2.18E-02
1850.510343	4.93493389	1.52E-02
1864.423955	4.90644453	1.04E-02
1878.548379	4.87996499	7.00E-03
1892.888443	4.85537754	4.62E-03
1907.449123	4.83253302	3.00E-03
1922.23555	4.81127578	1.91E-03
1937.253016	4.79144339	1.19E-03
1952.506976	4.7728879	7.31E-04
1968.003063	4.75547386	4.40E-04
1983.747088	4.73907666	2.60E-04
1999.745048	4.72358799	1.51E-04
2016.003138	4.70891313	8.56E-05
2032.527754	4.69497043	4.78E-05
2049.325504	4.6816899	2.62E-05
2066.403217	4.66901102	1.41E-05
2083.76795	4.65688161	7.41E-06
2101.427	4.64525649	3.84E-06
2119.387915	4.63409634	1.97E-06
2137.6585	4.62336667	1.00E-06
2156.246835	4.61303708	5.24E-07
2175.161281	4.60308059	2.99E-07
2194.410496	4.59347312	2.06E-07
2214.003446	4.58419307	1.84E-07
2233.949423	4.57522094	2.01E-07
2254.258055	4.5665391	2.44E-07
2274.939321	4.55813149	3.05E-07
2296.003574	4.54998347	3.83E-07
2317.461551	4.54208161	4.75E-07
2339.324396	4.5344136	5.83E-07
2361.603676	4.52696809	7.03E-07
2384.311404	4.51973459	8.36E-07
2407.460058	4.51270342	9.77E-07
2431.062608	4.50586557	1.12E-06
2455.132535	4.49921268	1.27E-06
2479.68386	4.49273698	1.42E-06
2504.731172	4.48643118	1.55E-06
2530.289653	4.48028851	1.67E-06
2556.375113	4.47430261	1.78E-06
2583.004021	4.46846753	1.86E-06
2610.193537	4.46277767	1.92E-06
2637.961553	4.45722778	1.95E-06
2666.326731	4.45181291	1.96E-06
2695.308543	4.44652841	1.94E-06
2724.927319	4.44136987	1.90E-06
2755.204289	4.43633315	1.84E-06
2786.16164	4.43141432	1.76E-06
2817.822568	4.42660967	1.67E-06
2850.211333	4.4219157	1.57E-06
2883.353326	4.41732906	1.47E-06
2917.275129	4.41284661	1.36E-06
2952.004595	4.40846534	1.26E-06
2987.570916	4.4041824	1.16E-06
3024.004707	4.39999508	1.06E-06
3061.338099	4.3959008	9.68E-07
3099.604825	4.39189711	8.80E-07
3138.840329	4.38798165	7.97E-07
3179.081872	4.38415219	7.19E-07
3220.368649	4.38040661	6.47E-07
3262.741921	4.37674285	5.79E-07
3306.245147	4.37315899	5.15E-07
3350.924135	4.36965314	4.56E-07
3396.827205	4.36622354	4.02E-07
3444.005361	4.36286848	3.52E-07
3492.512479	4.35958632	3.06E-07
3542.405514	4.35637551	2.64E-07
3593.744725	4.35323454	2.27E-07
3646.593912	4.35016198	1.93E-07
3701.020687	4.34715644	1.63E-07
3757.096758	4.34421662	1.36E-07
3814.898246	4.34134123	1.13E-07
3874.506031	4.33852906	9.32E-08
3936.006127	4.33577893	7.61E-08
3999.490097	4.33308973	6.15E-08
4065.055508	4.33046037	4.93E-08
4132.806433	4.3278898	3.91E-08
4202.854	4.32537704	3.07E-08
4275.317	4.32292111	2.38E-08
4350.322561	4.32052109	1.83E-08
4428.006893	4.31817609	1.39E-08
4508.516109	4.31588526	1.04E-08
4592.007148	4.31364776	7.72E-09
4678.648792	4.3114628	5.65E-09
4768.622808	4.30932962	4.08E-09
4862.125216	4.30724747	2.90E-09
4959.36772	4.30521565	2.04E-09
5060.579306	4.30323348	1.41E-09
5166.008042	4.30130029	9.61E-10
5275.923106	4.29941546	6.45E-10
5390.617087	4.29757836	4.27E-10
5510.408578	4.29578841	2.78E-10
5635.645136	4.29404505	1.78E-10
5766.706651	4.29234772	1.12E-10
5904.00919	4.29069591	6.94E-11
6048.009415	4.28908909	4.23E-11
6199.20965	4.2875268	2.53E-11
6358.163744	4.28600855	1.49E-11
6525.483842	4.2845339	8.61E-12
6701.84827	4.28310241	4.89E-12
6888.010722	4.28171366	2.73E-12
7084.811029	4.28036725	1.50E-12
7293.187824	4.2790628	8.06E-13
7514.193515	4.27779993	4.26E-13
7749.012063	4.27657829	2.21E-13
7998.980194	4.27539753	1.13E-13
8265.612867	4.27425733	5.63E-14
8550.634	4.27315738	2.76E-14
8856.013786	4.27209736	1.33E-14
9184.014296	4.271077	6.30E-15
9537.245615	4.27009601	2.92E-15
9918.73544	4.26915414	1.33E-15
10332.01608	4.26825113	5.94E-16
10781.23417	4.26738675	2.60E-16
11271.29027	4.26656076	1.12E-16
11808.01838	4.26577295	4.71E-17
12398.4193	4.26502311	1.95E-17
13050.96768	4.26431105	7.91E-18
13776.02144	4.26363658	3.15E-18
14586.37565	4.26299953	1.23E-18
15498.02413	4.26239975	4.70E-19
16531.22573	4.26183706	1.76E-19
17712.02757	4.26131134	6.50E-20
19074.49123	4.26082244	2.35E-20
20664.03217	4.26037025	8.31E-21
22542.58055	4.25995464	2.89E-21
24796.8386	4.25957552	9.82E-22
27552.04289	4.2592328	3.28E-22
30996.04825	4.25892638	1.07E-22
35424.05514	4.25865618	3.45E-23
41328.06433	4.25842215	1.09E-23
49593.6772	4.25822422	3.35E-24
61992.0965	4.25806235	1.01E-24
82656.12867	4.25793649	3.01E-25
123984.193	4.25784661	8.76E-26
247968.386	4.25779269	2.50E-26
123984193	4.25777472	6.99E-27
