123.984317	0.43082983	0.04717
124.0463402	0.43915613	0.04902
124.1084255	0.43997422	0.05177
124.170573	0.43834644	0.05547
124.2327828	0.43566405	0.06011
124.2950549	0.43257806	0.06567
124.3573895	0.42948685	0.07208
124.4197867	0.42666483	0.07925
124.4822465	0.42431828	0.08707
124.544769	0.42260252	0.0954
124.6073544	0.42162229	0.10408
124.6700027	0.42144298	0.11296
124.732714	0.42209846	0.12188
124.7954885	0.4235861	0.13068
124.8583261	0.42587135	0.13922
124.9212271	0.4289037	0.14739
124.9841915	0.43261845	0.15508
125.0472194	0.43693829	0.16221
125.1103109	0.44178092	0.16871
125.1734661	0.44705376	0.17452
125.2366851	0.4526674	0.17962
125.299968	0.45853314	0.18397
125.3633148	0.46455569	0.18756
125.4267258	0.47064342	0.19039
125.4902009	0.47670652	0.19247
125.5537403	0.48265581	0.19382
125.6173441	0.48840734	0.19448
125.6810123	0.49388006	0.19449
125.7447452	0.49900611	0.19393
125.8085427	0.50373144	0.19286
125.8724049	0.50801376	0.19137
125.9363321	0.51183029	0.18954
126.0003242	0.51517161	0.18745
126.0643814	0.51803947	0.18517
126.1285037	0.52044673	0.18277
126.1926913	0.52241318	0.1803
126.2569443	0.5239626	0.17781
126.3212627	0.52511964	0.17533
126.3856467	0.52590414	0.17289
126.4500963	0.52634195	0.17053
126.5146117	0.52645743	0.16826
126.579193	0.52627103	0.16611
126.6438403	0.52580694	0.1641
126.7085536	0.52509574	0.16226
126.7733331	0.52416666	0.16059
126.8381789	0.52305293	0.15912
126.903091	0.52179322	0.15784
126.9680696	0.52041586	0.15674
127.0331148	0.51894516	0.15581
127.0982267	0.5174063	0.15504
127.1634053	0.515812	0.15439
127.2286508	0.51416386	0.15385
127.2939633	0.5124622	0.1534
127.3593429	0.51069511	0.15302
127.4247897	0.50884804	0.15272
127.4903038	0.50691938	0.15252
127.5558853	0.50490973	0.15242
127.6215344	0.50281828	0.15244
127.687251	0.50066508	0.15262
127.7530353	0.49847647	0.15295
127.8188874	0.49628208	0.15345
127.8848075	0.4941132	0.15409
127.9507956	0.49199495	0.15486
128.0168519	0.48995099	0.15572
128.0829763	0.48798772	0.15662
128.1491691	0.48609896	0.15752
128.2154304	0.48426483	0.15837
128.2817603	0.48245254	0.15914
128.3481587	0.48061845	0.1598
128.414626	0.4787115	0.16035
128.4811622	0.47668665	0.16081
128.5477673	0.47450866	0.16121
128.6144415	0.47214689	0.16158
128.6811849	0.46958429	0.16198
128.7479977	0.46682508	0.16246
128.8148798	0.46388565	0.16306
128.8818315	0.46079131	0.16381
128.9488528	0.45756815	0.16472
129.0159438	0.45424788	0.16581
129.0831047	0.45086271	0.16706
129.1503356	0.44742703	0.16844
129.2176365	0.44394279	0.16993
129.2850076	0.44041251	0.17152
129.352449	0.43682818	0.17317
129.4199608	0.43316192	0.17486
129.4875431	0.42939514	0.17661
129.555196	0.42550637	0.17839
129.6229196	0.42146723	0.18022
129.6907141	0.41725677	0.1821
129.7585795	0.41284655	0.18403
129.826516	0.40820462	0.18602
129.8945237	0.40329062	0.18807
129.9626027	0.39806226	0.19021
130.030753	0.39246058	0.19243
130.0989749	0.38641262	0.19479
130.1672684	0.37984518	0.19734
130.2356337	0.37267305	0.20017
130.3040707	0.36483165	0.20344
130.3725798	0.3562714	0.20729
130.4411609	0.34697156	0.21196
130.5098142	0.33696443	0.21768
130.5785398	0.32633326	0.22472
130.6473379	0.31523089	0.23335
130.7162085	0.30387956	0.24382
130.7851517	0.29256701	0.25634
130.8541677	0.28164515	0.27107
130.9232565	0.27151388	0.28807
130.9924184	0.26259163	0.3073
131.0616533	0.25529417	0.32862
131.1309615	0.25001656	0.35179
131.2003431	0.24709278	0.37644
131.2697981	0.24677761	0.40216
131.3393266	0.24922986	0.42845
131.4089289	0.25449723	0.45482
131.478605	0.26253138	0.48079
131.548355	0.2731851	0.50591
131.618179	0.28623711	0.52983
131.6880772	0.30142738	0.55228
131.7580497	0.31847938	0.57308
131.8280966	0.33712414	0.59213
131.898218	0.35712861	0.60941
131.968414	0.37830709	0.62492
132.0386848	0.4005206	0.63868
132.1090305	0.42366861	0.65068
132.1794512	0.44767489	0.66089
132.2499469	0.47246807	0.66922
132.320518	0.49795416	0.67554
132.3911643	0.52399387	0.67968
132.4618862	0.55039316	0.68148
132.5326836	0.57690376	0.68079
132.6035568	0.60322037	0.6775
132.6745058	0.62899141	0.67157
132.7455308	0.65384602	0.66306
132.8166318	0.67742298	0.65212
132.8878091	0.69939411	0.63899
132.9590627	0.71948436	0.62398
133.0303927	0.73748745	0.60746
133.1017994	0.75328358	0.58984
133.1732827	0.7668397	0.57152
133.2448428	0.77819788	0.55288
133.3164799	0.78747293	0.53427
133.3881941	0.7948315	0.51596
133.4599854	0.80047088	0.49817
133.5318541	0.80461026	0.48105
133.6038002	0.80745641	0.46466
133.6758239	0.80920586	0.44906
133.7479253	0.81003225	0.43421
133.8201045	0.8100689	0.42008
133.8923617	0.80941988	0.40661
133.9646969	0.80815868	0.39375
134.0371103	0.80632935	0.38144
134.1096021	0.8039559	0.36966
134.1821723	0.80105971	0.3584
134.2548211	0.79765128	0.34765
134.3275486	0.79374636	0.33745
134.4003549	0.78937173	0.32782
134.4732402	0.78456367	0.31881
134.5462046	0.77937924	0.31046
134.6192482	0.77388382	0.30279
134.6923712	0.76815018	0.29582
134.7655737	0.76225257	0.28954
134.8388557	0.75626845	0.28395
134.9122175	0.75027677	0.27901
134.9856592	0.74433751	0.27466
135.0591809	0.7385045	0.27086
135.1327827	0.73281596	0.26752
135.2064648	0.72729518	0.26459
135.2802273	0.72194621	0.26197
135.3540703	0.716756	0.25962
135.4279939	0.71170568	0.25747
135.5019984	0.70675341	0.25547
135.5760837	0.70185571	0.25361
135.6502502	0.69696799	0.25187
135.7244978	0.69204656	0.25027
135.7988267	0.68705029	0.24882
135.8732371	0.68194817	0.24758
135.9477291	0.67673105	0.2466
136.0223028	0.67139763	0.24593
136.0969584	0.66596944	0.24565
136.171696	0.66048674	0.2458
136.2465157	0.65499692	0.24643
136.3214176	0.64957114	0.24759
136.396402	0.64429077	0.24928
136.4714689	0.63923073	0.25149
136.5466184	0.63447166	0.25421
136.6218508	0.63009494	0.25739
136.6971661	0.62616647	0.26096
136.7725646	0.62274201	0.26485
136.8480462	0.61986346	0.26896
136.9236112	0.61754435	0.27318
136.9992597	0.61578586	0.27743
137.0749918	0.61456979	0.28159
137.1508077	0.6138615	0.28559
137.2267075	0.61360857	0.28932
137.3026914	0.61373998	0.29273
137.3787594	0.61418803	0.29577
137.4549118	0.61486651	0.29838
137.5311487	0.61569122	0.30057
137.6074702	0.61657443	0.3023
137.6838764	0.61742553	0.30361
137.7603675	0.6181647	0.30451
137.8369437	0.61870634	0.30504
137.913605	0.61897177	0.30526
137.9903517	0.61889431	0.30525
138.0671838	0.61842098	0.3051
138.1441016	0.6175087	0.30491
138.221105	0.61613922	0.30482
138.2981944	0.61432714	0.30496
138.3753698	0.61211111	0.30546
138.4526314	0.60956501	0.30646
138.5299794	0.60679316	0.30806
138.6074138	0.60392207	0.31035
138.6849348	0.60110684	0.31339
138.7625425	0.59850843	0.31717
138.8402372	0.59628648	0.32167
138.918019	0.59459919	0.32681
138.9958879	0.59357816	0.33246
139.0738442	0.59332122	0.33847
139.1518879	0.5938928	0.34467
139.2300193	0.59532202	0.35088
139.3082385	0.59759098	0.3569
139.3865457	0.60063995	0.36257
139.4649409	0.60438603	0.36775
139.5434244	0.60871758	0.37231
139.6219962	0.61350068	0.37617
139.7006566	0.6185989	0.37929
139.7794056	0.62387506	0.38165
139.8582435	0.62919411	0.38327
139.9371704	0.63444063	0.38421
140.0161864	0.63951725	0.38453
140.0952916	0.64435105	0.38433
140.1744863	0.64888754	0.38368
140.2537706	0.65309599	0.3827
140.3331447	0.65697719	0.38147
140.4126086	0.66053452	0.38005
140.4921626	0.66379018	0.37853
140.5718068	0.66677946	0.37694
140.6515413	0.66953682	0.37532
140.7313663	0.67209285	0.37367
140.811282	0.67447365	0.37201
140.8912885	0.67669716	0.37032
140.971386	0.67877132	0.36861
141.0515746	0.68070055	0.36687
141.1318544	0.68248362	0.36511
141.2122258	0.68411496	0.36333
141.2926887	0.68559729	0.36157
141.3732433	0.68693877	0.35983
141.4538899	0.68814521	0.35814
141.5346285	0.68923739	0.35653
141.6154593	0.69024988	0.35502
141.6963825	0.69121026	0.35359
141.7773983	0.69214868	0.35226
141.8585067	0.69309448	0.35099
141.939708	0.6940666	0.34977
142.0210023	0.69508091	0.34856
142.1023898	0.69613554	0.34732
142.1838706	0.69722305	0.34603
142.2654449	0.69832675	0.34465
142.3471129	0.69942068	0.34317
142.4288747	0.70047928	0.34158
142.5107305	0.70147402	0.33988
142.5926804	0.70238364	0.33809
142.6747246	0.70318762	0.33621
142.7568633	0.70386538	0.33427
142.8390966	0.70441599	0.33231
142.9214247	0.70484006	0.33033
143.0038478	0.70513476	0.32836
143.0863659	0.70531215	0.32643
143.1689794	0.705391	0.32455
143.2516883	0.70538625	0.32272
143.3344929	0.705308	0.32094
143.4173932	0.70517093	0.31922
143.5003895	0.704986	0.31754
143.5834819	0.70475756	0.3159
143.6666705	0.70449136	0.31429
143.7499557	0.70418286	0.31269
143.8333374	0.70382038	0.3111
143.9168159	0.70339761	0.30953
144.0003914	0.70290937	0.30798
144.084064	0.70234822	0.30646
144.1678339	0.70171277	0.30499
144.2517013	0.7010036	0.30358
144.3356663	0.70023391	0.30227
144.4197291	0.69942644	0.30106
144.5038899	0.69860098	0.29996
144.5881488	0.69778757	0.29898
144.672506	0.69701812	0.2981
144.7569618	0.69631322	0.29729
144.8415162	0.69569146	0.29653
144.9261694	0.69515827	0.29576
145.0109217	0.69470362	0.29495
145.0957731	0.69430698	0.29405
145.1807239	0.69393132	0.29303
145.2657742	0.69353043	0.29187
145.3509242	0.69305158	0.29057
145.4361741	0.69244122	0.28915
145.5215241	0.69165617	0.28766
145.6069743	0.69066508	0.28615
145.6925249	0.68945318	0.2847
145.7781761	0.68803295	0.28339
145.8639281	0.68643899	0.28229
145.949781	0.68472493	0.28146
146.035735	0.68296034	0.28094
146.1217904	0.68122715	0.28075
146.2079472	0.67960798	0.28087
146.2942057	0.67818216	0.28127
146.380566	0.67701508	0.28187
146.4670283	0.67614091	0.28258
146.5535929	0.67558	0.28333
146.6402598	0.67532448	0.284
146.7270293	0.67534099	0.28453
146.8139015	0.67558387	0.28484
146.9008767	0.67599139	0.28489
146.9879549	0.6764977	0.28465
147.0751365	0.67703735	0.28412
147.1624216	0.67755232	0.28331
147.2498103	0.67798962	0.28224
147.3373028	0.67830856	0.28095
147.4248994	0.67848037	0.27947
147.5126003	0.67847983	0.27783
147.6004055	0.67828323	0.27606
147.6883153	0.67787	0.2742
147.7763299	0.67723079	0.2723
147.8644495	0.67635784	0.27039
147.9526742	0.67525446	0.26854
148.0410042	0.67393233	0.26678
148.1294398	0.67241686	0.26519
148.2179811	0.67075818	0.26381
148.3066284	0.66901215	0.26267
148.3953817	0.66725181	0.2618
148.4842413	0.66555322	0.26117
148.5732074	0.66398437	0.26075
148.6622802	0.66260622	0.26047
148.7514598	0.66145251	0.26023
148.8407465	0.66052713	0.25993
148.9301405	0.65980386	0.25946
149.0196419	0.65921397	0.25871
149.1092509	0.6586627	0.25763
149.1989677	0.658042	0.25618
149.2887926	0.65722321	0.25436
149.3787258	0.65609356	0.25226
149.4687673	0.65456451	0.24996
149.5589174	0.65256873	0.2476
149.6491764	0.65008949	0.24535
149.7395444	0.64716269	0.24337
149.8300215	0.64386782	0.2418
149.9206081	0.64032232	0.24075
150.0113043	0.63666926	0.24028
150.1021103	0.633069	0.24041
150.1930263	0.62967946	0.24108
150.2840525	0.62662957	0.24218
150.3751891	0.62401534	0.24357
150.4664362	0.62188423	0.24506
150.5577942	0.62022159	0.24646
150.6492632	0.61895916	0.2476
150.7408435	0.61798335	0.24834
150.8325351	0.61714062	0.24858
150.9243383	0.61625384	0.24829
151.0162534	0.61514132	0.2475
151.1082804	0.61363921	0.24632
151.2004198	0.61162401	0.24491
151.2926715	0.60901549	0.24346
151.3850359	0.60580165	0.24222
151.4775131	0.60203508	0.24139
151.5701034	0.59782581	0.24119
151.6628069	0.59334903	0.24178
151.7556239	0.58880953	0.24324
151.8485546	0.5844376	0.24562
151.9415992	0.5804675	0.24885
152.0347579	0.57710466	0.25281
152.1280308	0.57452247	0.25732
152.2214183	0.57284214	0.26214
152.3149205	0.57211601	0.267
152.4085377	0.57232606	0.27163
152.50227	0.57339216	0.27578
152.5961177	0.57516674	0.27921
152.6900809	0.57745271	0.28177
152.7841599	0.58002441	0.28335
152.878355	0.58264002	0.28393
152.9726662	0.58506178	0.28355
153.0670939	0.58708474	0.28235
153.1616382	0.5885458	0.28048
153.2562995	0.58932707	0.27816
153.3510777	0.58938037	0.27563
153.4459733	0.58872343	0.27312
153.5409864	0.58743449	0.27084
153.6361173	0.58564199	0.26895
153.7313661	0.58350504	0.26755
153.826733	0.58119664	0.26668
153.9222184	0.57889171	0.26632
154.0178224	0.57673554	0.26636
154.1135452	0.57483381	0.26668
154.2093871	0.57323998	0.26709
154.3053482	0.57194134	0.26742
154.4014289	0.57087096	0.26751
154.4976293	0.56991773	0.26725
154.5939496	0.56894011	0.26657
154.6903901	0.56778161	0.26547
154.786951	0.56629394	0.26401
154.8836326	0.56434958	0.2623
154.980435	0.56186153	0.26051
155.0773584	0.55879884	0.25883
155.1744032	0.55518343	0.25745
155.2715695	0.55109327	0.25656
155.3688576	0.54665919	0.25631
155.4662677	0.54204861	0.2568
155.5638	0.53744888	0.25807
155.6614547	0.53305723	0.26011
155.7592321	0.52906212	0.26283
155.8571324	0.52562344	0.26609
155.9551559	0.52285674	0.26969
156.0533028	0.52082224	0.27341
156.1515732	0.51952311	0.27701
156.2499675	0.51889169	0.28024
156.3484859	0.51879805	0.2829
156.4471286	0.51905477	0.28481
156.5458959	0.51944159	0.2859
156.6447879	0.51971953	0.28612
156.743805	0.51963671	0.28553
156.8429473	0.51897411	0.28428
156.9422151	0.51755704	0.28256
157.0416087	0.51525561	0.28061
157.1411282	0.51201122	0.27873
157.2407739	0.50783937	0.2772
157.3405461	0.50282456	0.27631
157.440445	0.49711695	0.2763
157.5404708	0.4909143	0.27737
157.6406238	0.48446375	0.27968
157.7409043	0.47803855	0.28329
157.8413123	0.47192224	0.28822
157.9418483	0.46640254	0.2944
158.0425125	0.46174072	0.30168
158.143305	0.45816663	0.30987
158.2442262	0.4558655	0.3187
158.3452763	0.45496095	0.32787
158.4464555	0.45550816	0.33704
158.5477641	0.4574793	0.34586
158.6492024	0.46077601	0.35402
158.7507705	0.46523495	0.36122
158.8524687	0.47062839	0.36722
158.9542974	0.47668455	0.37185
159.0562566	0.48309973	0.37501
159.1583468	0.48956673	0.37671
159.2605681	0.49579696	0.37702
159.3629208	0.5015302	0.37609
159.4654051	0.50656166	0.37414
159.5680213	0.51074085	0.3714
159.6707697	0.51398078	0.36816
159.7736505	0.51626575	0.36469
159.8766639	0.51764907	0.36127
159.9798103	0.51823899	0.35811
160.0830898	0.51819361	0.35542
160.1865028	0.51771004	0.35331
160.2900495	0.51700536	0.35186
160.3937301	0.51631226	0.35106
160.497545	0.51584059	0.35081
160.6014943	0.51577153	0.35098
160.7055784	0.51624263	0.35135
160.8097974	0.51732688	0.35168
160.9141517	0.51903209	0.3517
161.0186416	0.52128615	0.35113
161.1232672	0.52393356	0.34972
161.2280289	0.52676102	0.3473
161.3329269	0.52951005	0.34374
161.4379615	0.53188788	0.33901
161.543133	0.53359734	0.33317
161.6484415	0.53436338	0.32638
161.7538875	0.53395247	0.31887
161.8594711	0.53219824	0.31096
161.9651926	0.52901609	0.30299
162.0710524	0.52440469	0.29533
162.1770506	0.51845397	0.28834
162.2831875	0.51133529	0.28234
162.3894635	0.50329019	0.2776
162.4958788	0.49462069	0.27432
162.6024336	0.48566551	0.2726
162.7091282	0.47678257	0.27246
162.815963	0.46831796	0.27379
162.9229381	0.46058431	0.27642
163.030054	0.45384937	0.28008
163.1373107	0.44830654	0.28443
163.2447087	0.44406372	0.28909
163.3522482	0.44113224	0.29365
163.4599294	0.43942607	0.29772
163.5677527	0.43876389	0.30093
163.6757184	0.43888064	0.30299
163.7838267	0.43944451	0.30368
163.8920778	0.44008457	0.30291
164.0004722	0.44041917	0.30068
164.1090101	0.44008101	0.29712
164.2176917	0.43874645	0.29245
164.3265173	0.43615805	0.28699
164.4354873	0.43214804	0.28112
164.5446019	0.42665158	0.27526
164.6538614	0.41970753	0.26982
164.7632661	0.41145214	0.26519
164.8728163	0.40211676	0.26171
164.9825123	0.39200325	0.25962
165.0923543	0.38146171	0.25908
165.2023427	0.37087034	0.26013
165.3124777	0.36059826	0.26269
165.4227597	0.35097749	0.26658
165.533189	0.34228845	0.27154
165.6437657	0.33473801	0.27722
165.7544903	0.32842803	0.28321
165.865363	0.32336231	0.28912
165.9763842	0.31944215	0.29453
166.087554	0.3164619	0.29909
166.1988729	0.3141416	0.30253
166.3103411	0.31214254	0.30466
166.421959	0.31009221	0.30541
166.5337267	0.30761146	0.30481
166.6456447	0.30434607	0.30302
166.7577132	0.29999417	0.30028
166.8699325	0.29432556	0.29692
166.982303	0.28719941	0.29331
167.0948249	0.27856501	0.28984
167.2074986	0.26846478	0.2869
167.3203243	0.25702571	0.28484
167.4333024	0.24445004	0.28397
167.5464332	0.23099471	0.28451
167.6597169	0.21695152	0.28662
167.773154	0.20263539	0.29037
167.8867446	0.18835816	0.29574
168.0004892	0.17441418	0.30264
168.114388	0.16105973	0.31089
168.2284413	0.14850213	0.32027
168.3426495	0.13687449	0.33047
168.4570128	0.12623369	0.34121
168.5715317	0.11655463	0.35215
168.6862064	0.10772515	0.36302
168.8010372	0.09955918	0.37356
168.9160244	0.0917955	0.3836
169.0311684	0.08413451	0.39308
169.1464695	0.07625703	0.40203
169.261928	0.06785952	0.41063
169.3775442	0.05868162	0.41914
169.4933185	0.04854088	0.42797
169.6092512	0.03737503	0.43759
169.7253425	0.02525603	0.44852
169.8415929	0.01240088	0.46127
169.9580027	-0.00082497	0.47632
170.0745721	-0.01390616	0.49406
170.1913016	-0.02620567	0.51472
170.3081914	-0.03701102	0.53834
170.4252418	-0.0455737	0.56476
170.5424533	-0.05116533	0.59357
170.6598261	-0.05314798	0.62413
170.7773606	-0.05103151	0.6556
170.8950571	-0.04451614	0.68699
171.0129159	-0.03354821	0.71717
171.1309374	-0.01834538	0.74502
171.2491219	0.00061114	0.76946
171.3674698	0.02257733	0.78954
171.4859813	0.04660571	0.80457
171.6046569	0.07160291	0.81409
171.7234968	0.09639093	0.81798
171.8425015	0.11981232	0.81646
171.9616712	0.14079692	0.81002
172.0810064	0.15843386	0.79945
172.2005072	0.17203068	0.78571
172.3201742	0.18114598	0.76991
172.4400076	0.18561472	0.75319
172.5600077	0.18551841	0.73662
172.680175	0.18115801	0.72119
172.8005098	0.17302432	0.70772
172.9210124	0.16172982	0.69681
173.0416832	0.14794859	0.68886
173.1625226	0.13236864	0.68406
173.2835308	0.11563479	0.6824
173.4047083	0.09831078	0.68373
173.5260553	0.08085597	0.68778
173.6475723	0.06360616	0.69421
173.7692597	0.04676735	0.70265
173.8911177	0.03042069	0.71275
174.0131467	0.01455025	0.72423
174.1353471	-0.00094016	0.73686
174.2577193	-0.01621042	0.75052
174.3802635	-0.03143742	0.76522
174.5029803	-0.04677985	0.78107
174.6258699	-0.06236261	0.79827
174.7489327	-0.07823973	0.81714
174.8721691	-0.09436423	0.83805
174.9955794	-0.11056401	0.86143
175.119164	-0.12654284	0.88766
175.2429233	-0.14186643	0.91714
175.3668577	-0.15597259	0.95011
175.4909674	-0.1682001	0.98673
175.615253	-0.17780202	1.02696
175.7397147	-0.18401249	1.07054
175.864353	-0.18608814	1.11702
175.9891682	-0.18336428	1.1657
176.1141607	-0.17532355	1.21569
176.2393308	-0.16164386	1.26594
176.364679	-0.14222914	1.31532
176.4902057	-0.11723965	1.36264
176.6159111	-0.08710323	1.40678
176.7417958	-0.05248054	1.44676
176.86786	-0.01423136	1.48178
176.9941042	0.02663583	1.5113
177.1205287	0.06903888	1.53507
177.247134	0.11190385	1.55314
177.3739204	0.15422355	1.5658
177.5008883	0.19511742	1.5736
177.6280381	0.23388525	1.57725
177.7553703	0.27002572	1.57757
177.8828851	0.30325123	1.57543
178.0105829	0.33347515	1.57166
178.1384643	0.36076894	1.567
178.2665295	0.38533441	1.56211
178.394779	0.40746637	1.5575
178.5232131	0.42749713	1.55355
178.6518324	0.44576506	1.55054
178.780637	0.46260155	1.54868
178.9096276	0.47831346	1.54811
179.0388044	0.49319758	1.54899
179.1681679	0.50755689	1.55144
179.2977184	0.52170849	1.5556
179.4274565	0.53602566	1.56162
179.5573824	0.5509433	1.56958
179.6874966	0.56695507	1.57951
179.8177996	0.5846111	1.59132
179.9482917	0.60448712	1.60477
180.0789732	0.62713675	1.61943
180.2098448	0.65303323	1.63469
180.3409067	0.6825231	1.64979
180.4721593	0.71578832	1.66385
180.6036032	0.7528016	1.6759
180.7352387	0.79331538	1.685
180.8670662	0.83687153	1.69026
180.9990861	0.88282189	1.69094
181.131299	0.93038107	1.68649
181.2637051	0.97867983	1.67657
181.3963049	1.02681183	1.66105
181.5290989	1.07389674	1.64004
181.6620874	1.11913064	1.61381
181.795271	1.1618017	1.58276
181.9286499	1.2013039	1.54739
182.0622248	1.23714775	1.50827
182.1959959	1.26895785	1.46599
182.3299637	1.29643664	1.42111
182.4641287	1.31936065	1.37424
182.5984913	1.33757071	1.32594
182.7330519	1.35094932	1.2768
182.867811	1.35944165	1.22744
183.002769	1.3630625	1.17849
183.1379263	1.36190105	1.1306
183.2732835	1.35614658	1.08445
183.4088408	1.34609398	1.04068
183.5445989	1.33215593	0.99993
183.680558	1.31486478	0.96273
183.8167188	1.29484063	0.9295
183.9530815	1.27277583	0.90053
184.0896468	1.24939787	0.87593
184.2264149	1.22542682	0.85565
184.3633864	1.20153059	0.83946
184.5005618	1.17829519	0.82702
184.6379414	1.15619435	0.81785
184.7755257	1.13555888	0.81142
184.9133153	1.11659589	0.80721
185.0513105	1.09938768	0.80468
185.1895119	1.08390573	0.80338
185.3279198	1.07004425	0.80292
185.4665347	1.05764749	0.80302
185.6053572	1.04654419	0.80348
185.7443876	1.03656031	0.80417
185.8836265	1.02754742	0.80505
186.0230743	1.01939712	0.8061
186.1627315	1.01203256	0.80732
186.3025985	1.0054099	0.80872
186.4426759	0.99951377	0.8103
186.582964	0.99435179	0.81205
186.7234634	0.98994646	0.81393
186.8641746	0.98631143	0.81586
187.005098	0.98346367	0.81779
187.1462342	0.98141081	0.81959
187.2875835	0.98013651	0.82116
187.4291465	0.97961203	0.82237
187.5709237	0.97977862	0.82308
187.7129155	0.98054866	0.82316
187.8551225	0.98180428	0.82248
187.9975451	0.98339311	0.82093
188.1401838	0.98513102	0.81843
188.2830392	0.98681109	0.81495
188.4261116	0.98821533	0.81051
188.5694016	0.98912583	0.80519
188.7129098	0.98934632	0.79914
188.8566365	0.98870769	0.79254
189.0005823	0.98708379	0.78565
189.1447477	0.98441756	0.77876
189.2891333	0.98072227	0.77217
189.4337394	0.9760861	0.76618
189.5785666	0.97066703	0.76105
189.7236155	0.96468255	0.757
189.8688865	0.95840424	0.75419
190.0143801	0.95214575	0.7527
190.1600969	0.94622699	0.75249
190.3060373	0.94096125	0.75347
190.4522019	0.9366354	0.75542
190.5985912	0.93347814	0.75806
190.7452058	0.93165254	0.76104
190.892046	0.93122994	0.76395
191.0391125	0.9321831	0.76638
191.1864058	0.93438915	0.76792
191.3339264	0.93762425	0.76819
191.4816749	0.94157221	0.76688
191.6296517	0.94584773	0.76378
191.7778574	0.95002302	0.75879
191.9262925	0.95365344	0.75193
192.0749575	0.95631011	0.74335
192.2238531	0.95761019	0.73331
192.3729796	0.95724132	0.72217
192.5223378	0.9549896	0.71037
192.671928	0.95073967	0.69836
192.8217509	0.94448502	0.68664
192.971807	0.93633332	0.67566
193.1220968	0.92647474	0.66581
193.2726208	0.91517367	0.65743
193.4233798	0.90274591	0.65075
193.574374	0.88952679	0.64592
193.7256043	0.87586616	0.64302
193.877071	0.86209585	0.64201
194.0287747	0.84851944	0.64283
194.180716	0.83540856	0.64533
194.3328955	0.82298723	0.64934
194.4853137	0.81143381	0.65465
194.6379712	0.80087405	0.66104
194.7908685	0.7913912	0.6683
194.9440062	0.78303212	0.67622
195.0973849	0.77580563	0.6846
195.2510051	0.76969133	0.69327
195.4048675	0.7646471	0.70208
195.5589725	0.76062659	0.71093
195.7133208	0.75758024	0.71971
195.8679129	0.75545853	0.72836
196.0227494	0.75423236	0.73683
196.177831	0.75388642	0.74506
196.3331581	0.75441684	0.75299
196.4887314	0.75583122	0.76054
196.6445514	0.75813975	0.7676
196.8006187	0.76133355	0.77401
196.956934	0.76537316	0.7796
197.1134978	0.7701823	0.78417
197.2703107	0.77563116	0.78751
197.4273733	0.78153577	0.78943
197.5846862	0.7876499	0.78975
197.74225	0.7936784	0.78838
197.9000653	0.79929628	0.78528
198.0581327	0.80416	0.78051
198.2164528	0.8079411	0.77423
198.3750262	0.81034644	0.76668
198.5338535	0.81115556	0.75821
198.6929354	0.81023	0.74917
198.8522724	0.80751722	0.73997
199.0118652	0.80306333	0.73099
199.1717143	0.79700129	0.72258
199.3318205	0.78952375	0.71499
199.4921842	0.78086048	0.70842
199.6528062	0.77125829	0.70296
199.813687	0.76095056	0.69863
199.9748274	0.75013015	0.69536
200.1362278	0.73893207	0.69306
200.297889	0.72744819	0.69164
200.4598116	0.7157234	0.69099
200.6219962	0.70375121	0.69103
200.7844434	0.69151425	0.69176
200.9471539	0.67899633	0.69317
201.1101283	0.66617806	0.6953
201.2733673	0.65307443	0.69824
201.4368715	0.63973085	0.70204
201.6006416	0.62621112	0.70676
201.7646782	0.61259598	0.71242
201.928982	0.59897122	0.71902
202.0935535	0.58540741	0.7265
202.2583936	0.57194732	0.7348
202.4235027	0.5586026	0.74383
202.5888817	0.54533735	0.7535
202.7545311	0.53207069	0.76375
202.9204516	0.51868219	0.77456
203.0866439	0.50503628	0.786
203.2531086	0.49100317	0.79819
203.4198465	0.47646958	0.81133
203.5868581	0.46136806	0.8257
203.7541442	0.44570185	0.84164
203.9217055	0.42956371	0.85953
204.0895425	0.41314238	0.87975
204.2576561	0.3967237	0.90267
204.4260469	0.38070216	0.92863
204.5947155	0.36555458	0.95785
204.7636627	0.35182672	0.9905
204.9328891	0.34011362	1.02659
205.1023955	0.3310364	1.06605
205.2721826	0.32521646	1.10863
205.4422509	0.32323696	1.15398
205.6126013	0.32563986	1.20164
205.7832345	0.33290196	1.25103
205.9541511	0.345412	1.30148
206.1253518	0.36345958	1.35225
206.2968374	0.38724438	1.40257
206.4686086	0.41685369	1.45157
206.6406661	0.45225467	1.4984
206.8130105	0.49330787	1.54217
206.9856427	0.53973547	1.58196
207.1585633	0.59112709	1.6169
207.3317731	0.64693032	1.6461
207.5052728	0.70642751	1.66874
207.6790631	0.76874488	1.68409
207.8531448	0.83285134	1.69154
208.0275185	0.89757527	1.69067
208.2021851	0.96163821	1.68128
208.3771452	1.02369105	1.66343
208.5523996	1.08237105	1.63749
208.727949	1.13638151	1.60416
208.9037943	1.18456814	1.56444
209.0799361	1.22599238	1.51961
209.2563751	1.25999291	1.47115
209.4331122	1.28623744	1.42069
209.6101481	1.304753	1.36988
209.7874836	1.31591472	1.32029
209.9651193	1.32041672	1.27332
210.1430562	1.31921581	1.2301
210.3212949	1.31345024	1.19143
210.4998362	1.30433543	1.15773
210.6786808	1.29308593	1.12911
210.8578297	1.28082507	1.1053
211.0372835	1.26849648	1.08579
211.217043	1.25684118	1.0699
211.3971089	1.24635607	1.0568
211.5774822	1.23729789	1.04569
211.7581635	1.22971082	1.03578
211.9391537	1.22345335	1.02641
212.1204536	1.2182516	1.01705
212.3020639	1.21373828	1.00733
212.4839854	1.20951434	0.99707
212.666219	1.20518039	0.9862
212.8487654	1.20037468	0.97483
213.0316255	1.19480055	0.96313
213.2148	1.18823561	0.95138
213.3982898	1.1805569	0.9399
213.5820957	1.17173519	0.92902
213.7662186	1.16183621	0.91907
213.9506591	1.15100668	0.91032
214.1354182	1.13946038	0.903
214.3204967	1.12746087	0.89724
214.5058953	1.11527981	0.89307
214.6916151	1.10318138	0.89046
214.8776566	1.09140122	0.88928
215.0640209	1.08011209	0.88934
215.2507088	1.06942201	0.89044
215.437721	1.05936985	0.89236
215.6250585	1.04993052	0.89493
215.812722	1.04104632	0.89804
216.0007125	1.03264631	0.90163
216.1890308	1.02466104	0.9057
216.3776778	1.01706777	0.91034
216.5666543	1.00989279	0.9156
216.7559611	1.0032139	0.92158
216.9455992	0.99716346	0.9283
217.1355694	0.99190032	0.93574
217.3258726	0.98758542	0.94378
217.5165097	0.984356	0.95225
217.7074815	0.98229398	0.96088
217.8987889	0.98139895	0.96939
218.0904329	0.98159487	0.9775
218.2824142	0.98271802	0.98494
218.4747339	0.98453361	0.99154
218.6673927	0.98678108	0.99723
218.8603916	0.98919532	1.00202
219.0537315	0.99154005	1.00604
219.2474133	0.99364656	1.00949
219.4414379	0.9954293	1.01261
219.6358063	0.99689365	1.01564
219.8305192	0.99811698	1.01876
220.0255777	0.99923561	1.02211
220.2209826	1.0004124	1.0257
220.416735	1.00178266	1.02945
220.6128356	1.00343398	1.03322
220.8092855	1.00537586	1.0368
221.0060856	1.00751872	1.03999
221.2032368	1.00969145	1.04265
221.40074	1.01165704	1.04471
221.5985962	1.01314563	1.04624
221.7968064	1.0139116	1.04745
221.9953715	1.01378029	1.04867
222.1942925	1.0126858	1.05032
222.3935702	1.01070191	1.05287
222.5932057	1.00806132	1.05678
222.7932	1.0051403	1.06241
222.9935539	1.00243078	1.07
223.1942686	1.00049635	1.07959
223.3953449	0.99990952	1.09102
223.5967838	1.00118451	1.10391
223.7985863	1.00472561	1.11773
224.0007534	1.01077879	1.13179
224.2032861	1.01939445	1.14535
224.4061854	1.03041926	1.15766
224.6094522	1.0435071	1.16806
224.8130876	1.05814632	1.17601
225.0170926	1.07371389	1.18119
225.2214682	1.08953999	1.18347
225.4262153	1.10494544	1.18292
225.6313351	1.11931797	1.17986
225.8368285	1.1321622	1.17473
226.0426965	1.1431225	1.16811
226.2489402	1.15200991	1.16063
226.4555606	1.15880778	1.15294
226.6625588	1.16365877	1.14562
226.8699357	1.16683227	1.13916
227.0776924	1.16869066	1.13392
227.28583	1.1696545	1.13013
227.4943495	1.17016268	1.12786
227.703252	1.17062644	1.12704
227.9125384	1.17140113	1.12749
228.12221	1.17276024	1.12893
228.3322676	1.17486968	1.13102
228.5427125	1.17779444	1.13343
228.7535457	1.18149402	1.13581
228.9647682	1.18584076	1.13791
229.1763811	1.19064034	1.13951
229.3883855	1.19565597	1.14053
229.6007826	1.20064543	1.14096
229.8135733	1.20538432	1.14091
230.0267589	1.20969781	1.14056
230.2403403	1.21347748	1.14016
230.4543187	1.21670346	1.14
230.6686952	1.21944686	1.14036
230.8834709	1.22186732	1.1415
231.098647	1.22419757	1.1436
231.3142245	1.22672204	1.14677
231.5302045	1.22975601	1.15101
231.7465883	1.233612	1.15621
231.9633769	1.23856947	1.16215
232.1805715	1.24483458	1.1685
232.3981732	1.25252084	1.17489
232.6161831	1.26163709	1.1809
232.8346025	1.27207067	1.18612
233.0534324	1.28360474	1.19021
233.2726741	1.29594366	1.19291
233.4923286	1.30872978	1.19406
233.7123972	1.32158263	1.19365
233.932881	1.33414834	1.1918
234.1537812	1.34613541	1.18874
234.375099	1.3573386	1.18477
234.5968356	1.36764402	1.18022
234.8189921	1.37704253	1.17545
235.0415697	1.38561637	1.17075
235.2645698	1.39351181	1.16637
235.4879933	1.40092537	1.16248
235.7118417	1.40806997	1.15916
235.936116	1.41514607	1.15642
236.1608174	1.42233936	1.15424
236.3859474	1.42980591	1.15253
236.6115069	1.4376678	1.15121
236.8374973	1.44602602	1.15018
237.0639198	1.45495738	1.14934
237.2907757	1.46453116	1.14861
237.5180661	1.47481276	1.14789
237.7457924	1.48586478	1.14709
237.9739558	1.49775347	1.1461
238.2025575	1.51053633	1.14478
238.4315989	1.52425907	1.14298
238.6610812	1.53895476	1.14052
238.8910056	1.55462497	1.13718
239.1213734	1.57123444	1.13274
239.352186	1.58871893	1.12697
239.5834446	1.60696469	1.1196
239.8151505	1.62579585	1.11038
240.047305	1.64499095	1.09909
240.2799095	1.664269	1.0855
240.5129651	1.68328509	1.06945
240.7464733	1.70164162	1.05083
240.9804353	1.71890491	1.02964
241.2148526	1.73461905	1.00595
241.4497263	1.7483236	0.97997
241.6850579	1.75960044	0.95204
241.9208486	1.76810159	0.9226
242.1570999	1.77356808	0.89218
242.3938131	1.77586547	0.8614
242.6309895	1.77499777	0.83088
242.8686305	1.77109867	0.80123
243.1067375	1.7644365	0.77302
243.3453118	1.75538831	0.7467
243.5843548	1.74441592	0.72263
243.8238679	1.73202778	0.70099
244.0638525	1.71873863	0.68185
244.30431	1.70504757	0.66513
244.5452417	1.69139385	0.65062
244.7866491	1.67814438	0.63804
245.0285337	1.66556902	0.627
245.2708967	1.6538306	0.61711
245.5137396	1.64298732	0.60794
245.7570639	1.63298972	0.5991
246.000871	1.62369039	0.59023
246.2451624	1.61486993	0.58108
246.4899393	1.6062483	0.57144
246.7352035	1.59750981	0.56126
246.9809561	1.58834226	0.55057
247.2271989	1.57845737	0.53953
247.4739331	1.56762594	0.52839
247.7211603	1.55569872	0.51748
247.9688819	1.54262817	0.50718
248.2170995	1.52847952	0.49788
248.4658146	1.5134225	0.48993
248.7150285	1.49771916	0.48363
248.9647429	1.48171093	0.47919
249.2149592	1.46578006	0.47669
249.465679	1.45032507	0.47612
249.7169038	1.4357276	0.47732
249.968635	1.42231925	0.48005
250.2208743	1.4103632	0.48397
250.4736232	1.40003888	0.4887
250.7268832	1.39143364	0.49381
250.9806558	1.38454022	0.49888
251.2349427	1.3792522	0.50348
251.4897454	1.37538314	0.50727
251.7450655	1.37267785	0.50992
252.0009045	1.3708201	0.51121
252.257264	1.36944944	0.51097
252.5141456	1.36818373	0.50917
252.771551	1.36664148	0.50584
253.0294817	1.3644631	0.50115
253.2879393	1.36133791	0.49533
253.5469255	1.35701714	0.48871
253.8064418	1.35134512	0.48168
254.0664899	1.34425877	0.47464
254.3270714	1.33580358	0.46803
254.5881881	1.32612542	0.46221
254.8498414	1.31544805	0.45751
255.1120332	1.3040674	0.45417
255.3747649	1.29232137	0.45233
255.6380384	1.2805664	0.45203
255.9018553	1.2691442	0.45319
256.1662173	1.25835974	0.45566
256.431126	1.2484708	0.45921
256.6965832	1.23966784	0.46355
256.9625906	1.23207212	0.46837
257.2291499	1.22573381	0.47333
257.4962627	1.22062392	0.47809
257.7639309	1.21664421	0.48234
258.0321562	1.21363225	0.48579
258.3009402	1.21136328	0.4882
258.5702848	1.20956756	0.4894
258.8401917	1.2079421	0.48928
259.1106627	1.20615803	0.48781
259.3816995	1.20389015	0.48507
259.653304	1.20083917	0.48121
259.9254778	1.19674852	0.47647
260.1982229	1.19141893	0.47114
260.4715409	1.18473213	0.46559
260.7454337	1.1766601	0.46018
261.0199032	1.1672644	0.45529
261.2949511	1.15669095	0.45124
261.5705793	1.14515795	0.44832
261.8467895	1.13293947	0.44672
262.1235838	1.12034602	0.44657
262.4009638	1.10770325	0.44788
262.6789315	1.09532029	0.45058
262.9574888	1.08348532	0.45453
263.2366374	1.0724356	0.45948
263.5163794	1.062338	0.46515
263.7967166	1.05329493	0.47122
264.0776509	1.04531958	0.47732
264.3591841	1.03833073	0.48311
264.6413183	1.03214098	0.48825
264.9240554	1.02631586	0.49247
265.2068299	1.02215261	0.49556
265.4907773	1.01656194	0.49739
265.7753333	1.0107496	0.49797
266.0605	1.00413424	0.49739
266.3462793	0.99631964	0.49588
266.6326731	0.98699103	0.49377
266.9196835	0.97591024	0.49146
267.2073125	0.96293487	0.48944
267.495562	0.9480474	0.48824
267.7844341	0.93133711	0.48835
268.0739308	0.91300551	0.49029
268.3640541	0.89337128	0.49449
268.6548061	0.87283142	0.50129
268.9461887	0.85184986	0.51095
269.2382041	0.83094453	0.52361
269.5308543	0.81064575	0.53926
269.8241415	0.79147201	0.55779
270.1180675	0.77390142	0.57894
270.4126347	0.75834472	0.60237
270.707845	0.74512543	0.62763
271.0037005	0.73445283	0.65422
271.3002035	0.72642557	0.68163
271.597356	0.7210202	0.70933
271.8951601	0.71809867	0.73687
272.193618	0.71744384	0.76388
272.4927319	0.71877789	0.79008
272.7925039	0.72178915	0.81531
273.0929361	0.72617451	0.83954
273.3940309	0.73168253	0.86285
273.6957903	0.73812853	0.88537
273.9982166	0.74541181	0.9073
274.3013119	0.75353457	0.92884
274.6050786	0.76259237	0.95015
274.9095188	0.77275358	0.97131
275.2146349	0.78422454	0.99229
275.5204289	0.79722018	1.01296
275.8269032	0.81192266	1.03305
276.1340601	0.82843884	1.0522
276.4419019	0.84677164	1.06997
276.7504308	0.86680078	1.0859
277.0596492	0.88827166	1.09953
277.3695593	0.91079843	1.11048
277.6801635	0.93390288	1.1185
277.9914641	0.95703732	1.12345
278.3034635	0.979625	1.12539
278.616164	1.00112639	1.12455
278.9295681	1.02107088	1.12129
279.2436779	1.0390993	1.11612
279.5584961	1.05499996	1.10961
279.8740248	1.06870526	1.10234
280.1902667	1.08029303	1.09488
280.507224	1.08997206	1.08771
280.8248992	1.09803961	1.08119
281.1432948	1.10484577	1.07556
281.4624132	1.11075656	1.07092
281.7822568	1.11611732	1.06725
282.1028282	1.12120817	1.0644
282.4241298	1.12622562	1.06219
282.7461642	1.13129367	1.06041
283.0689338	1.13644509	1.05882
283.3924411	1.14163159	1.05725
283.7166888	1.14676752	1.0556
284.0416793	1.15174205	1.05381
284.3674151	1.15643849	1.05191
284.693899	1.16076561	1.04999
285.0211333	1.16468242	1.0482
285.3491208	1.16820106	1.04668
285.6778641	1.1713874	1.04559
286.0073656	1.17435812	1.04504
286.3376282	1.17726708	1.04511
286.6686543	1.18028164	1.04579
287.0004468	1.18355655	1.04703
287.3330081	1.18722794	1.04873
287.6663411	1.19139148	1.05074
288.0004483	1.19609683	1.05291
288.3353326	1.20134772	1.05508
288.6709965	1.20710766	1.05713
289.0074429	1.21333001	1.05899
289.3446744	1.21995914	1.06059
289.6826939	1.22695149	1.06194
290.0215041	1.23429287	1.06303
290.3611077	1.24198596	1.06386
290.7015076	1.25006416	1.06443
291.0427066	1.25857762	1.06468
291.3847074	1.26756565	1.06451
291.7275129	1.27704865	1.06379
292.071126	1.28700786	1.06234
292.4155495	1.29737016	1.05998
292.7607863	1.30801798	1.05655
293.1068392	1.31878984	1.0519
293.4537112	1.32947795	1.04592
293.8014052	1.33985384	1.03858
294.1499241	1.34968821	1.02989
294.4992708	1.35874566	1.0199
294.8494483	1.36681095	1.00875
295.2004595	1.37369556	0.99658
295.5523075	1.37923251	0.98359
295.9049952	1.38329459	0.97001
296.2585257	1.38579473	0.95609
296.6129019	1.38668831	0.9421
296.9681269	1.38598314	0.92833
297.3242038	1.38375036	0.91507
297.6811357	1.38010701	0.90256
298.0389255	1.37522346	0.89106
298.3975764	1.36932878	0.88075
298.7570916	1.36267146	0.87173
299.1174741	1.35551324	0.86406
299.4787271	1.34811297	0.8577
299.8408537	1.34069641	0.85255
300.2038571	1.33344574	0.84846
300.5677406	1.32649115	0.84525
300.9325073	1.31990168	0.84272
301.2981604	1.31369961	0.84071
301.6647032	1.30786452	0.83905
302.0321389	1.30235124	0.83765
302.4004707	1.2971028	0.83641
302.7697021	1.29205703	0.8353
303.1398362	1.28716388	0.83429
303.5108764	1.28237938	0.83337
303.882826	1.27766632	0.83253
304.2556883	1.2729928	0.83177
304.6294668	1.26832669	0.83108
305.0041648	1.26363675	0.83047
305.3797857	1.25888501	0.82993
305.7563329	1.25403299	0.8295
306.1338099	1.24905962	0.82922
306.51222	1.24394407	0.82912
306.8915668	1.23868814	0.82929
307.2718538	1.2333127	0.82976
307.6530844	1.2278563	0.83061
308.0352621	1.22237477	0.83185
308.4183905	1.21692766	0.83351
308.8024732	1.21158067	0.83557
309.1875137	1.20638286	0.83799
309.5735156	1.20136908	0.84073
309.9604825	1.19656145	0.84374
310.348418	1.19196558	0.84697
310.7373258	1.18757288	0.85038
311.1272095	1.18337006	0.85395
311.5180729	1.17933969	0.85766
311.9099195	1.17547343	0.86153
312.3027531	1.17177824	0.86556
312.6965776	1.1682653	0.86975
313.0913965	1.16494821	0.87409
313.4872137	1.16184979	0.87858
313.8840329	1.15898793	0.88317
314.281858	1.15636674	0.88783
314.6806929	1.15398116	0.89251
315.0805413	1.15180946	0.89717
315.4814071	1.14982588	0.90179
315.8832943	1.14799874	0.90634
316.2862066	1.14628527	0.91081
316.6901481	1.14465503	0.91523
317.0951228	1.14308602	0.9196
317.5011344	1.1415587	0.92395
317.9081872	1.14007206	0.92831
318.316285	1.13862762	0.93268
318.7254319	1.13722873	0.93708
319.1356319	1.1358791	0.9415
319.5468892	1.13458086	0.94595
319.9592077	1.13333186	0.95041
320.3725917	1.13211897	0.95488
320.7870453	1.13093183	0.95937
321.2025725	1.129764	0.96389
321.6191777	1.12860938	0.96845
322.0368649	1.12747311	0.97308
322.4556385	1.12636035	0.97777
322.8755026	1.12527812	0.98255
323.2964615	1.12424539	0.98742
323.7185196	1.12327604	0.99237
324.141681	1.12237255	0.99738
324.5659503	1.12154029	1.00246
324.9913316	1.12077634	1.00757
325.4178294	1.12006765	1.01272
325.8454481	1.11940367	1.0179
326.2741921	1.11877698	1.02313
326.7040659	1.11817909	1.0284
327.1350739	1.11760925	1.03375
327.5672206	1.11707341	1.03917
328.0005106	1.11658001	1.04469
328.4349483	1.11614461	1.0503
328.8705385	1.11577711	1.056
329.3072855	1.11548719	1.06178
329.7451941	1.11527427	1.06762
330.184269	1.11514018	1.07353
330.6245147	1.11508269	1.07948
331.0659359	1.11509484	1.08548
331.5085374	1.11516828	1.09151
331.952324	1.11529586	1.09759
332.3973003	1.11547659	1.10371
332.8434711	1.11570382	1.10987
333.2908414	1.11597144	1.11607
333.7394159	1.11627357	1.12231
334.1891995	1.11659781	1.12858
334.640197	1.11692815	1.13489
335.0924135	1.11725283	1.14125
335.5458539	1.11755305	1.14766
336.000523	1.11781448	1.15416
336.4564261	1.11803298	1.16077
336.9135679	1.11821256	1.16753
337.3719537	1.1183603	1.17445
337.8315886	1.11848815	1.18157
338.2924775	1.11861701	1.1889
338.7546257	1.11876477	1.19645
339.2180383	1.11894647	1.20422
339.6827205	1.11917214	1.21221
340.1486776	1.11944053	1.22041
340.6159148	1.1197539	1.22885
341.0844374	1.12011484	1.23752
341.5542507	1.12051535	1.24644
342.02536	1.12096125	1.25565
342.4977707	1.12146249	1.26516
342.9714882	1.12202589	1.275
343.446518	1.12266508	1.2852
343.9228655	1.12339944	1.29579
344.4005361	1.12424073	1.30678
344.8795355	1.1252078	1.31823
345.3598691	1.12632129	1.33015
345.8415425	1.12760292	1.34261
346.3245615	1.12909276	1.35566
346.8089315	1.13083708	1.36936
347.2946583	1.13290341	1.38379
347.7817475	1.13538104	1.39901
348.2702051	1.13837445	1.41508
348.7600366	1.14201287	1.43206
349.2512479	1.1464463	1.44998
349.7438449	1.1518482	1.46887
350.2378333	1.15841293	1.48871
350.7332192	1.16634683	1.50946
351.2300085	1.17587832	1.53105
351.7282071	1.18724777	1.55334
352.227821	1.20068903	1.57613
352.7288563	1.21642302	1.59916
353.2313191	1.23463631	1.62208
353.7352154	1.25545843	1.64448
354.2405514	1.27894261	1.66588
354.7473333	1.30504126	1.68576
355.2555673	1.33359971	1.7036
355.7652597	1.36435204	1.71889
356.2764167	1.39691514	1.73117
356.7890446	1.43081733	1.7401
357.3031499	1.46551942	1.74542
357.8187388	1.50042679	1.74701
358.3358179	1.53494103	1.74492
358.8543936	1.56849871	1.73932
359.3744725	1.60057758	1.73048
359.896061	1.63073417	1.71882
360.4191657	1.65863221	1.70481
360.9437933	1.68403995	1.68897
361.4699504	1.70684022	1.67184
361.9976438	1.72702004	1.65393
362.5268801	1.7446631	1.63573
363.0576662	1.75993507	1.61765
363.5900088	1.77305653	1.60003
364.1239148	1.78428587	1.58313
364.6593912	1.79390059	1.56713
365.1964448	1.80217021	1.55212
365.7350826	1.80935227	1.53816
366.2753117	1.81567873	1.52522
366.8171391	1.82134218	1.51326
367.3605719	1.82650458	1.50221
367.9056172	1.83129298	1.49199
368.4522823	1.83581057	1.48253
369.0005744	1.84014277	1.47375
369.5505007	1.84434697	1.46556
370.1020687	1.84846817	1.45791
370.6552855	1.85253969	1.45072
371.2101587	1.85658352	1.44395
371.7666957	1.8606167	1.43754
372.3249039	1.86464439	1.43145
372.884791	1.86866983	1.42565
373.4463645	1.8726989	1.42012
374.009632	1.87673501	1.41483
374.5746012	1.88078093	1.40977
375.1412799	1.8848406	1.40492
375.7096758	1.88892243	1.40028
376.2797967	1.89304052	1.39583
376.8516505	1.89719895	1.39154
377.4252451	1.90139809	1.3874
378.0005884	1.90563812	1.38339
378.5776885	1.90991632	1.3795
379.1565535	1.91423061	1.37572
379.7371914	1.91857629	1.37204
380.3196104	1.92294727	1.36846
380.9038187	1.92735066	1.365
381.4898246	1.93179442	1.36164
382.0776364	1.93629032	1.3584
382.6672623	1.9408519	1.35525
383.258711	1.94548604	1.35219
383.8519907	1.950202	1.3492
384.4471101	1.9550007	1.34626
385.0440776	1.95988093	1.34336
385.642902	1.96483646	1.34048
386.2435919	1.96986509	1.33763
386.846156	1.97496697	1.33479
387.4506031	1.9801376	1.33196
388.0569421	1.98537916	1.32914
388.6651818	1.99069527	1.32632
389.2753312	1.99608793	1.32349
389.8873994	2.00155378	1.32063
390.5013953	2.00708375	1.31773
391.1173281	2.01266614	1.31478
391.735207	2.01828816	1.31178
392.3550411	2.02393648	1.30873
392.9768399	2.02960382	1.30565
393.6006127	2.03529217	1.30255
394.2263688	2.04100785	1.29944
394.8541178	2.04675829	1.29632
395.4838692	2.05255602	1.2932
396.1156326	2.0584114	1.29006
396.7494176	2.06433143	1.2869
397.385234	2.07031585	1.28369
398.0230915	2.07636284	1.28044
398.663	2.08246668	1.27712
399.3049694	2.08861948	1.27375
399.9490097	2.09482652	1.27033
400.5951309	2.10108666	1.26685
401.243343	2.10741188	1.26334
401.8936564	2.11382007	1.25977
402.5460812	2.12031814	1.25613
403.2006276	2.12691341	1.2524
403.8573062	2.13361214	1.24856
404.5161272	2.14040534	1.24456
405.1771013	2.14727332	1.24039
405.840239	2.15419875	1.23603
406.5055508	2.16115321	1.23146
407.1730476	2.168121	1.22671
407.8427401	2.17508944	1.22175
408.5146392	2.18204157	1.2166
409.1887558	2.18897549	1.21126
409.8651008	2.19588525	1.20571
410.5436854	2.20274786	1.19992
411.2245207	2.20953401	1.19389
411.9076179	2.21620866	1.1876
412.5929884	2.22272125	1.18105
413.2806433	2.22902004	1.17427
413.9705943	2.23506316	1.16731
414.6628528	2.24081835	1.16023
415.3574305	2.24628667	1.15314
416.0543389	2.25149383	1.14609
416.7535899	2.25648603	1.13917
417.4551953	2.26133534	1.13241
418.1591669	2.26611639	1.12582
418.8655169	2.27089843	1.11937
419.5742572	2.27573292	1.11301
420.2854	2.28065318	1.10668
420.9989576	2.28566558	1.1003
421.7149422	2.29074696	1.09381
422.4333663	2.29586856	1.08719
423.1542423	2.30099838	1.08041
423.8775829	2.30610408	1.07348
424.6034007	2.31117077	1.06642
425.3317084	2.3162039	1.05925
426.0625189	2.32121228	1.05195
426.7958451	2.32620096	1.04451
427.5317	2.33116953	1.03689
428.2700967	2.33610217	1.02905
429.0110484	2.34095676	1.02093
429.7545685	2.34567367	1.01252
430.5006701	2.35018049	1.0038
431.249367	2.35440192	0.99482
432.0006725	2.3582793	0.98564
432.7546003	2.36178278	0.97637
433.5111643	2.36492494	0.96711
434.2703783	2.36774788	0.95794
435.0322561	2.3703181	0.94892
435.796812	2.3727202	0.94007
436.5640599	2.37502632	0.93134
437.3340141	2.3772878	0.92268
438.106689	2.37951645	0.91397
438.8820991	2.38167178	0.90513
439.6602589	2.38368143	0.8961
440.4411829	2.38544929	0.88687
441.2248861	2.38688487	0.8775
442.0113832	2.38792737	0.86809
442.8006893	2.38855666	0.85877
443.5928193	2.38881123	0.84969
444.3877885	2.38878171	0.84095
445.1856122	2.38859128	0.83261
445.9863058	2.38838216	0.82466
446.7898847	2.38826577	0.81698
447.5963646	2.38829832	0.80944
448.4057613	2.38848315	0.80188
449.2180906	2.38874573	0.79413
450.0333684	2.38895681	0.78612
450.8516109	2.38896497	0.77783
451.6728342	2.38862949	0.76936
452.4970547	2.38786495	0.76087
453.3242888	2.3866598	0.75256
454.1545531	2.38507822	0.74461
454.9878642	2.38326006	0.73718
455.824239	2.38139368	0.73031
456.6636943	2.37966047	0.72394
457.5062472	2.37821194	0.71794
458.351915	2.37712578	0.71207
459.2007148	2.37638054	0.7061
460.0526642	2.37585987	0.69981
460.9077807	2.37538208	0.6931
461.7660819	2.37473751	0.68594
462.6275858	2.37372316	0.67844
463.4923103	2.3722069	0.67082
464.3602734	2.37015255	0.66333
465.2314934	2.3676186	0.65622
466.1059887	2.36476336	0.64971
466.9837778	2.36181263	0.64389
467.8648792	2.35900137	0.63873
468.7493119	2.35653393	0.63409
469.6370947	2.35454272	0.62973
470.5282467	2.3530526	0.62536
471.4227871	2.35198061	0.62072
472.3207352	2.35114939	0.6156
473.2221107	2.35032106	0.60992
474.1269331	2.34925587	0.60373
475.0352222	2.34774901	0.59718
475.9469981	2.34567807	0.59054
476.8622808	2.3430287	0.58409
477.7810906	2.33989863	0.57812
478.7034479	2.33648301	0.57282
479.6293733	2.33302493	0.56827
480.5588876	2.3297826	0.56444
481.4920117	2.326977	0.56115
482.4287665	2.32474309	0.55814
483.3691735	2.32310685	0.5551
484.3132539	2.32198462	0.55175
485.2610294	2.32119086	0.54785
486.2125216	2.32047884	0.54331
487.1677525	2.31958651	0.53813
488.1267441	2.31827469	0.53246
489.0895187	2.31638273	0.52655
490.0560988	2.31385282	0.5207
491.0265069	2.31074316	0.51522
492.0007659	2.30721455	0.51035
492.9788986	2.30349592	0.50624
493.9609283	2.29986163	0.50294
494.9468782	2.29656977	0.50032
495.936772	2.29381308	0.49818
496.9306333	2.29169986	0.49623
497.9284859	2.29022209	0.49415
498.9303541	2.28926509	0.49167
499.9362621	2.2886287	0.48858
500.9462343	2.28805779	0.48479
501.9602955	2.28728121	0.48032
502.9784706	2.28606225	0.47534
504.0007846	2.28424515	0.4701
505.0272627	2.28177161	0.4649
506.0579306	2.27869502	0.46005
507.0928139	2.27517085	0.4558
508.1319385	2.27142514	0.45231
509.1753306	2.26772756	0.44964
510.2230165	2.26434409	0.4477
511.2750227	2.26148879	0.4463
512.331376	2.25929226	0.44516
513.3921035	2.25777912	0.44397
514.4572324	2.25686526	0.44243
515.52679	2.25637428	0.44031
516.6008042	2.2560598	0.43746
517.6793027	2.25565082	0.43388
518.7623138	2.25489312	0.42966
519.8498658	2.25358472	0.42502
520.9419874	2.25161463	0.42024
522.0387074	2.24897408	0.41563
523.1400549	2.24575915	0.41148
524.2460592	2.24215804	0.40802
525.35675	2.23842614	0.40538
526.4721571	2.23483731	0.40355
527.5923106	2.23164261	0.40242
528.7172409	2.22903837	0.40177
529.8469786	2.22713005	0.40131
530.9815546	2.22592483	0.40074
532.121	2.2253217	0.39975
533.2653462	2.22512864	0.39813
534.414625	2.22509319	0.39574
535.5688683	2.22493982	0.39259
536.7281082	2.22441929	0.38879
537.8923774	2.22332848	0.38454
539.0617087	2.2215576	0.38015
540.2361351	2.21909611	0.3759
541.41569	2.21603447	0.37211
542.600407	2.21256295	0.369
543.7903202	2.20892611	0.3667
544.9854637	2.20539346	0.36523
546.1858722	2.20222627	0.3645
547.3915806	2.19963531	0.3643
548.6026239	2.19774375	0.36435
549.8190377	2.19657925	0.36435
551.0408578	2.19606547	0.36399
552.2681203	2.19602971	0.36303
553.5008616	2.19623654	0.36132
554.7391186	2.19641445	0.35881
555.9829283	2.19630202	0.35559
557.2323281	2.19567808	0.35182
558.4873559	2.19439547	0.34778
559.7480497	2.19240595	0.34376
561.014448	2.18975967	0.34007
562.2865896	2.18660686	0.33697
563.5645136	2.18316753	0.33463
564.8482597	2.1797041	0.33313
566.1378676	2.17648453	0.33242
567.4333776	2.17374036	0.33235
568.7348303	2.17164304	0.33269
570.0422667	2.17027586	0.33314
571.3557281	2.16961582	0.33339
572.6752564	2.16954374	0.33317
574.0008935	2.16986007	0.33227
575.3326821	2.17031452	0.33059
576.6706651	2.17064221	0.32813
578.0148858	2.17059344	0.325
579.3653879	2.16997699	0.32142
580.7222155	2.16868085	0.31765
582.0854131	2.16668565	0.314
583.4550259	2.16407641	0.31076
584.8310991	2.16102512	0.30816
586.2136785	2.15776324	0.30634
587.6028104	2.15455121	0.30534
588.9985416	2.15164626	0.30509
590.400919	2.14926205	0.30541
591.8099905	2.14754416	0.30606
593.2258038	2.14654307	0.30673
594.6484077	2.14621402	0.30715
596.077851	2.14642381	0.30705
597.5141831	2.14694247	0.30625
598.9574541	2.1477429	3.05E-01
600.4077143	2.14824043	3.02E-01
601.8650146	2.14797614	2.99E-01
603.3294063	2.14726043	2.96E-01
604.8009415	2.14624815	2.93E-01
606.2796724	2.14435128	2.89E-01
607.765652	2.14195848	2.87E-01
609.2589337	2.13922334	2.84E-01
610.7595714	2.13615077	2.83E-01
612.2676198	2.13328005	2.82E-01
613.7831337	2.13051052	2.82E-01
615.3061687	2.12844492	2.83E-01
616.8367811	2.12735567	2.84E-01
618.3750274	2.12662093	2.84E-01
619.920965	2.12637797	2.85E-01
621.4746516	2.12693148	2.85E-01
623.0361457	2.12758899	2.84E-01
624.6055063	2.12841838	2.83E-01
626.1827929	2.12884334	2.80E-01
627.7680658	2.12873899	2.78E-01
629.3613858	2.12841588	2.75E-01
630.9628142	2.12745761	2.72E-01
632.5724133	2.12591582	2.69E-01
634.1902455	2.12351925	2.66E-01
635.8163744	2.12090883	2.65E-01
637.4508638	2.11868116	2.64E-01
639.0937784	2.11634379	2.63E-01
640.7451835	2.11399454	2.63E-01
642.4051451	2.11228535	2.64E-01
644.0737299	2.11150879	2.65E-01
645.7510052	2.11105405	2.65E-01
647.4370392	2.11106744	2.66E-01
649.1319005	2.11187008	2.66E-01
650.8356588	2.11284646	2.65E-01
652.5483842	2.11347437	2.63E-01
654.2701478	2.11363892	2.61E-01
656.0010212	2.11365844	2.59E-01
657.7410769	2.1131344	2.56E-01
659.4903883	2.11215812	2.54E-01
661.2490293	2.11059867	2.51E-01
663.0170749	2.10873816	2.50E-01
664.7946005	2.10672217	2.48E-01
666.5816828	2.10459625	2.48E-01
668.3783989	2.10306031	2.48E-01
670.184827	2.1017188	2.48E-01
672.0010461	2.10096536	2.49E-01
673.8271359	2.10077504	2.49E-01
675.6631771	2.10067899	2.49E-01
677.5092514	2.10083823	2.49E-01
679.3654411	2.10147077	2.49E-01
681.2318297	2.10240878	2.48E-01
683.1085014	2.10299971	2.46E-01
684.9955414	2.10306087	2.44E-01
686.893036	2.10276892	2.42E-01
688.8010722	2.10213859	2.40E-01
690.7197382	2.10103619	2.38E-01
692.6491229	2.09977835	2.37E-01
694.5893165	2.09864664	2.36E-01
696.5404101	2.09732996	2.35E-01
698.5024958	2.09608349	2.35E-01
700.4756667	2.09511152	2.35E-01
702.460017	2.09473848	2.36E-01
704.455642	2.09493435	2.36E-01
706.4626382	2.09524689	2.36E-01
708.4811029	2.09592844	2.36E-01
710.5111347	2.09668678	2.35E-01
712.5528333	2.09723381	2.34E-01
714.6062997	2.09783994	2.33E-01
716.6716358	2.09809944	2.31E-01
718.7489449	2.09813193	2.30E-01
720.8383314	2.09793449	2.28E-01
722.9399009	2.09737066	2.27E-01
725.0537602	2.09677044	2.26E-01
727.1800176	2.09645209	2.26E-01
729.3187824	2.09623785	2.25E-01
731.4701652	2.09596971	2.25E-01
733.6342781	2.09608878	2.25E-01
735.8112344	2.0965023	2.25E-01
738.0011488	2.09729892	2.25E-01
740.2041373	2.09803224	2.24E-01
742.4203174	2.09884618	2.24E-01
744.6498078	2.09988998	2.23E-01
746.8927289	2.10072871	2.22E-01
749.1492024	2.10148329	2.21E-01
751.4193515	2.10217839	2.20E-01
753.7033009	2.10279865	2.19E-01
756.0011768	2.10323326	2.18E-01
758.313107	2.10392839	2.18E-01
760.6392209	2.10475417	2.17E-01
762.9796492	2.10559806	2.17E-01
765.3345247	2.10702011	2.17E-01
767.7039814	2.10846083	2.16E-01
770.0881553	2.11001685	2.16E-01
772.4871838	2.11172745	2.15E-01
774.9012063	2.11363483	2.15E-01
777.3303636	2.11585357	2.14E-01
779.7747987	2.1178556	2.13E-01
782.2346562	2.12026561	2.13E-01
784.7100823	2.12315393	2.12E-01
787.2012254	2.12610752	2.11E-01
789.7082357	2.12932304	2.10E-01
792.2312652	2.13302976	2.09E-01
794.7704679	2.13697771	2.07E-01
797.326	2.14093798	2.05E-01
799.8980194	2.14522119	2.03E-01
802.4866861	2.15026274	2.01E-01
805.0921623	2.15555937	1.97E-01
807.7146124	2.16073119	1.93E-01
810.3542026	2.16594189	1.88E-01
813.0111016	2.17138915	1.83E-01
815.6854803	2.17686932	1.76E-01
818.3775116	2.18162905	1.68E-01
821.0873709	2.18605524	1.60E-01
823.8152359	2.18985945	1.50E-01
826.5612867	2.19270291	1.40E-01
829.3257057	2.194752	1.29E-01
832.1086779	2.19535975	1.17E-01
834.9103906	2.19482678	1.06E-01
837.7310338	2.19335292	9.42E-02
840.5708	2.1905714	8.27E-02
843.4298844	2.18663224	7.16E-02
846.3084846	2.18167508	6.12E-02
849.2068014	2.17585429	5.15E-02
852.1250378	2.16924632	4.26E-02
855.0634	2.16204893	3.48E-02
858.0220969	2.15450981	2.80E-02
861.0013403	2.14674779	2.21E-02
864.0013449	2.13890879	1.72E-02
867.0223287	2.13111918	1.31E-02
870.0645123	2.12349024	9.87E-03
873.1281197	2.11613059	7.29E-03
876.2133781	2.10907544	5.29E-03
879.3205177	2.10236059	3.77E-03
882.4497722	2.09600181	2.64E-03
885.6013786	2.09000227	1.82E-03
888.7755771	2.08435032	1.23E-03
891.9726115	2.07902437	8.16E-04
895.1927292	2.0740014	5.32E-04
898.4361812	2.06925559	3.40E-04
901.7032218	2.06476103	2.14E-04
904.9941095	2.060493	1.32E-04
908.3091062	2.05642792	7.96E-05
911.6484779	2.05254508	4.73E-05
915.0124945	2.04882619	2.75E-05
918.4014296	2.04525507	1.57E-05
921.8155613	2.04181779	8.83E-06
925.2551716	2.03850225	4.86E-06
928.7205468	2.03529801	2.62E-06
932.2119774	2.03219602	1.39E-06
935.7297585	2.02918846	7.22E-07
939.2741894	2.02626847	3.68E-07
942.8455741	2.02343002	1.84E-07
946.4442214	2.02066778	9.04E-08
950.0704444	2.01797702	4.35E-08
953.7245615	2.0153535	2.05E-08
957.4068958	2.01279338	9.50E-09
961.1177752	2.01029322	4.32E-09
964.8575331	2.00784988	1.92E-09
968.6265078	2.00546048	8.40E-10
972.4250431	2.0031224	3.60E-10
976.2534882	2.00083323	1.51E-10
980.1121976	1.99859075	6.23E-11
984.0015317	1.99639289	2.52E-11
987.9218566	1.99423775	9.99E-12
991.873544	1.99212357	3.89E-12
995.8569719	1.9900487	1.48E-12
999.8725242	1.98801159	5.54E-13
1003.920591	1.98601081	2.03E-13
1008.001569	1.98404501	7.31E-14
1012.115861	1.98211294	2.58E-14
1016.263877	1.98021341	8.92E-15
1020.446033	1.97834529	3.03E-15
1024.662752	1.97650755	1.01E-15
1028.914465	1.97469918	3.29E-16
1033.201608	1.97291925	1.05E-16
1037.524628	1.97116687	3.30E-17
1041.883975	1.9694412	1.02E-17
1046.28011	1.96774145	3.06E-18
1050.7135	1.96606686	9.06E-19
1055.184621	1.96441671	2.63E-19
1059.693957	1.96279031	7.48E-20
1064.242	1.96118702	2.09E-20
1068.82925	1.95960621	5.71E-21
1073.456216	1.9580473	1.53E-21
1078.123417	1.95650971	4.03E-22
1082.83138	1.95499291	1.04E-22
1087.58064	1.95349638	2.63E-23
1092.371744	1.95201962	6.51E-24
1097.205248	1.95056217	1.58E-24
1102.081716	1.94912357	3.77E-25
1107.001723	1.94770338	8.82E-26
1111.965857	1.94630118	2.02E-26
1116.974712	1.94491658	4.54E-27
1122.028896	1.94354919	1.00E-27
1127.129027	1.94219864	2.16E-28
1132.275735	1.94086457	4.58E-29
1137.469661	1.93954664	9.51E-30
1142.711456	1.93824451	1.94E-30
1148.001787	1.93695787	3.86E-31
1153.34133	1.93568642	7.56E-32
1158.730776	1.93442984	1.45E-32
1164.170826	1.93318787	2.73E-33
1169.662198	1.93196021	5.03E-34
1175.205621	1.93074661	9.10E-35
1180.801838	1.92954681	1.61E-35
1186.451608	1.92836055	2.80E-36
1192.155702	1.9271876	4.77E-37
1197.914908	1.92602771	7.98E-38
1203.730029	1.92488067	1.31E-38
1209.601883	1.92374625	2.10E-39
1215.531304	1.92262425	3.30E-40
1221.519143	1.92151445	5.09E-41
1227.566267	1.92041666	7.70E-42
1233.673562	1.91933068	1.14E-42
1239.84193	1.91825632	1.66E-43
1246.072291	1.9171934	2.37E-44
1252.365586	1.91614174	3.30E-45
1258.722772	1.91510118	4.53E-46
1265.144827	1.91407154	6.08E-47
1271.632749	1.91305266	8.00E-48
1278.187557	1.91204438	1.03E-48
1284.81029	1.91104656	1.31E-49
1291.50201	1.91005903	1.62E-50
1298.263801	1.90908165	1.97E-51
1305.096768	1.90811428	2.34E-52
1312.002042	1.90715679	2.74E-53
1318.980777	1.90620903	3.13E-54
1326.03415	1.90527088	3.52E-55
1333.163366	1.90434221	3.87E-56
1340.369654	1.90342289	4.17E-57
1347.654272	1.90251281	4.41E-58
1355.018503	1.90161183	4.57E-59
1362.463659	1.90071986	4.65E-60
1369.991083	1.89983678	4.63E-61
1377.602144	1.89896247	4.52E-62
1385.298246	1.89809682	4.32E-63
1393.08082	1.89723975	4.06E-64
1400.951333	1.89639113	3.73E-65
1408.911284	1.89555087	3.36E-66
1416.962206	1.89471888	2.97E-67
1425.105667	1.89389506	2.57E-68
1433.343272	1.89307931	2.18E-69
1441.676663	1.89227154	1.82E-70
1450.10752	1.89147167	1.48E-71
1458.637565	1.8906796	1.19E-72
1467.268556	1.88989526	9.30E-74
1476.002298	1.88911855	7.14E-75
1484.840635	1.88834941	5.38E-76
1493.785458	1.88758773	3.97E-77
1502.838703	1.88683346	2.88E-78
1512.002354	1.88608651	2.04E-79
1521.278442	1.88534681	1.42E-80
1530.669049	1.88461428	9.67E-82
1540.176311	1.88388886	6.46E-83
1549.802413	1.88317047	4.23E-84
1559.549597	1.88245904	2.72E-85
1569.420165	1.8817545	1.71E-86
1579.416471	1.8810568	1.05E-87
1589.540936	1.88036586	6.38E-89
1599.796039	1.87968163	3.78E-90
1610.184325	1.87900403	2.20E-91
1620.708405	1.87833301	1.25E-92
1631.370961	1.87766851	6.98E-94
1642.174742	1.87701047	3.82E-95
1653.122573	1.87635883	2.05E-96
1664.217356	1.87571354	1.08E-97
1675.462068	1.87507454	5.55E-99
1686.859769	1.87444178	2.80E-100
1698.413603	1.8738152	1.39E-101
1710.1268	1.87319476	6.73E-103
1722.002681	1.87258039	3.20E-104
1734.044657	1.87197205	1.49E-105
1746.256239	1.8713697	6.83E-107
1758.641035	1.87077327	3.06E-108
1771.202757	1.87018273	1.34E-109
1783.945223	1.86959803	5.78E-111
1796.872362	1.86901912	2.44E-112
1809.988219	1.86844596	1.01E-113
1823.296956	1.86787851	4.09E-115
1836.802859	1.86731671	1.63E-116
1850.510343	1.86676053	6.34E-118
1864.423955	1.86620992	2.42E-119
1878.548379	1.86566485	9.05E-121
1892.888443	1.86512527	3.32E-122
1907.449123	1.86459115	1.19E-123
1922.23555	1.86406244	4.21E-125
1937.253016	1.86353911	1.45E-126
1952.506976	1.86302112	4.93E-128
1968.003063	1.86250844	1.64E-129
1983.747088	1.86200102	5.32E-131
1999.745048	1.86149883	1.70E-132
2016.003138	1.86100183	5.31E-134
2032.527754	1.86051	1.63E-135
2049.325504	1.8600233	4.88E-137
2066.403217	1.85954169	1.44E-138
2083.76795	1.85906514	4.15E-140
2101.427	1.85859362	1.17E-141
2119.387915	1.8581271	3.26E-143
2137.6585	1.85766554	8.85E-145
2156.246835	1.85720892	2.36E-146
2175.161281	1.85675721	6.16E-148
2194.410496	1.85631037	1.58E-149
2214.003446	1.85586839	3.95E-151
2233.949423	1.85543122	9.72E-153
2254.258055	1.85499884	2.34E-154
2274.939321	1.85457123	5.54E-156
2296.003574	1.85414835	1.28E-157
2317.461551	1.85373018	2.91E-159
2339.324396	1.8533167	6.48E-161
2361.603676	1.85290787	1.41E-162
2384.311404	1.85250368	3.02E-164
2407.460058	1.8521041	6.34E-166
2431.062608	1.85170909	1.30E-167
2455.132535	1.85131865	2.62E-169
2479.68386	1.85093274	5.17E-171
2504.731172	1.85055135	1.00E-172
2530.289653	1.85017444	1.90E-174
2556.375113	1.84980201	3.52E-176
2583.004021	1.84943401	6.42E-178
2610.193537	1.84907044	0.00E+00
2637.961553	1.84871127	0
2666.326731	1.84835648	0
2695.308543	1.84800606	0
2724.927319	1.84765997	0
2755.204289	1.8473182	0
2786.16164	1.84698073	0
2817.822568	1.84664754	0
2850.211333	1.84631862	0
2883.353326	1.84599393	0
2917.275129	1.84567347	0
2952.004595	1.84535722	0
2987.570916	1.84504516	0
3024.004707	1.84473727	0
3061.338099	1.84443353	0
3099.604825	1.84413394	0
3138.840329	1.84383846	0
3179.081872	1.84354709	0
3220.368649	1.84325981	0
3262.741921	1.8429766	0
3306.245147	1.84269745	0
3350.924135	1.84242234	0
3396.827205	1.84215126	0
3444.005361	1.84188419	0
3492.512479	1.84162113	0
3542.405514	1.84136205	0
3593.744725	1.84110694	0
3646.593912	1.84085579	0
3701.020687	1.84060859	0
3757.096758	1.84036531	0
3814.898246	1.84012596	0
3874.506031	1.83989051	0
3936.006127	1.83965896	0
3999.490097	1.83943129	0
4065.055508	1.83920749	0
4132.806433	1.83898755	0
4202.854	1.83877146	0
4275.317	1.83855921	0
4350.322561	1.83835078	0
4428.006893	1.83814616	0
4508.516109	1.83794535	0
4592.007148	1.83774834	0
4678.648792	1.83755511	0
4768.622808	1.83736566	0
4862.125216	1.83717997	0
4959.36772	1.83699803	0
5060.579306	1.83681985	0
5166.008042	1.8366454	0
5275.923106	1.83647468	0
5390.617087	1.83630768	0
5510.408578	1.8361444	0
5635.645136	1.83598482	0
5766.706651	1.83582893	0
5904.00919	1.83567674	0
6048.009415	1.83552822	0
6199.20965	1.83538338	0
6358.163744	1.83524221	0
6525.483842	1.83510469	0
6701.84827	1.83497083	0
6888.010722	1.83484062	0
7084.811029	1.83471405	0
7293.187824	1.83459111	0
7514.193515	1.8344718	0
7749.012063	1.83435611	0
7998.980194	1.83424404	0
8265.612867	1.83413558	0
8550.634	1.83403072	0
8856.013786	1.83392947	0
9184.014296	1.83383181	0
9537.245615	1.83373775	0
9918.73544	1.83364727	0
10332.01608	1.83356038	0
10781.23417	1.83347706	0
11271.29027	1.83339732	0
11808.01838	1.83332114	0
12398.4193	1.83324854	0
13050.96768	1.8331795	0
13776.02144	1.83311402	0
14586.37565	1.83305209	0
15498.02413	1.83299372	0
16531.22573	1.83293891	0
17712.02757	1.83288764	0
19074.49123	1.83283991	0
20664.03217	1.83279574	0
22542.58055	1.8327551	0
24796.8386	1.832718	0
27552.04289	1.83268444	0
30996.04825	1.83265442	0
35424.05514	1.83262794	0
41328.06433	1.83260498	0
49593.6772	1.83258556	0
61992.0965	1.83256968	0
82656.12867	1.83255732	0
123984.193	1.8325485	0
247968.386	1.8325432	0
123984193	1.83254144	0
