123.984317	-1.03708842	0.48123
124.0463402	-0.88702948	0.48167
124.1084255	-0.81362074	0.4825
124.170573	-0.76570346	0.48372
124.2327828	-0.73041673	0.48531
124.2950549	-0.7025721	0.48721
124.3573895	-0.67955454	0.48935
124.4197867	-0.65986563	0.49164
124.4822465	-0.64257284	0.494
124.544769	-0.62706675	0.49633
124.6073544	-0.61295187	0.49853
124.6700027	-0.59997121	0.50053
124.732714	-0.58796116	0.50227
124.7954885	-0.57681928	0.50373
124.8583261	-0.56648136	0.5049
124.9212271	-0.55691742	0.50579
124.9841915	-0.5481003	0.50647
125.0472194	-0.54000332	0.50698
125.1103109	-0.53259287	0.50742
125.1734661	-0.52581422	0.50786
125.2366851	-0.51960662	0.50837
125.299968	-0.51389401	0.50902
125.3633148	-0.50858905	0.50985
125.4267258	-0.50360472	0.51088
125.4902009	-0.49885146	0.51212
125.5537403	-0.49425412	0.51353
125.6173441	-0.48974775	0.5151
125.6810123	-0.48527752	0.51677
125.7447452	-0.48080842	0.5185
125.8085427	-0.4763151	0.52024
125.8724049	-0.47178921	0.52194
125.9363321	-0.46722522	0.52358
126.0003242	-0.46261818	0.52512
126.0643814	-0.45797287	0.52653
126.1285037	-0.45328798	0.5278
126.1926913	-0.44856163	0.52889
126.2569443	-0.44380027	0.52977
126.3212627	-0.43901704	0.5304
126.3856467	-0.43422397	0.53076
126.4500963	-0.42944781	0.53078
126.5146117	-0.42473042	0.53044
126.579193	-0.42012102	0.52969
126.6438403	-0.41569114	0.5285
126.7085536	-0.41152636	0.52686
126.7733331	-0.4077124	0.5248
126.8381789	-0.40433421	0.52235
126.903091	-0.40147643	0.51958
126.9680696	-0.39920694	0.51659
127.0331148	-0.39757012	0.5135
127.0982267	-0.3965782	0.51045
127.1634053	-0.39621935	0.50756
127.2286508	-0.3964458	0.50499
127.2939633	-0.39717726	0.50284
127.3593429	-0.39830556	0.50123
127.4247897	-0.39970253	0.5002
127.4903038	-0.40123566	0.49979
127.5558853	-0.40276232	0.49999
127.6215344	-0.4041537	0.50074
127.687251	-0.40529576	0.50197
127.7530353	-0.40610317	0.50355
127.8188874	-0.40651544	0.50538
127.8848075	-0.40650728	0.50729
127.9507956	-0.4060907	0.50917
128.0168519	-0.40530258	0.51088
128.0829763	-0.40421358	0.51232
128.1491691	-0.40290694	0.51342
128.2154304	-0.40148026	0.51412
128.2817603	-0.40003656	0.51441
128.3481587	-0.39867636	0.51429
128.414626	-0.39749515	0.5138
128.4811622	-0.39657231	0.513
128.5477673	-0.39596757	0.51197
128.6144415	-0.39571557	0.5108
128.6811849	-0.39583916	0.50956
128.7479977	-0.39634207	0.50836
128.8148798	-0.3971966	0.50729
128.8818315	-0.39835935	0.50642
128.9488528	-0.39977574	0.50581
129.0159438	-0.40137609	0.50551
129.0831047	-0.40308772	0.50553
129.1503356	-0.40483311	0.50589
129.2176365	-0.40653231	0.50656
129.2850076	-0.40811574	0.5075
129.352449	-0.40953384	0.50863
129.4199608	-0.41075456	0.50989
129.4875431	-0.4117662	0.51118
129.555196	-0.41258717	0.51242
129.6229196	-0.41325285	0.51354
129.6907141	-0.4138219	0.51447
129.7585795	-0.4143716	0.51518
129.826516	-0.41498129	0.51567
129.8945237	-0.41573048	0.51596
129.9626027	-0.41668313	0.51612
130.030753	-0.41788673	0.51621
130.0989749	-0.41936632	0.51634
130.1672684	-0.421111	0.51661
130.2356337	-0.42307988	0.51712
130.3040707	-0.42520247	0.51795
130.3725798	-0.42738846	0.51915
130.4411609	-0.4295296	0.52075
130.5098142	-0.43151373	0.52272
130.5785398	-0.4332353	0.52501
130.6473379	-0.43461474	0.5275
130.7162085	-0.43560134	0.53009
130.7851517	-0.43617207	0.53263
130.8541677	-0.43635279	0.53497
130.9232565	-0.43620381	0.53699
130.9924184	-0.43581798	0.53857
131.0616533	-0.43532424	0.53963
131.1309615	-0.43485858	0.54016
131.2003431	-0.43455689	0.54016
131.2697981	-0.43454531	0.5397
131.3393266	-0.4349336	0.53885
131.4089289	-0.4358041	0.53775
131.478605	-0.43719599	0.53653
131.548355	-0.43911894	0.53532
131.618179	-0.44155686	0.53424
131.6880772	-0.44446507	0.53341
131.7580497	-0.44777866	0.53291
131.8280966	-0.45142091	0.53281
131.898218	-0.45531726	0.53313
131.968414	-0.45939462	0.53391
132.0386848	-0.46357614	0.53515
132.1090305	-0.46780345	0.53683
132.1794512	-0.47202171	0.53896
132.2499469	-0.4761739	0.54152
132.320518	-0.48021338	0.54449
132.3911643	-0.4840943	0.54786
132.4618862	-0.48776095	0.55162
132.5326836	-0.49116389	0.55572
132.6035568	-0.49425677	0.56014
132.6745058	-0.49699348	0.56482
132.7455308	-0.49933623	0.56971
132.8166318	-0.50125779	0.57473
132.8878091	-0.50274759	0.57981
132.9590627	-0.50380231	0.58488
133.0303927	-0.50443827	0.58985
133.1017994	-0.50468335	0.59467
133.1732827	-0.50457245	0.59927
133.2448428	-0.50415064	0.60361
133.3164799	-0.50346526	0.60765
133.3881941	-0.50256457	0.61137
133.4599854	-0.50149449	0.61475
133.5318541	-0.50029957	0.61778
133.6038002	-0.49902179	0.62045
133.6758239	-0.49770431	0.62275
133.7479253	-0.49638776	0.62468
133.8201045	-0.49511812	0.62622
133.8923617	-0.49395094	0.62737
133.9646969	-0.49293994	0.62814
134.0371103	-0.49214555	0.62853
134.1096021	-0.49163364	0.62857
134.1821723	-0.49146506	0.6283
134.2548211	-0.49169786	0.62777
134.3275486	-0.49238316	0.62705
134.4003549	-0.49356156	0.62622
134.4732402	-0.49525021	0.62539
134.5462046	-0.49744769	0.62464
134.6192482	-0.50014015	0.62407
134.6923712	-0.50329168	0.62377
134.7655737	-0.50684691	0.62382
134.8388557	-0.51074608	0.62426
134.9122175	-0.51492837	0.62514
134.9856592	-0.51932321	0.62649
135.0591809	-0.52386441	0.62831
135.1327827	-0.5285004	0.63059
135.2064648	-0.53318636	0.63333
135.2802273	-0.53788849	0.63651
135.3540703	-0.54257333	0.64015
135.4279939	-0.54720285	0.64424
135.5019984	-0.55174799	0.64878
135.5760837	-0.5561738	0.65379
135.6502502	-0.56042945	0.65929
135.7244978	-0.56445582	0.66528
135.7988267	-0.56818836	0.67176
135.8732371	-0.57155753	0.67871
135.9477291	-0.57449331	0.6861
136.0223028	-0.57692863	0.69388
136.0969584	-0.57880296	0.70199
136.171696	-0.58006798	0.71035
136.2465157	-0.58068366	0.71889
136.3214176	-0.5806227	0.72751
136.396402	-0.57987181	0.73613
136.4714689	-0.57842243	0.74466
136.5466184	-0.57628014	0.753
136.6218508	-0.57346335	0.76106
136.6971661	-0.56999794	0.76875
136.7725646	-0.56591653	0.77598
136.8480462	-0.5612685	0.78264
136.9236112	-0.55612763	0.78863
136.9992597	-0.55058026	0.79387
137.0749918	-0.54473614	0.79826
137.1508077	-0.53872643	0.80175
137.2267075	-0.53269598	0.80429
137.3026914	-0.52680805	0.80587
137.3787594	-0.52123092	0.80652
137.4549118	-0.51612894	0.80631
137.5311487	-0.5116546	0.80535
137.6074702	-0.50793156	0.8038
137.6838764	-0.50505658	0.80182
137.7603675	-0.50308885	0.79963
137.8369437	-0.50203524	0.79744
137.913605	-0.50186572	0.79545
137.9903517	-0.50250523	0.79387
138.0671838	-0.50383992	0.79286
138.1441016	-0.50572526	0.79257
138.221105	-0.50799162	0.79309
138.2981944	-0.51046408	0.79447
138.3753698	-0.51296342	0.79673
138.4526314	-0.51531513	0.79984
138.5299794	-0.51735319	0.80375
138.6074138	-0.51893363	0.80835
138.6849348	-0.51993703	0.81354
138.7625425	-0.52025896	0.81919
138.8402372	-0.51981427	0.82516
138.918019	-0.51854987	0.83127
138.9958879	-0.51643966	0.83737
139.0738442	-0.51347679	0.84328
139.1518879	-0.5096938	0.84881
139.2300193	-0.50515175	0.8538
139.3082385	-0.4999421	0.85807
139.3865457	-0.49419462	0.86147
139.4649409	-0.48806953	0.86387
139.5434244	-0.48176005	0.86517
139.6219962	-0.47548058	0.86533
139.7006566	-0.46944941	0.86436
139.7794056	-0.46388615	0.86231
139.8582435	-0.45899815	0.8593
139.9371704	-0.45496613	0.85549
140.0161864	-0.4519292	0.8511
140.0952916	-0.44998523	0.84635
140.1744863	-0.44917361	0.84153
140.2537706	-0.44947308	0.83688
140.3331447	-0.45081445	0.83266
140.4126086	-0.4530733	0.82909
140.4921626	-0.45608758	0.82635
140.5718068	-0.45965725	0.82459
140.6515413	-0.46356645	0.82387
140.7313663	-0.46759626	0.82423
140.811282	-0.47152486	0.82564
140.8912885	-0.47515317	0.82801
140.971386	-0.47831218	0.83122
141.0515746	-0.48086916	0.83511
141.1318544	-0.48272482	0.83952
141.2122258	-0.48382665	0.84424
141.2926887	-0.48416352	0.84911
141.3732433	-0.48376005	0.85394
141.4538899	-0.48267424	0.8586
141.5346285	-0.48098324	0.86296
141.6154593	-0.47878682	0.86693
141.6963825	-0.47619006	0.87046
141.7773983	-0.47329202	0.87353
141.8585067	-0.47018868	0.87613
141.939708	-0.46696776	0.87829
142.0210023	-0.46369346	0.88006
142.1023898	-0.46041568	0.88148
142.1838706	-0.45716027	0.88263
142.2654449	-0.45393073	0.88355
142.3471129	-0.45071474	0.8843
142.4288747	-0.44748562	0.8849
142.5107305	-0.44420574	0.88538
142.5926804	-0.4408319	0.88572
142.6747246	-0.43732471	0.8859
142.7568633	-0.43365106	0.88586
142.8390966	-0.42980246	0.88552
142.9214247	-0.42578875	0.88481
143.0038478	-0.42164548	0.88363
143.0863659	-0.41743731	0.88191
143.1689794	-0.4132454	0.87959
143.2516883	-0.40917469	0.87662
143.3344929	-0.40533637	0.87301
143.4173932	-0.40184712	0.86876
143.5003895	-0.39881743	0.86395
143.5834819	-0.39633838	0.85865
143.6666705	-0.39448091	0.85298
143.7499557	-0.39328716	0.84705
143.8333374	-0.39277948	0.84098
143.9168159	-0.3929503	0.8349
144.0003914	-0.39376928	0.82891
144.084064	-0.39519063	0.82311
144.1678339	-0.39715029	0.81758
144.2517013	-0.39957945	0.81237
144.3356663	-0.40239774	0.80754
144.4197291	-0.40552334	0.80309
144.5038899	-0.40888389	0.79903
144.5881488	-0.41240637	0.79535
144.672506	-0.41601879	0.79203
144.7569618	-0.41966276	0.78901
144.8415162	-0.42329706	0.78624
144.9261694	-0.42689355	0.78365
145.0109217	-0.43044195	0.78117
145.0957731	-0.43395953	0.77871
145.1807239	-0.43748419	0.77622
145.2657742	-0.44107612	0.77363
145.3509242	-0.44480825	0.77094
145.4361741	-0.44875416	0.76814
145.5215241	-0.45299793	0.76526
145.6069743	-0.45760233	0.76239
145.6925249	-0.46260981	0.7596
145.7781761	-0.46804225	0.75701
145.8639281	-0.47388858	0.75473
145.949781	-0.48010031	0.75289
146.035735	-0.48659736	0.75157
146.1217904	-0.49329003	0.75083
146.2079472	-0.50006538	0.75073
146.2942057	-0.50680479	0.75125
146.380566	-0.51340636	0.75236
146.4670283	-0.51977542	0.75401
146.5535929	-0.52583924	0.75611
146.6402598	-0.53154995	0.75858
146.7270293	-0.53687721	0.76133
146.8139015	-0.5418135	0.76427
146.9008767	-0.5463666	0.76733
146.9879549	-0.55055744	0.77044
147.0751365	-0.55440729	0.77357
147.1624216	-0.55793411	0.77667
147.2498103	-0.56116401	0.7797
147.3373028	-0.56412482	0.78263
147.4248994	-0.56683834	0.78544
147.5126003	-0.56933418	0.78808
147.6004055	-0.57165301	0.79053
147.6883153	-0.57383441	0.79277
147.7763299	-0.57593202	0.79477
147.8644495	-0.57800212	0.79655
147.9526742	-0.58009539	0.79812
148.0410042	-0.58226185	0.79952
148.1294398	-0.58452967	0.80082
148.2179811	-0.58691055	0.80207
148.3066284	-0.58939183	0.80336
148.3953817	-0.59193229	0.80474
148.4842413	-0.59447225	0.80626
148.5732074	-0.59693409	0.80793
148.6622802	-0.5992415	0.80972
148.7514598	-0.60132424	0.81158
148.8407465	-0.60313071	0.81341
148.9301405	-0.604639	0.8151
149.0196419	-0.60586456	0.81651
149.1092509	-0.60686904	0.81751
149.1989677	-0.60775463	0.81799
149.2887926	-0.60865568	0.81788
149.3787258	-0.60972226	0.81716
149.4687673	-0.61111752	0.81584
149.5589174	-0.61299571	0.81402
149.6491764	-0.61547819	0.81183
149.7395444	-0.61865037	0.80944
149.8300215	-0.62255286	0.80704
149.9206081	-0.62717154	0.80484
150.0113043	-0.63243337	0.80303
150.1021103	-0.63822638	0.80175
150.1930263	-0.64440643	0.80112
150.2840525	-0.65080692	0.80119
150.3751891	-0.65726032	0.80196
150.4664362	-0.66361328	0.80337
150.5577942	-0.66974253	0.80532
150.6492632	-0.67555529	0.80769
150.7408435	-0.68100735	0.81031
150.8325351	-0.68610767	0.81304
150.9243383	-0.69089662	0.81576
151.0162534	-0.6954563	0.81835
151.1082804	-0.69988956	0.82078
151.2004198	-0.70430022	0.82303
151.2926715	-0.70879376	0.82514
151.3850359	-0.71344494	0.82721
151.4775131	-0.7182934	0.82934
151.5701034	-0.72333666	0.83167
151.6628069	-0.72853394	0.8343
151.7556239	-0.73380273	0.83736
151.8485546	-0.73901705	0.84091
151.9415992	-0.74404029	0.84496
152.0347579	-0.74873384	0.84948
152.1280308	-0.75296614	0.85439
152.2214183	-0.75662899	0.85956
152.3149205	-0.75965461	0.86482
152.4085377	-0.76202105	0.86999
152.50227	-0.76375496	0.87488
152.5961177	-0.7649242	0.87933
152.6900809	-0.76563629	0.88318
152.7841599	-0.7660375	0.88632
152.878355	-0.76628454	0.8887
152.9726662	-0.76654446	0.89028
153.0670939	-0.76698222	0.8911
153.1616382	-0.76774579	0.89121
153.2562995	-0.76897035	0.8907
153.3510777	-0.7707729	0.88968
153.4459733	-0.77323567	0.88831
153.5409864	-0.7764102	0.88672
153.6361173	-0.780334	0.88506
153.7313661	-0.78500845	0.88351
153.826733	-0.79040221	0.88222
153.9222184	-0.79645176	0.88136
154.0178224	-0.80306004	0.88106
154.1135452	-0.81010631	0.88144
154.2093871	-0.817444	0.88259
154.3053482	-0.82489528	0.88458
154.4014289	-0.83227813	0.88738
154.4976293	-0.83941697	0.89096
154.5939496	-0.84614761	0.8952
154.6903901	-0.85234443	0.89995
154.786951	-0.85791887	0.90503
154.8836326	-0.86283625	0.91022
154.980435	-0.86712416	0.91531
155.0773584	-0.87086459	0.92011
155.1744032	-0.87418728	0.92447
155.2715695	-0.8772463	0.92831
155.3688576	-0.88021091	0.93158
155.4662677	-0.8832475	0.93432
155.5638	-0.88650095	0.9366
155.6614547	-0.89007295	0.93857
155.7592321	-0.8940137	0.94036
155.8571324	-0.89833112	0.94212
155.9551559	-0.9029893	0.94397
156.0533028	-0.90792387	0.946
156.1515732	-0.91305336	0.94826
156.2499675	-0.91829112	0.95076
156.3484859	-0.92356989	0.95345
156.4471286	-0.92885052	0.95628
156.5458959	-0.93412654	0.95917
156.6447879	-0.93941769	0.96208
156.743805	-0.94476927	0.96495
156.8429473	-0.95024452	0.96779
156.9422151	-0.95589887	0.97063
157.0416087	-0.96177858	0.97353
157.1411282	-0.96790145	0.97659
157.2407739	-0.97425233	0.9799
157.3405461	-0.98078388	0.98356
157.440445	-0.9874166	0.98764
157.5404708	-0.99405217	0.99218
157.6406238	-1.00057836	0.99719
157.7409043	-1.00687963	1.00263
157.8413123	-1.01286521	1.0084
157.9418483	-1.01847526	1.0144
158.0425125	-1.02367241	1.02051
158.143305	-1.02846025	1.02658
158.2442262	-1.03288342	1.03249
158.3452763	-1.03701004	1.03814
158.4464555	-1.04093432	1.04344
158.5477641	-1.04476602	1.04835
158.6492024	-1.04862434	1.05284
158.7507705	-1.05263528	1.05693
158.8524687	-1.05691117	1.06068
158.9542974	-1.06155097	1.06416
159.0562566	-1.06664346	1.06747
159.1583468	-1.07225024	1.07075
159.2605681	-1.07840114	1.07414
159.3629208	-1.0851004	1.07779
159.4654051	-1.09232191	1.08186
159.5680213	-1.09999843	1.08652
159.6707697	-1.1080248	1.09191
159.7736505	-1.11626265	1.09816
159.8766639	-1.12454219	1.10536
159.9798103	-1.13266658	1.11357
160.0830898	-1.14042594	1.12278
160.1865028	-1.14760508	1.13295
160.2900495	-1.15400091	1.14395
160.3937301	-1.15943528	1.15563
160.497545	-1.16376007	1.16777
160.6014943	-1.16687428	1.18012
160.7055784	-1.16874058	1.19238
160.8097974	-1.16938227	1.20428
160.9141517	-1.1688763	1.21553
161.0186416	-1.16737397	1.22585
161.1232672	-1.16507839	1.23504
161.2280289	-1.162239	1.24291
161.3329269	-1.15914003	1.24938
161.4379615	-1.15608146	1.25441
161.543133	-1.15336012	1.25808
161.6484415	-1.15124303	1.26052
161.7538875	-1.14995736	1.26194
161.8594711	-1.14967373	1.26259
161.9651926	-1.15049882	1.26276
162.0710524	-1.15246815	1.26275
162.1770506	-1.15554171	1.26286
162.2831875	-1.15962143	1.26333
162.3894635	-1.16455731	1.26439
162.4958788	-1.17016601	1.26617
162.6024336	-1.17624888	1.26878
162.7091282	-1.18259409	1.27225
162.815963	-1.1890111	1.27654
162.9229381	-1.19533007	1.2816
163.030054	-1.20139702	1.28733
163.1373107	-1.20709982	1.29358
163.2447087	-1.21236226	1.30022
163.3522482	-1.21713597	1.30709
163.4599294	-1.22141085	1.31403
163.5677527	-1.22521521	1.32088
163.6757184	-1.22860677	1.32751
163.7838267	-1.23167738	1.33378
163.8920778	-1.23454829	1.33961
164.0004722	-1.23735471	1.34494
164.1090101	-1.24024851	1.34975
164.2176917	-1.24338109	1.35408
164.3265173	-1.24688779	1.35801
164.4354873	-1.25088012	1.36166
164.5446019	-1.25543794	1.36518
164.6538614	-1.26059129	1.36876
164.7632661	-1.26632395	1.37256
164.8728163	-1.27258072	1.37675
164.9825123	-1.2792623	1.38147
165.0923543	-1.28623722	1.38682
165.2023427	-1.29336191	1.39284
165.3124777	-1.30049194	1.39954
165.4227597	-1.30748721	1.40688
165.533189	-1.31424084	1.41476
165.6437657	-1.32066832	1.42311
165.7544903	-1.32671967	1.43178
165.865363	-1.33238501	1.44068
165.9763842	-1.33767598	1.4497
166.087554	-1.34262807	1.45877
166.1988729	-1.34728983	1.46783
166.3103411	-1.35171791	1.47686
166.421959	-1.35595343	1.48588
166.5337267	-1.36002307	1.4949
166.6456447	-1.36393917	1.50396
166.7577132	-1.3676864	1.5131
166.8699325	-1.37122866	1.52234
166.982303	-1.3745186	1.53168
167.0948249	-1.37750199	1.5411
167.2074986	-1.38012536	1.55055
167.3203243	-1.38234104	1.55996
167.4333024	-1.38412616	1.56921
167.5464332	-1.38548331	1.5782
167.6597169	-1.38644278	1.58679
167.773154	-1.38707378	1.59486
167.8867446	-1.38747617	1.6023
168.0004892	-1.38777646	1.60903
168.114388	-1.3881261	1.61499
168.2284413	-1.38868956	1.62018
168.3426495	-1.38963093	1.62463
168.4570128	-1.39110644	1.62842
168.5715317	-1.39326305	1.63165
168.6862064	-1.39621659	1.6345
168.8010372	-1.40004834	1.63713
168.9160244	-1.40479798	1.63977
169.0311684	-1.41045804	1.64261
169.1464695	-1.41697448	1.64588
169.261928	-1.42424662	1.64975
169.3775442	-1.43213269	1.6544
169.4933185	-1.44045477	1.65993
169.6092512	-1.44901877	1.66641
169.7253425	-1.45761519	1.67385
169.8415929	-1.46603901	1.68219
169.9580027	-1.47411607	1.6913
170.0745721	-1.48170727	1.70103
170.1913016	-1.48871611	1.71117
170.3081914	-1.49511627	1.72148
170.4252418	-1.50093734	1.73176
170.5424533	-1.50626231	1.74179
170.6598261	-1.51123478	1.7514
170.7773606	-1.51604248	1.76047
170.8950571	-1.52089108	1.76897
171.0129159	-1.52598882	1.77691
171.1309374	-1.53153768	1.78438
171.2491219	-1.53771021	1.79153
171.3674698	-1.54463876	1.79856
171.4859813	-1.55239065	1.80573
171.6046569	-1.56097389	1.81327
171.7234968	-1.57033723	1.82145
171.8425015	-1.5803573	1.8305
171.9616712	-1.59086758	1.84059
172.0810064	-1.60166795	1.85186
172.2005072	-1.61252484	1.86439
172.3201742	-1.62320617	1.87816
172.4400076	-1.6334996	1.89312
172.5600077	-1.64321624	1.90916
172.680175	-1.65219773	1.92615
172.8005098	-1.66032836	1.94391
172.9210124	-1.66753021	1.96229
173.0416832	-1.67375953	1.98111
173.1625226	-1.67899386	2.00025
173.2835308	-1.68322296	2.01956
173.4047083	-1.68644683	2.03894
173.5260553	-1.68864957	2.05829
173.6475723	-1.68981758	2.07747
173.7692597	-1.68995055	2.09634
173.8911177	-1.68905054	2.11475
174.0131467	-1.6871429	2.13249
174.1353471	-1.6842973	2.14934
174.2577193	-1.68063367	2.16506
174.3802635	-1.67633811	2.17941
174.5029803	-1.67165458	2.1922
174.6258699	-1.66688339	2.20326
174.7489327	-1.66238188	2.2125
174.8721691	-1.65852966	2.21994
174.9955794	-1.6557032	2.22568
175.119164	-1.65427042	2.2299
175.2429233	-1.65455993	2.2329
175.3668577	-1.65683435	2.23504
175.4909674	-1.66128284	2.23674
175.615253	-1.66801194	2.23845
175.7397147	-1.67703975	2.24064
175.864353	-1.68830591	2.24375
175.9891682	-1.70167734	2.24822
176.1141607	-1.71694444	2.25445
176.2393308	-1.73384711	2.26277
176.364679	-1.75207294	2.2735
176.4902057	-1.77126686	2.28686
176.6159111	-1.79104718	2.30304
176.7417958	-1.81099781	2.32216
176.86786	-1.83069202	2.34425
176.9941042	-1.84969259	2.3693
177.1205287	-1.86756738	2.39718
177.247134	-1.88390205	2.42772
177.3739204	-1.89831218	2.46063
177.5008883	-1.91047183	2.49556
177.6280381	-1.9201215	2.53209
177.7553703	-1.92708521	2.56975
177.8828851	-1.93128158	2.60804
178.0105829	-1.93272696	2.64646
178.1384643	-1.9315395	2.68452
178.2665295	-1.92792633	2.7218
178.394779	-1.92217044	2.75793
178.5232131	-1.91460419	2.79266
178.6518324	-1.90559348	2.82579
178.780637	-1.89552279	2.85725
178.9096276	-1.88475672	2.88706
179.0388044	-1.87363016	2.91531
179.1681679	-1.86243813	2.94216
179.2977184	-1.8514178	2.96783
179.4274565	-1.84075009	2.99255
179.5573824	-1.8305638	3.01658
179.6874966	-1.8209332	3.04018
179.8177996	-1.8118813	3.06361
179.9482917	-1.8033981	3.08709
180.0789732	-1.79544396	3.11086
180.2098448	-1.78794647	3.13513
180.3409067	-1.78080975	3.16011
180.4721593	-1.7739058	3.18601
180.6036032	-1.76707213	3.21303
180.7352387	-1.76009899	3.24138
180.8670662	-1.75271769	3.27124
180.9990861	-1.74461021	3.30274
181.131299	-1.73540117	3.33598
181.2637051	-1.72466546	3.37095
181.3963049	-1.71195805	3.40754
181.5290989	-1.69681998	3.44554
181.6620874	-1.67882713	3.48455
181.795271	-1.65763365	3.52408
181.9286499	-1.63298646	3.56352
182.0622248	-1.60477571	3.60215
182.1959959	-1.57304676	3.63925
182.3299637	-1.53800637	3.67407
182.4641287	-1.5000333	3.70593
182.5984913	-1.45964611	3.73427
182.7330519	-1.41746973	3.75867
182.867811	-1.37419993	3.77888
183.002769	-1.33056256	3.79483
183.1379263	-1.28726024	3.80665
183.2732835	-1.24493404	3.81461
183.4088408	-1.20413415	3.81913
183.5445989	-1.16529153	3.82072
183.680558	-1.12870886	3.81995
183.8167188	-1.0945641	3.8174
183.9530815	-1.06291129	3.81366
184.0896468	-1.03369328	3.80926
184.2264149	-1.00677456	3.80467
184.3633864	-0.981942	3.80033
184.5005618	-0.95891887	3.79658
184.6379414	-0.93738782	3.7937
184.7755257	-0.91699851	3.79189
184.9133153	-0.89736519	3.7913
185.0513105	-0.87807951	3.79196
185.1895119	-0.85873246	3.79382
185.3279198	-0.83892419	3.79672
185.4665347	-0.81828652	3.80039
185.6053572	-0.7965236	3.80442
185.7443876	-0.77343932	3.80833
185.8836265	-0.74896975	3.81153
186.0230743	-0.72320713	3.81343
186.1627315	-0.69640574	3.81343
186.3025985	-0.66899687	3.811
186.4426759	-0.64155671	3.80577
186.582964	-0.61476526	3.79754
186.7234634	-0.58935555	3.78635
186.8641746	-0.56603439	3.77249
187.005098	-0.54542456	3.75645
187.1462342	-0.52800718	3.73893
187.2875835	-0.51406241	3.72076
187.4291465	-0.50365046	3.70281
187.5709237	-0.49661121	3.68593
187.7129155	-0.49259137	3.67085
187.8551225	-0.49109216	3.65815
187.9975451	-0.49151633	3.64822
188.1401838	-0.49324024	3.64122
188.2830392	-0.49568146	3.63713
188.4261116	-0.49833794	3.63579
188.5694016	-0.50081113	3.63695
188.7129098	-0.50282673	3.6403
188.8566365	-0.50421975	3.64558
189.0005823	-0.50490196	3.65257
189.1447477	-0.50482703	3.66115
189.2891333	-0.50394903	3.67127
189.4337394	-0.50218954	3.68296
189.5785666	-0.49940452	3.69629
189.7236155	-0.49536832	3.71133
189.8688865	-0.48978004	3.72809
190.0143801	-0.48228146	3.7465
190.1600969	-0.47248717	3.76636
190.3060373	-0.46002526	3.78734
190.4522019	-0.44458581	3.80896
190.5985912	-0.4259581	3.83065
190.7452058	-0.40405774	3.85175
190.892046	-0.37894706	3.87158
191.0391125	-0.35084423	3.88946
191.1864058	-0.32010501	3.90481
191.3339264	-0.2872026	3.91712
191.4816749	-0.25269881	3.92605
191.6296517	-0.21718672	3.93141
191.7778574	-0.18126957	3.93313
191.9262925	-0.14552087	3.93131
192.0749575	-0.11046072	3.92612
192.2238531	-0.07654901	3.91784
192.3729796	-0.04416229	3.90681
192.5223378	-0.0136017	3.89339
192.671928	0.01489367	3.87796
192.8217509	0.04115867	3.86094
192.971807	0.0650889	3.84271
193.1220968	0.08663611	3.82369
193.2726208	0.10582425	3.80428
193.4233798	0.12273369	3.78485
193.574374	0.13751055	3.76577
193.7256043	0.1503598	3.74733
193.877071	0.16152942	3.72978
194.0287747	0.17130241	3.71328
194.180716	0.17995971	3.69789
194.3328955	0.18776724	3.68362
194.4853137	0.19495524	3.67038
194.6379712	0.20169677	3.65805
194.7908685	0.20809513	3.64646
194.9440062	0.21418833	3.63548
195.0973849	0.21995225	3.62497
195.2510051	0.22531649	3.61489
195.4048675	0.23020124	3.60525
195.5589725	0.23452274	3.59612
195.7133208	0.23822146	3.58766
195.8679129	0.24129639	3.58009
196.0227494	0.24381402	3.57365
196.177831	0.24591419	3.5686
196.3331581	0.24782724	3.5652
196.4887314	0.24986374	3.56364
196.6445514	0.25239864	3.56406
196.8006187	0.25587925	3.56653
196.956934	0.26079065	3.57096
197.1134978	0.267629	3.57717
197.2703107	0.27687372	3.5848
197.4273733	0.28894385	3.59337
197.5846862	0.30417252	3.60226
197.74225	0.32276416	3.61073
197.9000653	0.34476726	3.61797
198.0581327	0.3700512	3.62312
198.2164528	0.39829036	3.62534
198.3750262	0.42897352	3.62387
198.5338535	0.46142813	3.61808
198.6929354	0.49484744	3.6075
198.8522724	0.52833431	3.59188
199.0118652	0.5609546	3.57119
199.1717143	0.59179116	3.54564
199.3318205	0.62000352	3.51566
199.4921842	0.64487481	3.48186
199.6528062	0.66584141	3.44498
199.813687	0.68251194	3.40585
199.9748274	0.69468041	3.36534
200.1362278	0.70231693	3.32429
200.297889	0.70554434	3.28348
200.4598116	0.70460838	3.24359
200.6219962	0.69984908	3.2052
200.7844434	0.69166174	3.16875
200.9471539	0.68047329	3.1346
201.1101283	0.66672016	3.10298
201.2733673	0.65082939	3.07406
201.4368715	0.63320423	3.04791
201.6006416	0.61422443	3.02459
201.7646782	0.5942535	3.00409
201.928982	0.57362554	2.98637
202.0935535	0.5526548	2.97137
202.2583936	0.53164	2.959
202.4235027	0.51086246	2.94914
202.5888817	0.4905763	2.94163
202.7545311	0.47101336	2.93631
202.9204516	0.45238706	2.93298
203.0866439	0.43486994	2.9314
203.2531086	0.41860136	2.93135
203.4198465	0.40368736	2.93257
203.5868581	0.39020217	2.93483
203.7541442	0.37818492	2.93786
203.9217055	0.36764257	2.94144
204.0895425	0.35855322	2.94532
204.2576561	0.35087053	2.94931
204.4260469	0.34454076	2.95321
204.5947155	0.33948508	2.95682
204.7636627	0.33560522	2.95997
204.9328891	0.33279348	2.9625
205.1023955	0.33092709	2.96425
205.2721826	0.32985657	2.96506
205.4422509	0.32940715	2.9648
205.6126013	0.32937842	2.96335
205.7832345	0.32954956	2.96064
205.9541511	0.32967643	2.95661
206.1253518	0.32950429	2.95129
206.2968374	0.32877859	2.94473
206.4686086	0.32726512	2.93709
206.6406661	0.32476761	2.92854
206.8130105	0.3211353	2.91933
206.9856427	0.31629261	2.90973
207.1585633	0.3102302	2.89999
207.3317731	0.30300265	2.89035
207.5052728	0.29471766	2.88098
207.6790631	0.28551484	2.87199
207.8531448	0.27553258	2.86338
208.0275185	0.26488303	2.8551
208.2021851	0.25361802	2.84699
208.3771452	0.24170464	2.83889
208.5523996	0.22901238	2.8306
208.727949	0.21530287	2.82199
208.9037943	0.20025707	2.81302
209.0799361	0.18349399	2.80377
209.2563751	0.16461357	2.7945
209.4331122	0.14324964	2.78564
209.6101481	0.11912661	2.77781
209.7874836	0.09211436	2.77177
209.9651193	0.06227609	2.7684
210.1430562	0.02990123	2.76861
210.3212949	-0.00447587	2.7733
210.4998362	-0.04007338	2.78325
210.6786808	-0.07589779	2.79904
210.8578297	-0.11078757	2.821
211.0372835	-0.14347586	2.84913
211.217043	-0.17268309	2.88306
211.3971089	-0.19721167	2.92206
211.5774822	-0.21602689	2.96507
211.7581635	-0.22835771	3.0107
211.9391537	-0.23376761	3.05739
212.1204536	-0.23218802	3.10346
212.3020639	-0.22395282	3.14723
212.4839854	-0.2097816	3.18717
212.666219	-0.19073762	3.22198
212.8487654	-0.16814519	3.25074
213.0316255	-0.14349892	3.2729
213.2148	-0.11835493	3.2884
213.3982898	-0.09420766	3.2976
213.5820957	-0.0723912	3.30128
213.7662186	-0.05397049	3.30057
213.9506591	-0.03967908	3.29681
214.1354182	-0.02988355	3.29148
214.3204967	-0.02456542	3.28606
214.5058953	-0.02334746	3.28191
214.6916151	-0.02555572	3.28016
214.8776566	-0.03029849	3.28166
215.0640209	-0.03653723	3.28695
215.2507088	-0.04319443	3.29618
215.437721	-0.04923679	3.30923
215.6250585	-0.05374275	3.32566
215.812722	-0.05596889	3.34484
216.0007125	-0.05536673	3.366
216.1890308	-0.05160326	3.38828
216.3776778	-0.04456026	3.41082
216.5666543	-0.0343086	3.43281
216.7559611	-0.02107541	3.45353
216.9455992	-0.0052224	3.47235
217.1355694	0.01279172	3.4888
217.3258726	0.03245155	3.50253
217.5165097	0.05320127	3.51332
217.7074815	0.07446964	3.52109
217.8987889	0.09570833	3.52591
218.0904329	0.11640847	3.52794
218.2824142	0.13611643	3.52747
218.4747339	0.15447152	3.52489
218.6673927	0.1712116	3.52063
218.8603916	0.18618903	3.51519
219.0537315	0.1993738	3.50904
219.2474133	0.21085392	3.50266
219.4414379	0.22082183	3.49642
219.6358063	0.22954141	3.49062
219.8305192	0.23733093	3.48544
220.0255777	0.24452385	3.48093
220.2209826	0.25142748	3.47701
220.416735	0.25828786	3.4735
220.6128356	0.26527546	3.47016
220.8092855	0.27246091	3.46668
221.0060856	0.27981196	3.46278
221.2032368	0.28720362	3.45819
221.40074	0.294433	3.45273
221.5985962	0.30124512	3.44629
221.7968064	0.30736651	3.43889
221.9953715	0.31253359	3.43062
222.1942925	0.31651943	3.42169
222.3935702	0.31916297	3.41236
222.5932057	0.32036894	3.40293
222.7932	0.32013229	3.39375
222.9935539	0.31852819	3.38511
223.1942686	0.31569588	3.3773
223.3953449	0.31184179	3.37055
223.5967838	0.30721822	3.36502
223.7985863	0.30209707	3.36078
224.0007534	0.29675366	3.35784
224.2032861	0.29145754	3.35613
224.4061854	0.28644276	3.35549
224.6094522	0.28189437	3.35572
224.8130876	0.27793194	3.35655
225.0170926	0.27459747	3.35771
225.2214682	0.2718645	3.35893
225.4262153	0.26962453	3.35994
225.6313351	0.2677052	3.36056
225.8368285	0.2658847	3.36064
226.0426965	0.26390781	3.36015
226.2489402	0.26152222	3.35914
226.4555606	0.25849523	3.35775
226.6625588	0.25463586	3.3562
226.8699357	0.24982119	3.35479
227.0776924	0.24401874	3.35386
227.28583	0.23728728	3.35375
227.4943495	0.22977413	3.35479
227.703252	0.2217208	3.35728
227.9125384	0.21344889	3.36143
228.12221	0.20532832	3.36735
228.3322676	0.19776254	3.37506
228.5427125	0.19116144	3.38444
228.7535457	0.18590122	3.39525
228.9647682	0.18229702	3.40714
229.1763811	0.18057151	3.41966
229.3883855	0.18082779	3.4323
229.6007826	0.18304261	3.44454
229.8135733	0.18706498	3.45587
230.0267589	0.19261086	3.46583
230.2403403	0.19929532	3.4741
230.4543187	0.20667508	3.48048
230.6686952	0.21426986	3.48491
230.8834709	0.22162219	3.48753
231.098647	0.22834485	3.48859
231.3142245	0.23414835	3.48847
231.5302045	0.23887874	3.48762
231.7465883	0.24252622	3.4865
231.9633769	0.24522264	3.48554
232.1805715	0.24722729	3.48508
232.3981732	0.24889051	3.48532
232.6161831	0.25060123	3.48629
232.8346025	0.25273645	3.48786
233.0534324	0.25561315	3.48974
233.2726741	0.25944532	3.49152
233.4923286	0.26431065	3.4927
233.7123972	0.27012663	3.49275
233.932881	0.27665293	3.49118
234.1537812	0.28350786	3.48758
234.375099	0.29019966	3.48168
234.5968356	0.29616404	3.47336
234.8189921	0.30081434	3.4627
235.0415697	0.30359811	3.44995
235.2645698	0.30402637	3.4355
235.4879933	0.30171775	3.4199
235.7118417	0.29642486	3.40376
235.936116	0.28804547	3.38776
236.1608174	0.27661823	3.37255
236.3859474	0.26232497	3.3588
236.6115069	0.24548098	3.34707
236.8374973	0.22650208	3.33785
237.0639198	0.20589635	3.33152
237.2907757	0.18424123	3.32833
237.5180661	0.16214121	3.32836
237.7457924	0.14020549	3.33158
237.9739558	0.11902277	3.33778
238.2025575	0.09910661	3.3466
238.4315989	0.08087989	3.35759
238.6610812	0.0646399	3.37016
238.8910056	0.05053191	3.3837
239.1213734	0.03855427	3.39758
239.352186	0.02855006	3.4112
239.5834446	0.02021991	3.42405
239.8151505	0.01316517	3.43577
240.047305	0.00692583	3.44613
240.2799095	0.00102078	3.45508
240.5129651	-0.00500296	3.46272
240.7464733	-0.01152725	3.4693
240.9804353	-0.01882794	3.47516
241.2148526	-0.02707064	3.48068
241.4497263	-0.03629826	3.48628
241.6850579	-0.04643193	3.49233
241.9208486	-0.05731491	3.49911
242.1570999	-0.0687269	3.50686
242.3938131	-0.08040081	3.5157
242.6309895	-0.09207464	3.52564
242.8686305	-0.10349871	3.53665
243.1067375	-0.114454	3.54859
243.3453118	-0.12477192	3.5613
243.5843548	-0.13432761	3.57458
243.8238679	-0.1430491	3.58821
244.0638525	-0.15090826	3.60198
244.30431	-0.15792261	3.61566
244.5452417	-0.16415408	3.62905
244.7866491	-0.169705	3.64195
245.0285337	-0.17471814	3.6542
245.2708967	-0.17936029	3.66568
245.5137396	-0.18382461	3.67629
245.7570639	-0.18832074	3.686
246.000871	-0.19305737	3.69482
246.2451624	-0.19823813	3.70281
246.4899393	-0.20404283	3.71009
246.7352035	-0.21061304	3.71681
246.9809561	-0.2180559	3.72313
247.2271989	-0.22644368	3.72923
247.4739331	-0.23580234	3.7353
247.7211603	-0.24612286	3.74149
247.9688819	-0.25738132	3.74793
248.2170995	-0.26953803	3.75474
248.4658146	-0.28254934	3.762
248.7150285	-0.29637648	3.76979
248.9647429	-0.31098293	3.77818
249.2149592	-0.3263322	3.78725
249.465679	-0.34237619	3.79709
249.7169038	-0.35905513	3.80778
249.968635	-0.37628813	3.81942
250.2208743	-0.39396038	3.83209
250.4736232	-0.41193993	3.84582
250.7268832	-0.43008372	3.86062
250.9806558	-0.44824018	3.87644
251.2349427	-0.46628078	3.89315
251.4897454	-0.48412776	3.91057
251.7450655	-0.5017652	3.92849
252.0009045	-0.51925903	3.94667
252.257264	-0.53676216	3.96491
252.5141456	-0.55450251	3.98306
252.771551	-0.57277122	4.00106
253.0294817	-0.591888	4.01898
253.2879393	-0.61216497	4.03701
253.5469255	-0.6338605	4.05549
253.8064418	-0.65714529	4.07484
254.0664899	-0.68206619	4.09559
254.3270714	-0.70852546	4.11826
254.5881881	-0.73628665	4.14336
254.8498414	-0.76498312	4.17131
255.1120332	-0.79413779	4.20243
255.3747649	-0.82320409	4.23685
255.6380384	-0.85163243	4.27452
255.9018553	-0.87890034	4.31525
256.1662173	-0.90456929	4.35864
256.431126	-0.92833399	4.4042
256.6965832	-0.95005087	4.45133
256.9625906	-0.96976415	4.49943
257.2291499	-0.98770711	4.54793
257.4962627	-1.00428977	4.59639
257.7639309	-1.02005805	4.64455
258.0321562	-1.03563921	4.69239
258.3009402	-1.05166895	4.74016
258.5702848	-1.06871697	4.78838
258.8401917	-1.08719051	4.83786
259.1106627	-1.1072583	4.88958
259.3816995	-1.12878842	4.94467
259.653304	-1.15132048	5.00422
259.9254778	-1.17407271	5.06924
260.1982229	-1.19596772	5.14049
260.4715409	-1.21572389	5.21838
260.7454337	-1.23195951	5.30293
261.0199032	-1.24330516	5.39374
261.2949511	-1.24851871	5.49002
261.5705793	-1.24659549	5.59064
261.8467895	-1.2368295	5.69429
262.1235838	-1.21884892	5.79953
262.4009638	-1.19260999	5.90499
262.6789315	-1.15833483	6.00943
262.9574888	-1.11644842	6.11181
263.2366374	-1.06749867	6.21133
263.5163794	-1.01205578	6.30745
263.7967166	-0.95066007	6.39976
264.0776509	-0.88379881	6.488
264.3591841	-0.81193606	6.57191
264.6413183	-0.7357544	6.65121
264.9240554	-0.6581668	6.72555
265.2068299	-0.55783372	6.79446
265.4907773	-0.47178095	6.85741
265.7753333	-0.37902757	6.91385
266.0605	-0.28283392	6.96325
266.3462793	-0.18436384	7.0052
266.6326731	-0.08461683	7.03943
266.9196835	0.01542553	7.06592
267.2073125	0.11482372	7.08484
267.495562	0.21271978	7.09658
267.7844341	0.30839276	7.10169
268.0739308	0.40128956	7.10082
268.3640541	0.49103035	7.09464
268.6548061	0.577396	7.08379
268.9461887	0.66029024	7.0688
269.2382041	0.73968545	7.05008
269.5308543	0.81556583	7.0279
269.8241415	0.88787325	7.00243
270.1180675	0.95648694	6.9738
270.4126347	1.021194	6.94209
270.707845	1.0816909	6.90747
271.0037005	1.13762244	6.8702
271.3002035	1.18861624	6.83068
271.597356	1.23433695	6.78946
271.8951601	1.27452818	6.74721
272.193618	1.30906078	6.70473
272.4927319	1.33796027	6.66285
272.7925039	1.36141729	6.62243
273.0929361	1.37979947	6.58428
273.3940309	1.3936228	6.54909
273.6957903	1.40352594	6.51743
273.9982166	1.41023031	6.48967
274.3013119	1.41449385	6.46601
274.6050786	1.41706371	6.44643
274.9095188	1.41861809	6.43073
275.2146349	1.4197226	6.41855
275.5204289	1.42079885	6.40943
275.8269032	1.42209319	6.40283
276.1340601	1.42368011	6.39826
276.4419019	1.42547382	6.39526
276.7504308	1.42724938	6.39353
277.0596492	1.42871362	6.39296
277.3695593	1.42955985	6.39362
277.6801635	1.42953593	6.3958
277.9914641	1.42851181	6.39994
278.3034635	1.42651959	6.40659
278.616164	1.42379747	6.41636
278.9295681	1.42078935	6.42978
279.2436779	1.41812133	6.44728
279.5584961	1.41656684	6.46908
279.8740248	1.41697405	6.49515
280.1902667	1.42019478	6.5252
280.507224	1.42700651	6.55867
280.8248992	1.43804538	6.59479
281.1432948	1.45375276	6.63261
281.4624132	1.4743277	6.67108
281.7822568	1.49972727	6.70917
282.1028282	1.52968472	6.7459
282.4241298	1.56372723	6.78042
282.7461642	1.60124026	6.8121
283.0689338	1.64153137	6.8405
283.3924411	1.68388838	6.86541
283.7166888	1.72763358	6.88679
284.0416793	1.77216731	6.90477
284.3674151	1.81699026	6.91955
284.693899	1.86170432	6.93139
285.0211333	1.90599408	6.94052
285.3491208	1.94959613	6.94716
285.6778641	1.99226414	6.95147
286.0073656	2.03373567	6.95361
286.3376282	2.073715	6.95374
286.6686543	2.11186428	6.95209
287.0004468	2.14784461	6.94903
287.3330081	2.1813411	6.94502
287.6663411	2.21212305	6.94074
288.0004483	2.24011093	6.93696
288.3353326	2.26542158	6.93458
288.6709965	2.28841479	6.9345
289.0074429	2.30970399	6.93757
289.3446744	2.33014111	6.94446
289.6826939	2.35077268	6.95561
290.0215041	2.3727831	6.97114
290.3611077	2.39739391	6.99078
290.7015076	2.42577043	7.01391
291.0427066	2.45892189	7.03952
291.3847074	2.49761496	7.06633
291.7275129	2.54229735	7.09279
292.071126	2.59305218	7.11727
292.4155495	2.64957521	7.13807
292.7607863	2.71117372	7.15362
293.1068392	2.77680744	7.16252
293.4537112	2.84513093	7.16366
293.8014052	2.91457778	7.1563
294.1499241	2.9834479	7.14009
294.4992708	3.04999313	7.1151
294.8494483	3.1125037	7.08181
295.2004595	3.16940656	7.04112
295.5523075	3.21934026	6.99424
295.9049952	3.26120637	6.94267
296.2585257	3.29422207	6.88811
296.6129019	3.31793966	6.83237
296.9681269	3.33225652	6.77731
297.3242038	3.33740061	6.72473
297.6811357	3.33390199	6.67634
298.0389255	3.32257291	6.6337
298.3975764	3.30445748	6.59814
298.7570916	3.28078086	6.57077
299.1174741	3.25291528	6.55245
299.4787271	3.22233261	6.54376
299.8408537	3.19054662	6.54499
300.2038571	3.15906883	6.55617
300.5677406	3.12936923	6.57706
300.9325073	3.1028292	6.60717
301.2981604	3.08070255	6.64579
301.6647032	3.06408094	6.69202
302.0321389	3.05386929	6.74482
302.4004707	3.05076503	6.80304
302.7697021	3.05524777	6.86549
303.1398362	3.06758992	6.93099
303.5108764	3.08786442	6.9984
303.882826	3.11597746	7.06671
304.2556883	3.15171777	7.13504
304.6294668	3.19479362	7.20266
305.0041648	3.2448898	7.26902
305.3797857	3.30172633	7.33371
305.7563329	3.36508847	7.39641
306.1338099	3.4348673	7.45689
306.51222	3.5110753	7.51488
306.8915668	3.59383551	7.57005
307.2718538	3.68334377	7.62188
307.6530844	3.77980438	7.66966
308.0352621	3.88335762	7.71242
308.4183905	3.99397766	7.74894
308.8024732	4.11137933	7.7778
309.1875137	4.23493776	7.79746
309.5735156	4.36364586	7.8064
309.9604825	4.49608496	7.8032
310.348418	4.63046077	7.78679
310.7373258	4.76469936	7.75651
311.1272095	4.89654915	7.71223
311.5180729	5.02372889	7.65442
311.9099195	5.14410204	7.58416
312.3027531	5.25581951	7.50302
312.6965776	5.35742869	7.41299
313.0913965	5.44797401	7.31634
313.4872137	5.52702593	7.2154
313.8840329	5.59465235	7.11243
314.281858	5.65136824	7.00948
314.6806929	5.69803933	6.90826
315.0805413	5.73576711	6.8101
315.4814071	5.76577439	6.71592
315.8832943	5.7893012	6.62627
316.2862066	5.80753008	6.54138
316.6901481	5.82152037	6.4612
317.0951228	5.83216752	6.3855
317.5011344	5.84020157	6.31394
317.9081872	5.84618225	6.24609
318.316285	5.8505028	6.18151
318.7254319	5.85341501	6.11978
319.1356319	5.85504938	6.06052
319.5468892	5.85542518	6.0034
319.9592077	5.85447695	5.9482
320.3725917	5.85208342	5.89479
320.7870453	5.84810103	5.84318
321.2025725	5.84239867	5.79348
321.6191777	5.83489087	5.74593
322.0368649	5.82557317	5.70085
322.4556385	5.81455379	5.65864
322.8755026	5.80206796	5.61969
323.2964615	5.78848199	5.58438
323.7185196	5.77428355	5.55298
324.141681	5.76004893	5.52564
324.5659503	5.74641136	5.50234
324.9913316	5.73399868	5.48285
325.4178294	5.72337643	5.46677
325.8454481	5.71500885	5.45354
326.2741921	5.70919729	5.44244
326.7040659	5.70604314	5.43271
327.1350739	5.70545277	5.4236
327.5672206	5.70713511	5.41441
328.0005106	5.71061561	5.40458
328.4349483	5.71528679	5.39376
328.8705385	5.72046527	5.38183
329.3072855	5.72546183	5.36895
329.7451941	5.7296631	5.35554
330.184269	5.73258524	5.34223
330.6245147	5.73395012	5.32989
331.0659359	5.73373817	5.31947
331.5085374	5.73221224	5.31199
331.952324	5.7299351	5.3084
332.3973003	5.72775666	5.30952
332.8434711	5.72677252	5.3159
333.2908414	5.72824714	5.32777
333.7394159	5.73354632	5.345
334.1891995	5.74401943	5.36699
334.640197	5.76088458	5.39277
335.0924135	5.7851371	5.42098
335.5458539	5.81742792	5.44994
336.000523	5.85800564	5.47784
336.4564261	5.90668483	5.50279
336.9135679	5.96284218	5.52303
337.3719537	6.02546957	5.53703
337.8315886	6.09326265	5.54364
338.2924775	6.16473246	5.54212
338.7546257	6.23833463	5.53222
339.2180383	6.31260667	5.51412
339.6827205	6.38627203	5.48837
340.1486776	6.45833191	5.4558
340.6159148	6.52809713	5.41734
341.0844374	6.5951801	5.37395
341.5542507	6.65947186	5.32649
342.02536	6.7210642	5.27561
342.4977707	6.78015244	5.22173
342.9714882	6.83696925	5.16507
343.446518	6.89169553	5.10559
343.9228655	6.94439211	5.04314
344.4005361	6.99498633	4.97749
344.8795355	7.04325264	4.90839
345.3598691	7.08882515	4.83566
345.8415425	7.13122898	4.75922
346.3245615	7.16991968	4.67914
346.8089315	7.20432893	4.59564
347.2946583	7.23390059	4.50909
347.7817475	7.25812871	4.42001
348.2702051	7.27658808	4.32904
348.7600366	7.28896703	4.23694
349.2512479	7.29507814	4.14451
349.7438449	7.29487496	4.05263
350.2378333	7.28845893	3.96215
350.7332192	7.27607199	3.87392
351.2300085	7.25809199	3.78871
351.7282071	7.23500794	3.70721
352.227821	7.20740697	3.63001
352.7288563	7.1759489	3.55757
353.2313191	7.14134158	3.49023
353.7352154	7.10431519	3.42819
354.2405514	7.06559982	3.37154
354.7473333	7.02593053	3.32028
355.2555673	6.98602137	3.27425
355.7652597	6.94655047	3.23322
356.2764167	6.90815417	3.19682
356.7890446	6.87140041	3.16458
357.3031499	6.83676953	3.13591
357.8187388	6.80462305	3.11012
358.3358179	6.77517635	3.08644
358.8543936	6.74846913	3.06405
359.3744725	6.72435219	3.04215
359.896061	6.7024878	3.02
360.4191657	6.68236638	2.997
360.9437933	6.66334062	2.97273
361.4699504	6.64468558	2.94703
361.9976438	6.62566441	2.91998
362.5268801	6.6056106	2.89196
363.0576662	6.58399625	2.86354
363.5900088	6.56049904	2.83552
364.1239148	6.53505505	2.80876
364.6593912	6.50787331	2.78415
365.1964448	6.47942677	2.76245
365.7350826	6.45040892	2.74425
366.2753117	6.42168449	2.72987
366.8171391	6.39418302	2.71927
367.3605719	6.36880976	2.71212
367.9056172	6.34634561	2.70772
368.4522823	6.32735231	2.70515
369.0005744	6.31211328	2.70329
369.5505007	6.3005856	2.70097
370.1020687	6.29240577	2.69708
370.6552855	6.28691666	2.69067
371.2101587	6.28322517	2.68106
371.7666957	6.28030596	2.66793
372.3249039	6.27709118	2.65128
372.884791	6.27258095	2.63152
373.4463645	6.26593447	2.60931
374.009632	6.25654145	2.5856
374.5746012	6.24407932	2.56144
375.1412799	6.22852088	2.53794
375.7096758	6.21013388	2.51614
376.2797967	6.18943433	2.49692
376.8516505	6.16713368	2.48096
377.4252451	6.14407867	2.46868
378.0005884	6.12117734	2.46022
378.5776885	6.09932588	2.45544
379.1565535	6.07934577	2.45395
379.7371914	6.06192683	2.45513
380.3196104	6.04757181	2.45818
380.9038187	6.03657289	2.46221
381.4898246	6.02898757	2.46625
382.0776364	6.02463354	2.46938
382.6672623	6.02310659	2.47075
383.258711	6.02380723	2.46968
383.8519907	6.02598292	2.46568
384.4471101	6.02879044	2.45854
385.0440776	6.03137465	2.44831
385.642902	6.03292343	2.43529
386.2435919	6.03274296	2.42005
386.846156	6.03031886	2.40333
387.4506031	6.02535315	2.38601
388.0569421	6.01778093	2.369
388.6651818	6.00777666	2.35322
389.2753312	5.9957383	2.33947
389.8873994	5.98224908	2.32842
390.5013953	5.96804437	2.32054
391.1173281	5.95394544	2.31605
391.735207	5.94080457	2.31495
392.3550411	5.92944911	2.31698
392.9768399	5.92063765	2.32169
393.6006127	5.91500522	2.32838
394.2263688	5.91301429	2.33622
394.8541178	5.91492987	2.34424
395.4838692	5.92078486	2.35141
396.1156326	5.93037917	2.35671
396.7494176	5.94327062	2.35915
397.385234	5.95879212	2.3579
398.0230915	5.9760914	2.3523
398.663	5.99416265	2.34193
399.3049694	6.01192368	2.32669
399.9490097	6.0282905	2.30676
400.5951309	6.04224065	2.28263
401.243343	6.05289711	2.25508
401.8936564	6.05959485	2.22511
402.5460812	6.06192719	2.19388
403.2006276	6.0597816	2.16263
403.8573062	6.05334511	2.13257
404.5161272	6.04307344	2.10479
405.1771013	6.0296577	2.08022
405.840239	6.01396184	2.05952
406.5055508	5.99695589	2.04311
407.1730476	5.97964764	2.0311
407.8427401	5.96300915	2.02335
408.5146392	5.94792798	2.01948
409.1887558	5.93515486	2.01891
409.8651008	5.9252807	2.02094
410.5436854	5.91872745	2.02477
411.2245207	5.91573625	2.02955
411.9076179	5.91637218	2.03443
412.5929884	5.92053579	2.03859
413.2806433	5.92798194	2.04128
413.9705943	5.93833342	2.04182
414.6628528	5.95109802	2.03965
415.3574305	5.96569863	2.03434
416.0543389	5.98149716	2.0256
416.7535899	5.99783255	2.01331
417.4551953	6.01404187	1.99747
418.1591669	6.02950305	1.97828
418.8655169	6.04366703	1.95602
419.5742572	6.05606969	1.9311
420.2854	6.06636075	1.90399
420.9989576	6.07429002	1.87517
421.7149422	6.07971106	1.84516
422.4333663	6.08256565	1.81442
423.1542423	6.08286792	1.78342
423.8775829	6.08070112	1.75257
424.6034007	6.07619044	1.72224
425.3317084	6.06950857	1.69279
426.0625189	6.06086926	1.66452
426.7958451	6.05053027	1.63773
427.5317	6.03880463	1.61266
428.2700967	6.02605004	1.58949
429.0110484	6.01265564	1.56831
429.7545685	5.99902993	1.54913
430.5006701	5.98557524	1.53183
431.249367	5.97265413	1.51619
432.0006725	5.96056146	1.50188
432.7546003	5.94948989	1.48849
433.5111643	5.93951366	1.47558
434.2703783	5.93059092	1.46272
435.0322561	5.92255854	1.4495
435.796812	5.91515596	1.43563
436.5640599	5.90805983	1.42091
437.3340141	5.90091707	1.40529
438.106689	5.89339079	1.38884
438.8820991	5.88518137	1.37173
439.6602589	5.8760636	1.35425
440.4411829	5.86590607	1.33672
441.2248861	5.85467371	1.3195
442.0113832	5.84242374	1.30292
442.8006893	5.82930575	1.28731
443.5928193	5.81553822	1.27289
444.3877885	5.80139173	1.25986
445.1856122	5.78718031	1.2483
445.9863058	5.77322558	1.23821
446.7898847	5.75984948	1.22951
447.5963646	5.74734741	1.22201
448.4057613	5.73596781	1.21546
449.2180906	5.72590701	1.20954
450.0333684	5.71727995	1.20385
450.8516109	5.71010228	1.19797
451.6728342	5.70428784	1.19147
452.4970547	5.69964841	1.18395
453.3242888	5.69589555	1.17505
454.1545531	5.69264764	1.1645
454.9878642	5.68946109	1.15216
455.824239	5.68587118	1.13803
456.6636943	5.68141746	1.12223
457.5062472	5.67568864	1.10505
458.351915	5.66835608	1.08686
459.2007148	5.65919456	1.06814
460.0526642	5.64811167	1.04941
460.9077807	5.63514348	1.03118
461.7660819	5.62044879	1.01393
462.6275858	5.60428327	0.99804
463.4923103	5.58697644	0.98382
464.3602734	5.56890221	0.97144
465.2314934	5.55044665	0.96098
466.1059887	5.531973	0.95238
466.9837778	5.51380358	0.94554
467.8648792	5.49621509	0.94027
468.7493119	5.47942156	0.93635
469.6370947	5.46358264	0.93354
470.5282467	5.44879256	0.93157
471.4227871	5.4351027	0.93023
472.3207352	5.42252874	0.92927
473.2221107	5.41104749	0.92849
474.1269331	5.40060785	0.92768
475.0352222	5.39113324	0.92667
475.9469981	5.38251609	0.92527
476.8622808	5.37461922	0.92335
477.7810906	5.36728366	0.92078
478.7034479	5.36032443	0.91748
479.6293733	5.35353725	0.9134
480.5588876	5.34670908	0.90856
481.4920117	5.33962825	0.90302
482.4287665	5.33211246	0.89694
483.3691735	5.32401232	0.89047
484.3132539	5.315216	0.88385
485.2610294	5.30567556	0.87733
486.2125216	5.29540566	0.87118
487.1677525	5.28449003	0.86566
488.1267441	5.27306853	0.86099
489.0895187	5.26134149	0.85738
490.0560988	5.24955326	0.85494
491.0265069	5.23797742	0.85375
492.0007659	5.22690599	0.85378
492.9788986	5.21661938	0.85493
493.9609283	5.20738228	0.85703
494.9468782	5.19941151	0.8598
495.936772	5.1928588	0.86293
496.9306333	5.18780243	0.86604
497.9284859	5.18422611	0.86873
498.9303541	5.18200891	0.87059
499.9362621	5.18093399	0.87127
500.9462343	5.1806921	0.87045
501.9602955	5.18089962	0.86794
502.9784706	5.18113045	0.86364
504.0007846	5.18093042	0.85758
505.0272627	5.17986445	0.84995
506.0579306	5.17755299	0.84105
507.0928139	5.17369901	0.8313
508.1319385	5.1681132	0.82119
509.1753306	5.1607314	0.81127
510.2230165	5.15163214	0.8021
511.2750227	5.14102045	0.79418
512.331376	5.12921628	0.78797
513.3921035	5.11665125	0.78383
514.4572324	5.10382848	0.78197
515.52679	5.09129243	0.78248
516.6008042	5.07959775	0.78528
517.6793027	5.06926821	0.79015
518.7623138	5.0607741	0.79674
519.8498658	5.05449618	0.80456
520.9419874	5.0506991	0.81304
522.0387074	5.04951169	0.82153
523.1400549	5.05091519	0.82937
524.2460592	5.05473454	0.83589
525.35675	5.06064865	0.84051
526.4721571	5.06820984	0.84272
527.5923106	5.07685617	0.84215
528.7172409	5.08596675	0.83862
529.8469786	5.09489236	0.83208
530.9815546	5.10298996	0.82269
532.121	5.10968447	0.81078
533.2653462	5.11449212	0.7968
534.414625	5.11706056	0.78135
535.5688683	5.1171929	0.76506
536.7281082	5.1148356	0.74858
537.8923774	5.11009005	0.73256
539.0617087	5.1031986	0.71756
540.2361351	5.09450735	0.70404
541.41569	5.08444242	0.69235
542.600407	5.07348582	0.68271
543.7903202	5.06213113	0.67518
544.9854637	5.05085645	0.66972
546.1858722	5.04010776	0.66616
547.3915806	5.03026297	0.66422
548.6026239	5.02162669	0.66357
549.8190377	5.01441736	0.66379
551.0408578	5.00874333	0.66443
552.2681203	5.00461247	0.66505
553.5008616	5.00193311	0.66521
554.7391186	5.00051466	0.66452
555.9829283	5.00007779	0.66265
557.2323281	5.00028301	0.65939
558.4873559	5.00074678	0.6546
559.7480497	5.00107653	0.64831
561.014448	5.00090303	0.64062
562.2865896	4.99990067	0.63177
563.5645136	4.99782148	0.62207
564.8482597	4.99451497	0.61191
566.1378676	4.98994337	0.60169
567.4333776	4.98416888	0.59179
568.7348303	4.97736117	0.58258
570.0422667	4.9697847	0.57432
571.3557281	4.96174797	0.56715
572.6752564	4.95358742	0.56113
574.0008935	4.94563446	0.55616
575.3326821	4.9381692	0.55204
576.6706651	4.93139639	0.54847
578.0148858	4.92541275	0.54508
579.3653879	4.92020089	0.5415
580.7222155	4.91562773	0.53736
582.0854131	4.91144556	0.53236
583.4550259	4.90732948	0.52632
584.8310991	4.90289696	0.51915
586.2136785	4.89774926	0.51095
587.6028104	4.8915301	0.50195
588.9985416	4.88395123	0.4925
590.400919	4.87483441	0.48307
591.8099905	4.86413768	0.47417
593.2258038	4.85196408	0.46633
594.6484077	4.83856396	0.46003
596.077851	4.8243041	0.45564
597.5141831	4.80964503	0.45343
598.9574541	4.79510718	0.45349
600.4077143	4.78120712	0.45573
601.8650146	4.76841082	0.45991
603.3294063	4.75710608	0.46567
604.8009415	4.74755928	0.47252
606.2796724	4.73990098	0.47996
607.765652	4.73412028	0.48745
609.2589337	4.73008103	0.49455
610.7595714	4.72754878	0.50086
612.2676198	4.72621183	0.50612
613.7831337	4.72573216	0.51019
615.3061687	4.7257803	0.51305
616.8367811	4.72606273	0.51477
618.3750274	4.72634342	0.5155
619.920965	4.72646158	0.51543
621.4746516	4.72631621	0.51473
623.0361457	4.72586135	0.51359
624.6055063	4.72510189	0.51215
626.1827929	4.72406069	0.5105
627.7680658	4.72276093	0.5087
629.3613858	4.72122105	0.50679
630.9628142	4.71944162	0.50478
632.5724133	4.71739787	0.50269
634.1902455	4.71504662	0.50056
635.8163744	4.71234401	0.49848
637.4508638	4.70926489	0.49657
639.0937784	4.70580394	0.49497
640.7451835	4.70200651	0.49389
642.4051451	4.69798362	0.49351
644.0737299	4.69390785	0.49401
645.7510052	4.69000822	0.4955
647.4370392	4.68656302	0.49805
649.1319005	4.68387917	0.5016
650.8356588	4.6822422	0.50598
652.5483842	4.68189613	0.51094
654.2701478	4.68301124	0.51612
656.0010212	4.68565458	0.52112
657.7410769	4.68977575	0.52551
659.4903883	4.69520592	0.52891
661.2490293	4.70168329	0.53102
663.0170749	4.7088744	0.53164
664.7946005	4.71641897	0.53073
666.5816828	4.72398425	0.52838
668.3783989	4.73129867	0.52479
670.184827	4.7381941	0.52026
672.0010461	4.74461251	0.51508
673.8271359	4.75061435	0.50957
675.6631771	4.75636655	0.50393
677.5092514	4.76209114	0.49826
679.3654411	4.7680321	0.49253
681.2318297	4.77441275	0.48658
683.1085014	4.78138099	0.48011
684.9955414	4.78896952	0.47276
686.893036	4.79709503	0.46416
688.8010722	4.80554385	0.45393
690.7197382	4.81398503	0.4418
692.6491229	4.82200871	0.4276
694.5893165	4.82915979	0.41131
696.5404101	4.83498061	0.39305
698.5024958	4.83905957	0.3731
700.4756667	4.84105723	0.35182
702.460017	4.84073943	0.3297
704.455642	4.83798839	0.30722
706.4626382	4.83280034	0.28491
708.4811029	4.82529653	0.26325
710.5111347	4.81567503	0.24262
712.5528333	4.80420306	0.22338
714.6062997	4.7911994	0.20575
716.6716358	4.77698806	0.18987
718.7489449	4.76189168	0.17581
720.8383314	4.74621678	0.16356
722.9399009	4.73022834	0.15304
725.0537602	4.71414993	0.14416
727.1800176	4.69817202	0.1368
729.3187824	4.68244902	0.13083
731.4701652	4.66710589	0.12612
733.6342781	4.65224412	0.12254
735.8112344	4.63794329	0.11996
738.0011488	4.62427395	0.11827
740.2041373	4.61129508	0.11733
742.4203174	4.59903972	0.117
744.6498078	4.5875289	0.11716
746.8927289	4.57676624	0.11766
749.1492024	4.56672477	0.11836
751.4193515	4.55735002	0.11913
753.7033009	4.54856645	0.11987
756.0011768	4.54028399	0.1205
758.313107	4.53240028	0.12097
760.6392209	4.52481085	0.12127
762.9796492	4.51742472	0.12143
765.3345247	4.51017326	0.1215
767.7039814	4.50300862	0.12154
770.0881553	4.49590933	0.12163
772.4871838	4.4888896	0.12185
774.9012063	4.48199194	0.12225
777.3303636	4.47526528	0.12284
779.7747987	4.4687641	0.12363
782.2346562	4.46254252	0.12458
784.7100823	4.45663474	0.12563
787.2012254	4.45105352	0.12671
789.7082357	4.44578393	0.12774
792.2312652	4.44079196	0.12867
794.7704679	4.43602469	0.12944
797.326	4.43141519	0.13004
799.8980194	4.42690072	0.13048
802.4866861	4.42242966	0.1308
805.0921623	4.41796747	0.13105
807.7146124	4.41350377	0.1313
810.3542026	4.40905047	0.1316
813.0111016	4.40463577	0.132
815.6854803	4.40030549	0.13253
818.3775116	4.39611279	0.13319
821.0873709	4.39209772	0.13394
823.8152359	4.38828565	0.13475
826.5612867	4.38469167	0.13557
829.3257057	4.38130672	0.13634
832.1086779	4.37810612	0.13703
834.9103906	4.37505749	0.13761
837.7310338	4.37211787	0.13807
840.5708	4.3692532	0.13844
843.4298844	4.36644223	0.13874
846.3084846	4.36367317	0.13901
849.2068014	4.36095978	0.1393
852.1250378	4.35832219	0.13961
855.0634	4.35578354	0.13997
858.0220969	4.35338112	0.14038
861.0013403	4.35114409	0.14081
864.0013449	4.34908745	0.14123
867.0223287	4.34721748	0.14161
870.0645123	4.34553282	0.14192
873.1281197	4.34402287	0.14213
876.2133781	4.3426685	0.14222
879.3205177	4.34145179	0.14219
882.4497722	4.34036015	0.14204
885.6013786	4.33938712	0.14178
888.7755771	4.3385376	0.14142
891.9726115	4.33781879	0.14095
895.1927292	4.33723871	0.14037
898.4361812	4.33681161	0.13967
901.7032218	4.33655471	0.13883
904.9941095	4.33647485	0.1378
908.3091062	4.33656283	0.13654
911.6484779	4.33680739	0.13502
915.0124945	4.33718998	0.13319
918.4014296	4.33767889	0.13101
921.8155613	4.33823163	0.12844
925.2551716	4.33879974	0.12546
928.7205468	4.33933339	0.12205
932.2119774	4.3397739	0.11819
935.7297585	4.34005624	0.11388
939.2741894	4.34011576	0.10913
942.8455741	4.33988047	0.10395
946.4442214	4.33928668	0.0984
950.0704444	4.33827753	0.09251
953.7245615	4.33679612	0.08635
957.4068958	4.33480306	0.08
961.1177752	4.33227253	0.07354
964.8575331	4.32919261	0.06706
968.6265078	4.32556921	0.06065
972.4250431	4.32142155	0.05439
976.2534882	4.31678013	0.04836
980.1121976	4.3116937	0.04264
984.0015317	4.30622286	0.03728
987.9218566	4.30043109	0.03232
991.873544	4.29438118	0.02778
995.8569719	4.28813508	0.02368
999.8725242	4.28175991	0.02003
1003.920591	4.27531655	0.01681
1008.001569	4.26885969	0.01401
1012.115861	4.26243484	0.01159
1016.263877	4.2560776	0.00953
1020.446033	4.24982408	0.0078
1024.662752	4.24369533	0.00635
1028.914465	4.23771048	0.00517
1033.201608	4.23188728	0.00421
1037.524628	4.22623035	0.00344
1041.883975	4.22074115	0.00283
1046.28011	4.21542047	0.00236
1050.7135	4.21026552	0.002
1055.184621	4.2052739	0.00174
1059.693957	4.20044237	0.00155
1064.242	4.19575843	0.00141
1068.82925	4.19121529	0.00132
1073.456216	4.18680245	0.00125
1078.123417	4.18250855	0.00121
1082.83138	4.17833193	0.00119
1087.58064	4.17426246	0.00117
1092.371744	4.17028556	0.00115
1097.205248	4.16639705	0.00114
1102.081716	4.16259002	0.00112
1107.001723	4.15885391	0.0011
1111.965857	4.15518483	0.00108
1116.974712	4.15157847	0.00106
1122.028896	4.14802999	0.00104
1127.129027	4.14454046	0.00103
1132.275735	4.14110559	0.00101
1137.469661	4.13771929	9.97E-04
1142.711456	4.13438282	9.88E-04
1148.001787	4.13109538	9.84E-04
1153.34133	4.12785672	9.84E-04
1158.730776	4.12466566	9.86E-04
1164.170826	4.1215209	9.90E-04
1169.662198	4.11842173	9.95E-04
1175.205621	4.11536638	9.98E-04
1180.801838	4.11235247	9.99E-04
1186.451608	4.10937847	9.98E-04
1192.155702	4.10644227	9.93E-04
1197.914908	4.1035415	9.85E-04
1203.730029	4.10067428	9.74E-04
1209.601883	4.09783872	9.61E-04
1215.531304	4.09503402	9.48E-04
1221.519143	4.09225913	9.34E-04
1227.566267	4.08951334	9.22E-04
1233.673562	4.08679699	9.12E-04
1239.84193	4.08410993	9.04E-04
1246.072291	4.08145251	8.99E-04
1252.365586	4.07882455	8.95E-04
1258.722772	4.07622622	8.94E-04
1265.144827	4.07365768	8.93E-04
1271.632749	4.07111798	8.92E-04
1278.187557	4.06860701	8.91E-04
1284.81029	4.06612353	8.87E-04
1291.50201	4.0636662	8.82E-04
1298.263801	4.06123445	8.75E-04
1305.096768	4.05882718	8.66E-04
1312.002042	4.05644317	8.55E-04
1318.980777	4.05408196	8.44E-04
1326.03415	4.05174329	8.32E-04
1333.163366	4.04942645	8.20E-04
1340.369654	4.04713151	8.09E-04
1347.654272	4.04485876	7.99E-04
1355.018503	4.04260846	7.90E-04
1362.463659	4.04038042	7.81E-04
1369.991083	4.03817475	7.73E-04
1377.602144	4.03599135	7.64E-04
1385.298246	4.03382931	7.54E-04
1393.08082	4.03168859	7.44E-04
1400.951333	4.02956876	7.32E-04
1408.911284	4.02746899	7.19E-04
1416.962206	4.02538917	7.05E-04
1425.105667	4.02332861	6.89E-04
1433.343272	4.02128652	6.72E-04
1441.676663	4.01926315	6.55E-04
1450.10752	4.01725796	6.36E-04
1458.637565	4.01527094	6.18E-04
1467.268556	4.0133021	5.98E-04
1476.002298	4.01135087	5.78E-04
1484.840635	4.00941735	5.57E-04
1493.785458	4.00750112	5.35E-04
1502.838703	4.00560185	5.12E-04
1512.002354	4.0037192	4.88E-04
1521.278442	4.00185286	4.63E-04
1530.669049	4.00000248	4.37E-04
1540.176311	3.99816769	4.10E-04
1549.802413	3.99634794	3.82E-04
1559.549597	3.9945431	3.54E-04
1569.420165	3.99275276	3.25E-04
1579.416471	3.99097686	2.97E-04
1589.540936	3.98921505	2.68E-04
1599.796039	3.98746726	2.41E-04
1610.184325	3.98573376	2.14E-04
1620.708405	3.98401396	1.88E-04
1631.370961	3.98230821	1.64E-04
1642.174742	3.98061658	1.41E-04
1653.122573	3.97893896	1.20E-04
1664.217356	3.97727567	1.01E-04
1675.462068	3.97562685	8.39E-05
1686.859769	3.9739926	6.88E-05
1698.413603	3.97237305	5.56E-05
1710.1268	3.97076835	4.44E-05
1722.002681	3.96917861	3.49E-05
1734.044657	3.96760391	2.71E-05
1746.256239	3.96604432	2.07E-05
1758.641035	3.96449977	1.55E-05
1771.202757	3.96297026	1.15E-05
1783.945223	3.96145577	8.39E-06
1796.872362	3.95995619	6.02E-06
1809.988219	3.95847141	4.25E-06
1823.296956	3.95700131	2.95E-06
1836.802859	3.95554576	2.02E-06
1850.510343	3.95410461	1.36E-06
1864.423955	3.95267774	8.95E-07
1878.548379	3.95126498	5.81E-07
1892.888443	3.94986621	3.71E-07
1907.449123	3.9484813	2.32E-07
1922.23555	3.94711012	1.43E-07
1937.253016	3.94575254	8.66E-08
1952.506976	3.94440845	5.15E-08
1968.003063	3.94307774	3.00E-08
1983.747088	3.94176031	1.72E-08
1999.745048	3.94045606	9.69E-09
2016.003138	3.93916489	5.35E-09
2032.527754	3.93788672	2.90E-09
2049.325504	3.93662144	1.55E-09
2066.403217	3.93536899	8.09E-10
2083.76795	3.93412927	4.16E-10
2101.427	3.93290221	2.10E-10
2119.387915	3.93168773	1.05E-10
2137.6585	3.93048576	5.20E-11
2156.246835	3.92929623	2.61E-11
2175.161281	3.92811906	1.39E-11
2194.410496	3.92695419	8.51E-12
2214.003446	3.92580155	6.67E-12
2233.949423	3.92466107	6.70E-12
2254.258055	3.92353269	7.89E-12
2274.939321	3.92241635	9.93E-12
2296.003574	3.92131198	1.28E-11
2317.461551	3.92021953	1.64E-11
2339.324396	3.91913894	2.10E-11
2361.603676	3.91807016	2.66E-11
2384.311404	3.91701311	3.34E-11
2407.460058	3.91596776	4.15E-11
2431.062608	3.91493404	5.12E-11
2455.132535	3.91391191	6.26E-11
2479.68386	3.9129013	7.58E-11
2504.731172	3.91190218	9.12E-11
2530.289653	3.91091449	1.09E-10
2556.375113	3.90993818	1.29E-10
2583.004021	3.9089732	1.52E-10
2610.193537	3.90801951	1.77E-10
2637.961553	3.90707707	2.06E-10
2666.326731	3.90614582	2.38E-10
2695.308543	3.90522572	2.72E-10
2724.927319	3.90431673	3.09E-10
2755.204289	3.9034188	3.49E-10
2786.16164	3.9025319	3.92E-10
2817.822568	3.90165598	4.36E-10
2850.211333	3.900791	4.81E-10
2883.353326	3.89993692	5.27E-10
2917.275129	3.8990937	5.72E-10
2952.004595	3.89826132	6.16E-10
2987.570916	3.89743971	6.57E-10
3024.004707	3.89662886	6.95E-10
3061.338099	3.89582872	7.28E-10
3099.604825	3.89503926	7.56E-10
3138.840329	3.89426045	7.78E-10
3179.081872	3.89349224	7.93E-10
3220.368649	3.89273461	8.01E-10
3262.741921	3.89198753	8.01E-10
3306.245147	3.89125095	7.94E-10
3350.924135	3.89052485	7.80E-10
3396.827205	3.88980921	7.59E-10
3444.005361	3.88910397	7.31E-10
3492.512479	3.88840913	6.99E-10
3542.405514	3.88772464	6.62E-10
3593.744725	3.88705049	6.21E-10
3646.593912	3.88638663	5.77E-10
3701.020687	3.88573304	5.32E-10
3757.096758	3.88508971	4.86E-10
3814.898246	3.88445659	4.39E-10
3874.506031	3.88383366	3.94E-10
3936.006127	3.8832209	3.50E-10
3999.490097	3.88261828	3.08E-10
4065.055508	3.88202578	2.68E-10
4132.806433	3.88144337	2.31E-10
4202.854	3.88087103	1.97E-10
4275.317	3.88030874	1.66E-10
4350.322561	3.87975648	1.39E-10
4428.006893	3.87921421	1.14E-10
4508.516109	3.87868192	9.31E-11
4592.007148	3.87815959	7.49E-11
4678.648792	3.8776472	5.95E-11
4768.622808	3.87714473	4.67E-11
4862.125216	3.87665215	3.61E-11
4959.36772	3.87616945	2.75E-11
5060.579306	3.87569661	2.07E-11
5166.008042	3.87523362	1.53E-11
5275.923106	3.87478044	1.12E-11
5390.617087	3.87433707	8.03E-12
5510.408578	3.87390348	5.68E-12
5635.645136	3.87347966	3.95E-12
5766.706651	3.8730656	2.71E-12
5904.00919	3.87266128	1.82E-12
6048.009415	3.87226668	1.21E-12
6199.20965	3.87188178	7.84E-13
6358.163744	3.87150658	5.02E-13
6525.483842	3.87114105	3.15E-13
6701.84827	3.87078519	1.95E-13
6888.010722	3.87043898	1.18E-13
7084.811029	3.8701024	7.03E-14
7293.187824	3.86977545	4.12E-14
7514.193515	3.86945811	2.36E-14
7749.012063	3.86915037	1.33E-14
7998.980194	3.86885222	7.38E-15
8265.612867	3.86856365	4.01E-15
8550.634	3.86828464	2.14E-15
8856.013786	3.86801518	1.12E-15
9184.014296	3.86775527	5.75E-16
9537.245615	3.8675049	2.90E-16
9918.73544	3.86726405	1.43E-16
10332.01608	3.86703272	6.96E-17
10781.23417	3.86681089	3.32E-17
11271.29027	3.86659857	1.55E-17
11808.01838	3.86639574	7.09E-18
12398.4193	3.86620239	3.19E-18
13050.96768	3.86601852	1.41E-18
13776.02144	3.86584412	6.08E-19
14586.37565	3.86567918	2.58E-19
15498.02413	3.8655237	1.07E-19
16531.22573	3.86537768	4.37E-20
17712.02757	3.8652411	1.75E-20
19074.49123	3.86511396	6.87E-21
20664.03217	3.86499625	2.64E-21
22542.58055	3.86488798	9.97E-22
24796.8386	3.86478914	3.69E-22
27552.04289	3.86469972	1.34E-22
30996.04825	3.86461973	4.76E-23
35424.05514	3.86454915	1.66E-23
41328.06433	3.86448799	5.68E-24
49593.6772	3.86443624	1.90E-24
61992.0965	3.8643939	6.26E-25
82656.12867	3.86436097	2.02E-25
123984.193	3.86433745	6.39E-26
247968.386	3.86432334	1.98E-26
123984193	3.86431864	6.02E-27
