123.984317	0.37601575	0.12488
124.0463402	0.41516712	0.12447
124.1084255	0.43425737	0.12402
124.170573	0.44658077	0.12359
124.2327828	0.45547262	0.12319
124.2950549	0.46227763	0.12286
124.3573895	0.46767961	0.1226
124.4197867	0.47208196	0.12244
124.4822465	0.47574618	0.12236
124.544769	0.47885128	0.12237
124.6073544	0.48152769	0.12244
124.6700027	0.48386304	0.12255
124.732714	0.48591559	0.12267
124.7954885	0.48771916	0.12278
124.8583261	0.48928754	0.12286
124.9212271	0.49062686	0.12292
124.9841915	0.49173318	0.12295
125.0472194	0.49260018	0.12299
125.1103109	0.493234	0.12307
125.1734661	0.49364028	0.12322
125.2366851	0.49383781	0.1235
125.299968	0.49386452	0.12395
125.3633148	0.49376568	0.1246
125.4267258	0.49360059	0.12548
125.4902009	0.49342895	0.12657
125.5537403	0.49329654	0.12785
125.6173441	0.4932555	0.12931
125.6810123	0.49334194	0.13087
125.7447452	0.49356814	0.13249
125.8085427	0.49393804	0.13411
125.8724049	0.49443269	0.13567
125.9363321	0.49502082	0.13714
126.0003242	0.49566399	0.13849
126.0643814	0.49632018	0.13972
126.1285037	0.49694549	0.14083
126.1926913	0.49750866	0.14187
126.2569443	0.49799179	0.14286
126.3212627	0.49838299	0.14385
126.3856467	0.49869123	0.14489
126.4500963	0.49893548	0.14601
126.5146117	0.49914428	0.14725
126.579193	0.49935808	0.14863
126.6438403	0.49962331	0.15016
126.7085536	0.49998204	0.15182
126.7733331	0.50047087	0.1536
126.8381789	0.50113092	0.15548
126.903091	0.50199384	0.15741
126.9680696	0.50308595	0.15936
127.0331148	0.50442466	0.16126
127.0982267	0.50601284	0.16306
127.1634053	0.50784213	0.16469
127.2286508	0.50989389	0.1661
127.2939633	0.51213189	0.16721
127.3593429	0.51450179	0.16798
127.4247897	0.51694476	0.16837
127.4903038	0.51938267	0.16834
127.5558853	0.52173591	0.16791
127.6215344	0.52392599	0.16708
127.687251	0.52587863	0.16591
127.7530353	0.52753416	0.16445
127.8188874	0.528849	0.16279
127.8848075	0.52980312	0.16101
127.9507956	0.53039513	0.1592
128.0168519	0.53065131	0.15745
128.0829763	0.53061125	0.15581
128.1491691	0.5303239	0.15434
128.2154304	0.52985261	0.15307
128.2817603	0.52925949	0.152
128.3481587	0.52859505	0.15111
128.414626	0.52790121	0.15038
128.4811622	0.52721069	0.14977
128.5477673	0.52653635	0.14923
128.6144415	0.52587959	0.14873
128.6811849	0.52522703	0.14822
128.7479977	0.52455512	0.14769
128.8148798	0.52383747	0.14712
128.8818315	0.52304462	0.14652
128.9488528	0.52215745	0.14591
129.0159438	0.52115849	0.1453
129.0831047	0.52003729	0.14473
129.1503356	0.51879806	0.14423
129.2176365	0.51745393	0.14383
129.2850076	0.51602515	0.14355
129.352449	0.51454019	0.14341
129.4199608	0.51302623	0.1434
129.4875431	0.51151305	0.14353
129.555196	0.51002431	0.14376
129.6229196	0.50857258	0.14408
129.6907141	0.50717025	0.14446
129.7585795	0.50581343	0.14486
129.826516	0.50449314	0.14527
129.8945237	0.50319837	0.14566
129.9626027	0.5019057	0.14601
130.030753	0.50059065	0.14632
130.0989749	0.49923223	0.14659
130.1672684	0.49780716	0.14682
130.2356337	0.49628929	0.14702
130.3040707	0.49466006	0.14722
130.3725798	0.49290936	0.14744
130.4411609	0.49102698	0.1477
130.5098142	0.48900549	0.14803
130.5785398	0.48684954	0.14847
130.6473379	0.4845702	0.14904
130.7162085	0.48218178	0.14977
130.7851517	0.47970543	0.15068
130.8541677	0.47716875	0.15179
130.9232565	0.47460258	0.1531
130.9924184	0.47203339	0.1546
131.0616533	0.46948077	0.15627
131.1309615	0.46695177	0.15808
131.2003431	0.46444347	0.16001
131.2697981	0.46194275	0.16203
131.3393266	0.45941525	0.16411
131.4089289	0.45681021	0.16625
131.478605	0.45406712	0.16847
131.548355	0.45113592	0.17085
131.618179	0.44797933	0.17346
131.6880772	0.44457613	0.17643
131.7580497	0.4409455	0.17991
131.8280966	0.43715755	0.18407
131.898218	0.43332919	0.18905
131.968414	0.42962981	0.195
132.0386848	0.42628048	0.202
132.1090305	0.42353555	0.21008
132.1794512	0.42166668	0.21918
132.2499469	0.42094392	0.22917
132.320518	0.42160777	0.23981
132.3911643	0.4238488	0.25081
132.4618862	0.42778814	0.26179
132.5326836	0.43344973	0.27234
132.6035568	0.44076784	0.28206
132.6745058	0.4495787	0.29054
132.7455308	0.45962713	0.29745
132.8166318	0.47058873	0.30252
132.8878091	0.48208914	0.30559
132.9590627	0.49373552	0.3066
133.0303927	0.50513674	0.30559
133.1017994	0.51593293	0.30271
133.1732827	0.52581769	0.29818
133.2448428	0.53454624	0.29228
133.3164799	0.54195955	0.28535
133.3881941	0.54797278	0.27769
133.4599854	0.55256009	0.26962
133.5318541	0.55576862	0.26144
133.6038002	0.55768706	0.25337
133.6758239	0.55843711	0.24563
133.7479253	0.5581632	0.23835
133.8201045	0.55701047	0.23164
133.8923617	0.55512298	0.22556
133.9646969	0.55263486	0.22015
134.0371103	0.54967496	0.21543
134.1096021	0.54635312	0.21138
134.1821723	0.54277126	0.20801
134.2548211	0.5390251	0.20528
134.3275486	0.53519073	0.20316
134.4003549	0.53134507	0.20163
134.4732402	0.52755469	0.20063
134.5462046	0.52387649	0.20013
134.6192482	0.52037117	0.20008
134.6923712	0.51708118	0.2004
134.7655737	0.51403664	0.20104
134.8388557	0.51126429	0.20193
134.9122175	0.50877917	0.203
134.9856592	0.50658232	0.20417
135.0591809	0.50465362	0.20536
135.1327827	0.5029643	0.20652
135.2064648	0.50147488	0.20758
135.2802273	0.50013157	0.2085
135.3540703	0.49887115	0.20924
135.4279939	0.49762146	0.20979
135.5019984	0.49631145	0.21016
135.5760837	0.49487463	0.21038
135.6502502	0.49325377	0.2105
135.7244978	0.491409	0.21059
135.7988267	0.48931053	0.21071
135.8732371	0.48695338	0.21097
135.9477291	0.48436136	0.21144
136.0223028	0.48156849	0.21219
136.0969584	0.4786293	0.21329
136.171696	0.47561655	0.21478
136.2465157	0.47259935	0.21666
136.3214176	0.46964418	0.21894
136.396402	0.46682048	0.2216
136.4714689	0.46418094	0.22459
136.5466184	0.46176092	0.22787
136.6218508	0.45958983	0.2314
136.6971661	0.45768065	0.23512
136.7725646	0.45603319	0.239
136.8480462	0.4546444	0.24301
136.9236112	0.4535117	0.24714
136.9992597	0.4526386	0.25138
137.0749918	0.45203028	0.25572
137.1508077	0.45170489	0.26017
137.2267075	0.45168454	0.2647
137.3026914	0.45199667	0.26931
137.3787594	0.45267307	0.27395
137.4549118	0.45373141	0.27857
137.5311487	0.4551859	0.28312
137.6074702	0.4570373	0.28752
137.6838764	0.45926613	0.2917
137.7603675	0.46183845	0.29559
137.8369437	0.464699	0.29912
137.913605	0.46778397	0.30226
137.9903517	0.47101729	0.30496
138.0671838	0.47431597	0.30723
138.1441016	0.47759805	0.30907
138.221105	0.48079017	0.31054
138.2981944	0.48383988	0.31169
138.3753698	0.48670268	0.31258
138.4526314	0.48935041	0.31329
138.5299794	0.49177647	0.3139
138.6074138	0.49399539	0.31449
138.6849348	0.49603593	0.31512
138.7625425	0.49794456	0.31586
138.8402372	0.4997816	0.31674
138.918019	0.50160748	0.31778
138.9958879	0.50349537	0.319
139.0738442	0.5055156	0.32036
139.1518879	0.50772646	0.32183
139.2300193	0.51018008	0.32335
139.3082385	0.51291457	0.32485
139.3865457	0.51594239	0.32623
139.4649409	0.51925555	0.32742
139.5434244	0.5228314	0.32833
139.6219962	0.52662163	0.32888
139.7006566	0.53055856	0.32901
139.7794056	0.53456721	0.32869
139.8582435	0.53857021	0.3279
139.9371704	0.54248781	0.32664
140.0161864	0.54623654	0.32492
140.0952916	0.54974581	0.3228
140.1744863	0.55296099	0.32032
140.2537706	0.55582566	0.31753
140.3331447	0.55830038	0.31452
140.4126086	0.56036644	0.31136
140.4921626	0.56201009	0.30812
140.5718068	0.56323189	0.30489
140.6515413	0.56405172	0.30175
140.7313663	0.5644985	0.29877
140.811282	0.5646208	0.29604
140.8912885	0.56449094	0.29362
140.971386	0.56418466	0.29154
141.0515746	0.56378639	0.28984
141.1318544	0.56339764	0.28853
141.2122258	0.56311335	0.28757
141.2926887	0.56302345	0.28693
141.3732433	0.56321359	0.28653
141.4538899	0.56374731	0.28627
141.5346285	0.5646613	0.28603
141.6154593	0.56597184	0.2857
141.6963825	0.56767214	0.28514
141.7773983	0.56971092	0.2842
141.8585067	0.57200834	0.28278
141.939708	0.57446348	0.28077
142.0210023	0.57694336	0.27809
142.1023898	0.57930229	0.27471
142.1838706	0.58137523	0.2706
142.2654449	0.58299625	0.26583
142.3471129	0.58401606	0.26047
142.4288747	0.58428992	0.25464
142.5107305	0.58371074	0.24853
142.5926804	0.58221334	0.24232
142.6747246	0.57976459	0.23622
142.7568633	0.57638696	0.23047
142.8390966	0.57216039	0.22528
142.9214247	0.56719616	0.22082
143.0038478	0.56165139	0.21728
143.0863659	0.55571651	0.21475
143.1689794	0.54960118	0.21332
143.2516883	0.54352586	0.21298
143.3344929	0.53770241	0.2137
143.4173932	0.53233123	0.21538
143.5003895	0.5275886	0.21789
143.5834819	0.52361429	0.22104
143.6666705	0.52050796	0.22464
143.7499557	0.51832822	0.22846
143.8333374	0.51708096	0.23227
143.9168159	0.5167255	0.23585
144.0003914	0.51718134	0.239
144.084064	0.51832579	0.24153
144.1678339	0.51999951	0.2433
144.2517013	0.52202031	0.24421
144.3356663	0.52419901	0.24422
144.4197291	0.52633518	0.2433
144.5038899	0.5282356	0.24152
144.5881488	0.52972859	0.23895
144.672506	0.5306583	0.23572
144.7569618	0.53090966	0.232
144.8415162	0.53040645	0.22796
144.9261694	0.52910851	0.22379
145.0109217	0.52701846	0.21968
145.0957731	0.52417312	0.2158
145.1807239	0.52064312	0.21232
145.2657742	0.51653467	0.20938
145.3509242	0.51197608	0.20708
145.4361741	0.50710177	0.20548
145.5215241	0.50206155	0.20464
145.6069743	0.49700771	0.20454
145.6925249	0.49208354	0.20516
145.7781761	0.48742189	0.20642
145.8639281	0.48313412	0.20823
145.949781	0.47930641	0.21046
146.035735	0.47599559	0.21298
146.1217904	0.47322312	0.21563
146.2079472	0.4709785	0.21828
146.2942057	0.46922082	0.22078
146.380566	0.4678706	0.22301
146.4670283	0.46682777	0.22489
146.5535929	0.46598359	0.22637
146.6402598	0.46521845	0.22742
146.7270293	0.46441578	0.22807
146.8139015	0.46347755	0.22837
146.9008767	0.4623203	0.22839
146.9879549	0.46088973	0.22824
147.0751365	0.45916687	0.22802
147.1624216	0.45715497	0.22782
147.2498103	0.45488064	0.22773
147.3373028	0.45238767	0.22781
147.4248994	0.44973704	0.22812
147.5126003	0.44699348	0.22866
147.6004055	0.44421209	0.22943
147.6883153	0.4414384	0.2304
147.7763299	0.43871077	0.23155
147.8644495	0.43604717	0.23281
147.9526742	0.4334428	0.23415
148.0410042	0.43088421	0.23553
148.1294398	0.42834733	0.23693
148.2179811	0.42580006	0.23833
148.3066284	0.42320066	0.23973
148.3953817	0.42051115	0.24116
148.4842413	0.41770587	0.24266
148.5732074	0.41476588	0.24427
148.6622802	0.41168127	0.24605
148.7514598	0.40846223	0.24807
148.8407465	0.40512955	0.25038
148.9301405	0.40172092	0.25306
149.0196419	0.39829531	0.25616
149.1092509	0.39492529	0.25973
149.1989677	0.39169365	0.26379
149.2887926	0.388692	0.26836
149.3787258	0.38602354	0.27343
149.4687673	0.38378322	0.27895
149.5589174	0.38206943	0.28489
149.6491764	0.3809719	0.29114
149.7395444	0.38055879	0.29761
149.8300215	0.38088389	0.30417
149.9206081	0.38197808	0.31069
150.0113043	0.38384288	0.31701
150.1021103	0.38644824	0.32299
150.1930263	0.3897423	0.32849
150.2840525	0.39363576	0.33336
150.3751891	0.398014	0.33751
150.4664362	0.40274777	0.34085
150.5577942	0.40768657	0.34333
150.6492632	0.41267743	0.34495
150.7408435	0.41757599	0.34574
150.8325351	0.42224815	0.34576
150.9243383	0.426581	0.34511
151.0162534	0.43049376	0.34391
151.1082804	0.43394162	0.34229
151.2004198	0.43690592	0.34036
151.2926715	0.43940001	0.33825
151.3850359	0.44145959	0.33603
151.4775131	0.44312658	0.33377
151.5701034	0.44445335	0.33151
151.6628069	0.44549032	0.32926
151.7556239	0.44626467	0.32699
151.8485546	0.44678606	0.3247
151.9415992	0.44704902	0.32236
152.0347579	0.44702765	0.31997
152.1280308	0.44668686	0.31754
152.2214183	0.44598685	0.31511
152.3149205	0.44489698	0.31275
152.4085377	0.44340482	0.31055
152.50227	0.4415244	0.30862
152.5961177	0.43929958	0.30707
152.6900809	0.43681935	0.30603
152.7841599	0.43420568	0.30556
152.878355	0.43160248	0.30572
152.9726662	0.42917458	0.3065
153.0670939	0.42708406	0.30784
153.1616382	0.42547509	0.30962
153.2562995	0.42446084	0.31168
153.3510777	0.42410862	0.31381
153.4459733	0.42442258	0.31578
153.5409864	0.42535081	0.31738
153.6361173	0.42677883	0.31839
153.7313661	0.42854044	0.31867
153.826733	0.43043584	0.31811
153.9222184	0.43224392	0.31669
154.0178224	0.43374622	0.31445
154.1135452	0.43475164	0.31152
154.2093871	0.43511356	0.30806
154.3053482	0.43473094	0.30427
154.4014289	0.43355804	0.30037
154.4976293	0.43161284	0.29659
154.5939496	0.4289692	0.29312
154.6903901	0.42574277	0.29012
154.786951	0.42207646	0.28769
154.8836326	0.4181257	0.28589
154.980435	0.41405351	0.28473
155.0773584	0.40999975	0.28414
155.1744032	0.40607906	0.28406
155.2715695	0.40238114	0.28437
155.3688576	0.3989557	0.28495
155.4662677	0.39581694	0.28567
155.5638	0.39294105	0.28641
155.6614547	0.39027695	0.28708
155.7592321	0.38775529	0.28761
155.8571324	0.38529314	0.28796
155.9551559	0.38280199	0.28812
156.0533028	0.38019372	0.28811
156.1515732	0.37739281	0.28799
156.2499675	0.37434708	0.28784
156.3484859	0.37102818	0.28775
156.4471286	0.36742558	0.28781
156.5458959	0.36356474	0.28815
156.6447879	0.35950528	0.28885
156.743805	0.3553256	0.28999
156.8429473	0.35112682	0.29162
156.9422151	0.34702415	0.29376
157.0416087	0.34313847	0.29639
157.1411282	0.33958471	0.29945
157.2407739	0.33645914	0.30284
157.3405461	0.33383493	0.30644
157.440445	0.33175198	0.31009
157.5404708	0.33020384	0.31362
157.6406238	0.32913409	0.31686
157.7409043	0.32844789	0.31968
157.8413123	0.32801024	0.32195
157.9418483	0.3276563	0.32362
158.0425125	0.32721003	0.32467
158.143305	0.32649141	0.32515
158.2442262	0.32533347	0.32516
158.3452763	0.32360036	0.32487
158.4464555	0.32120899	0.32449
158.5477641	0.31812892	0.32424
158.6492024	0.31438519	0.32436
158.7507705	0.31007127	0.32509
158.8524687	0.3053386	0.32662
158.9542974	0.30038617	0.32911
159.0562566	0.29545236	0.33265
159.1583468	0.29079305	0.33726
159.2605681	0.28667339	0.3429
159.3629208	0.28334474	0.34943
159.4654051	0.2810184	0.35665
159.5680213	0.27986769	0.36432
159.6707697	0.2800018	0.37211
159.7736505	0.28144767	0.37969
159.8766639	0.28415864	0.38672
159.9798103	0.28800769	0.39287
160.0830898	0.29278964	0.39785
160.1865028	0.29823728	0.40144
160.2900495	0.30403764	0.40349
160.3937301	0.3098457	0.40394
160.497545	0.31532013	0.40285
160.6014943	0.32014038	0.40034
160.7055784	0.32402239	0.39664
160.8097974	0.32675876	0.39206
160.9141517	0.32821877	0.38692
161.0186416	0.32835456	0.38159
161.1232672	0.32720646	0.37641
161.2280289	0.32488862	0.3717
161.3329269	0.3215908	0.36774
161.4379615	0.31755877	0.36472
161.543133	0.31305848	0.36274
161.6484415	0.30836921	0.36185
161.7538875	0.30376543	0.36199
161.8594711	0.29949076	0.36304
161.9651926	0.29574027	0.3648
162.0710524	0.29265039	0.36705
162.1770506	0.29030348	0.36954
162.2831875	0.28870982	0.37199
162.3894635	0.28781334	0.37416
162.4958788	0.28750247	0.37582
162.6024336	0.2876099	0.37679
162.7091282	0.28794186	0.37697
162.815963	0.28828821	0.37629
162.9229381	0.28843024	0.37476
163.030054	0.28815892	0.37244
163.1373107	0.28728837	0.36946
163.2447087	0.28567757	0.366
163.3522482	0.28323568	0.36226
163.4599294	0.27991838	0.35845
163.5677527	0.27572994	0.35479
163.6757184	0.27073217	0.3515
163.7838267	0.26504061	0.34876
163.8920778	0.25879937	0.34669
164.0004722	0.25217634	0.34539
164.1090101	0.2453584	0.34489
164.2176917	0.23852811	0.34516
164.3265173	0.23184626	0.34611
164.4354873	0.22543922	0.34761
164.5446019	0.21938609	0.34949
164.6538614	0.21372341	0.35159
164.7632661	0.20842915	0.3537
164.8728163	0.20342482	0.35568
164.9825123	0.19859622	0.3574
165.0923543	0.19379413	0.35879
165.2023427	0.18885475	0.35984
165.3124777	0.18362765	0.36062
165.4227597	0.17798245	0.36122
165.533189	0.17183038	0.36182
165.6437657	0.165135	0.36258
165.7544903	0.15790927	0.3637
165.865363	0.15022431	0.36535
165.9763842	0.14220056	0.36768
166.087554	0.13399278	0.37077
166.1988729	0.12576814	0.37465
166.3103411	0.11768713	0.37928
166.421959	0.10989397	0.38459
166.5337267	0.10250117	0.39044
166.6456447	0.09556843	0.39667
166.7577132	0.08910625	0.40312
166.8699325	0.08307957	0.40964
166.982303	0.07741586	0.41611
167.0948249	0.07200618	0.42243
167.2074986	0.06672584	0.42858
167.3203243	0.06144894	0.43456
167.4333024	0.05606409	0.44045
167.5464332	0.05048348	0.44633
167.6597169	0.0446463	0.45234
167.773154	0.03853789	0.45863
167.8867446	0.03218536	0.46535
168.0004892	0.02565443	0.47264
168.114388	0.01905161	0.48063
168.2284413	0.01252178	0.48941
168.3426495	0.00621962	0.499
168.4570128	0.00030899	0.50942
168.5715317	-0.00504196	0.52061
168.6862064	-0.00968201	0.53248
168.8010372	-0.01349051	0.54488
168.9160244	-0.01638405	0.55766
169.0311684	-0.01830974	0.57065
169.1464695	-0.01925399	0.58367
169.261928	-0.01924438	0.59655
169.3775442	-0.01833269	0.60916
169.4933185	-0.01659087	0.62137
169.6092512	-0.01410475	0.6331
169.7253425	-0.01095595	0.64429
169.8415929	-0.00722478	0.65489
169.9580027	-0.00298186	0.66488
170.0745721	0.00171402	0.67423
170.1913016	0.00681369	0.68292
170.3081914	0.0122691	0.6909
170.4252418	0.01802675	0.69813
170.5424533	0.0240358	0.70456
170.6598261	0.03021979	0.71009
170.7773606	0.03648058	0.71467
170.8950571	0.04269354	0.7182
171.0129159	0.04869894	0.72064
171.1309374	0.05431989	0.72196
171.2491219	0.05935241	0.72216
171.3674698	0.06357595	0.7213
171.4859813	0.06677259	0.7195
171.6046569	0.06873629	0.71693
171.7234968	0.06928734	0.71383
171.8425015	0.0682975	0.7105
171.9616712	0.06569569	0.70726
172.0810064	0.06147575	0.70447
172.2005072	0.05570822	0.70249
172.3201742	0.04853474	0.70166
172.4400076	0.04016195	0.70229
172.5600077	0.03085913	0.70465
172.680175	0.02094684	0.70894
172.8005098	0.01078035	0.71529
172.9210124	0.00073489	0.72375
173.0416832	-0.00880346	0.7343
173.1625226	-0.01746321	0.74681
173.2835308	-0.02489771	0.76111
173.4047083	-0.03078657	0.77694
173.5260553	-0.03486568	0.79396
173.6475723	-0.03693627	0.81179
173.7692597	-0.03686835	0.83
173.8911177	-0.03462446	0.84811
174.0131467	-0.03026782	0.86565
174.1353471	-0.02395203	0.88217
174.2577193	-0.01592756	0.89724
174.3802635	-0.00653594	0.91051
174.5029803	0.00380541	0.92171
174.6258699	0.0146317	0.93071
174.7489327	0.02546291	0.93749
174.8721691	0.03583105	0.94217
174.9955794	0.04530979	0.94498
175.119164	0.05354973	0.94628
175.2429233	0.0602997	0.94648
175.3668577	0.06541381	0.94605
175.4909674	0.06886637	0.94547
175.615253	0.07073984	0.94518
175.7397147	0.07120741	0.94557
175.864353	0.07051445	0.94695
175.9891682	0.06895958	0.94955
176.1141607	0.06686243	0.95348
176.2393308	0.06453863	0.95878
176.364679	0.06228663	0.9654
176.4902057	0.06037124	0.97323
176.6159111	0.05901455	0.9821
176.7417958	0.05837776	0.99179
176.86786	0.05856892	1.00209
176.9941042	0.05964241	1.01275
177.1205287	0.06158308	1.02353
177.247134	0.06432836	1.03424
177.3739204	0.06776994	1.04469
177.5008883	0.07175552	1.05476
177.6280381	0.07610699	1.06438
177.7553703	0.08064052	1.07357
177.8828851	0.08519014	1.08241
178.0105829	0.0896233	1.09105
178.1384643	0.09385976	1.09969
178.2665295	0.09788595	1.10857
178.394779	0.10177149	1.11795
178.5232131	0.105677	1.12807
178.6518324	0.10983809	1.1391
178.780637	0.11454476	1.15114
178.9096276	0.12012775	1.1642
179.0388044	0.1269372	1.17818
179.1681679	0.13530185	1.19284
179.2977184	0.14549159	1.20784
179.4274565	0.15770337	1.22276
179.5573824	0.17202659	1.23708
179.6874966	0.18842933	1.25028
179.8177996	0.20676063	1.26182
179.9482917	0.22673676	1.27119
180.0789732	0.24795792	1.27797
180.2098448	0.26993333	1.28184
180.3409067	0.2921051	1.28261
180.4721593	0.31387751	1.28023
180.6036032	0.33465309	1.27481
180.7352387	0.35386653	1.2666
180.8670662	0.37102101	1.256
180.9990861	0.38571082	1.2435
181.131299	0.39765029	1.22971
181.2637051	0.40669376	1.21526
181.3963049	0.41281766	1.20078
181.5290989	0.41613656	1.18692
181.6620874	0.41688499	1.17422
181.795271	0.41539373	1.16318
181.9286499	0.41207058	1.15416
182.0622248	0.40736455	1.14743
182.1959959	0.40174931	1.14314
182.3299637	0.39568553	1.14132
182.4641287	0.38960972	1.14194
182.5984913	0.38392801	1.14488
182.7330519	0.37899552	1.14996
182.867811	0.37512081	1.15698
183.002769	0.37257997	1.16572
183.1379263	0.37161806	1.17593
183.2732835	0.3724554	1.18735
183.4088408	0.37528118	1.19967
183.5445989	0.38026039	1.21259
183.680558	0.38753334	1.22574
183.8167188	0.39718879	1.23871
183.9530815	0.40925941	1.25106
184.0896468	0.42370286	1.2623
184.2264149	0.44038776	1.27194
184.3633864	0.45909109	1.27949
184.5005618	0.47949155	1.28449
184.6379414	0.50117595	1.28654
184.7755257	0.52364415	1.28531
184.9133153	0.54633338	1.2806
185.0513105	0.56864376	1.27231
185.1895119	0.58995358	1.26047
185.3279198	0.6096461	1.24524
185.4665347	0.6271421	1.22692
185.6053572	0.64191567	1.2059
185.7443876	0.65351572	1.1827
185.8836265	0.66158495	1.1579
186.0230743	0.66586708	1.13216
186.1627315	0.66622343	1.10618
186.3025985	0.66262899	1.08067
186.4426759	0.65517802	1.05636
186.582964	0.64408619	1.03395
186.7234634	0.62969175	1.01412
186.8641746	0.61245229	0.99747
187.005098	0.59292213	0.98451
187.1462342	0.57175834	0.97568
187.2875835	0.54970319	0.97125
187.4291465	0.52754918	0.97135
187.5709237	0.50611601	0.97593
187.7129155	0.48621633	0.98476
187.8551225	0.46861027	0.9974
187.9975451	0.45395323	1.01323
188.1401838	0.44275847	1.03148
188.2830392	0.4353621	1.05126
188.4261116	0.43189191	1.07161
188.5694016	0.43225212	1.09157
188.7129098	0.43613582	1.11026
188.8566365	0.44305714	1.12693
189.0005823	0.45238113	1.14099
189.1447477	0.4633803	1.15209
189.2891333	0.47529679	1.16009
189.4337394	0.48740008	1.16509
189.5785666	0.49904821	1.16738
189.7236155	0.50971995	1.16739
189.8688865	0.51904773	1.16567
190.0143801	0.52682724	1.16279
190.1600969	0.53301207	1.15933
190.3060373	0.5376952	1.15579
190.4522019	0.54108148	1.1526
190.5985912	0.54345299	1.15005
190.7452058	0.54513414	1.14833
190.892046	0.54645833	1.14748
191.0391125	0.54772335	1.14743
191.1864058	0.54918079	1.14804
191.3339264	0.55101155	1.14907
191.4816749	0.55330772	1.15026
191.6296517	0.55607362	1.15133
191.7778574	0.5592276	1.15203
191.9262925	0.56261242	1.15215
192.0749575	0.56601846	1.15157
192.2238531	0.56920156	1.15023
192.3729796	0.57190648	1.14819
192.5223378	0.57391258	1.14561
192.671928	0.57504663	1.1427
192.8217509	0.57520005	1.13975
192.971807	0.57434734	1.13707
193.1220968	0.57256235	1.135
193.2726208	0.57000035	1.13379
193.4233798	0.56687603	1.13367
193.574374	0.56346197	1.13478
193.7256043	0.56004806	1.13715
193.877071	0.55691288	1.14073
194.0287747	0.55430788	1.14539
194.180716	0.55242892	1.15092
194.3328955	0.55141296	1.1571
194.4853137	0.55132503	1.16365
194.6379712	0.55216552	1.17035
194.7908685	0.55388207	1.17696
194.9440062	0.55637087	1.18331
195.0973849	0.55951021	1.18928
195.2510051	0.56315866	1.19477
195.4048675	0.56717023	1.19976
195.5589725	0.57141787	1.20426
195.7133208	0.57578805	1.2083
195.8679129	0.58018974	1.21195
196.0227494	0.58455845	1.21528
196.177831	0.58885872	1.21838
196.3331581	0.59307042	1.2213
196.4887314	0.59719277	1.22413
196.6445514	0.60124127	1.2269
196.8006187	0.60522921	1.22965
196.956934	0.60917234	1.2324
197.1134978	0.61308487	1.23517
197.2703107	0.61697378	1.23796
197.4273733	0.62083377	1.24078
197.5846862	0.62465261	1.24365
197.74225	0.62842348	1.24662
197.9000653	0.63215106	1.24974
198.0581327	0.63585457	1.25308
198.2164528	0.63957543	1.25671
198.3750262	0.64338028	1.2607
198.5338535	0.6473538	1.26509
198.6929354	0.65160703	1.26993
198.8522724	0.65625884	1.27518
199.0118652	0.66141519	1.2808
199.1717143	0.66716913	1.2867
199.3318205	0.67358804	1.29278
199.4921842	0.68071161	1.29892
199.6528062	0.68854456	1.305
199.813687	0.69705955	1.31092
199.9748274	0.70621859	1.31663
200.1362278	0.71598378	1.32209
200.297889	0.72632206	1.3273
200.4598116	0.73722526	1.33229
200.6219962	0.74872178	1.3371
200.7844434	0.76087328	1.34175
200.9471539	0.77376671	1.34624
201.1101283	0.78751905	1.35055
201.2733673	0.80225754	1.35458
201.4368715	0.81810095	1.3582
201.6006416	0.83515353	1.36122
201.7646782	0.85349144	1.36341
201.928982	0.87314456	1.36448
202.0935535	0.89408445	1.36413
202.2583936	0.91623683	1.36206
202.4235027	0.93946561	1.35793
202.5888817	0.9635698	1.35144
202.7545311	0.98829119	1.34229
202.9204516	1.01330931	1.33022
203.0866439	1.03824962	1.31501
203.2531086	1.06267811	1.29648
203.4198465	1.08611189	1.27454
203.5868581	1.1080263	1.24916
203.7541442	1.12786405	1.22043
203.9217055	1.14506751	1.18856
204.0895425	1.15908909	1.15386
204.2576561	1.16942855	1.11681
204.4260469	1.17566084	1.07797
204.5947155	1.17746402	1.03805
204.7636627	1.17465875	0.99782
204.9328891	1.16720561	0.95808
205.1023955	1.15523362	0.91968
205.2721826	1.13903877	0.88338
205.4422509	1.11905454	0.84987
205.6126013	1.09583487	0.81971
205.7832345	1.07002497	0.79332
205.9541511	1.04232034	0.77093
206.1253518	1.01341205	0.75259
206.2968374	0.98395018	0.7382
206.4686086	0.95451282	0.72752
206.6406661	0.92558768	0.72022
206.8130105	0.89754038	0.71586
206.9856427	0.87061779	0.71403
207.1585633	0.84496274	0.71429
207.3317731	0.82062332	0.71627
207.5052728	0.79757416	0.71963
207.6790631	0.77574454	0.72414
207.8531448	0.7550456	0.72961
208.0275185	0.7353872	0.73594
208.2021851	0.71670467	0.74307
208.3771452	0.69895804	0.75096
208.5523996	0.68213482	0.75959
208.727949	0.66625576	0.76894
208.9037943	0.65135877	0.77895
209.0799361	0.63748609	0.78955
209.2563751	0.62468129	0.80064
209.4331122	0.61297671	0.81209
209.6101481	0.60237147	0.82373
209.7874836	0.59283765	0.83542
209.9651193	0.58431013	0.84697
210.1430562	0.57668263	0.85825
210.3212949	0.5698299	0.86914
210.4998362	0.56359014	0.87953
210.6786808	0.55778734	0.8894
210.8578297	0.55223972	0.89873
211.0372835	0.54677227	0.9076
211.217043	0.54123145	0.91609
211.3971089	0.53548542	0.92435
211.5774822	0.52944274	0.93255
211.7581635	0.52305585	0.94089
211.9391537	0.51632502	0.94957
212.1204536	0.5092957	0.95879
212.3020639	0.50206216	0.96874
212.4839854	0.49475934	0.97957
212.666219	0.48755443	0.9914
212.8487654	0.48062557	1.00428
213.0316255	0.47416694	1.01827
213.2148	0.46837731	1.03333
213.3982898	0.46344221	1.04942
213.5820957	0.45953553	1.06644
213.7662186	0.45681531	1.08429
213.9506591	0.45542147	1.10282
214.1354182	0.4554748	1.12189
214.3204967	0.45708689	1.14133
214.5058953	0.4603457	1.16094
214.6916151	0.46531927	1.18052
214.8776566	0.47205242	1.19983
215.0640209	0.48055714	1.21862
215.2507088	0.49080654	1.23661
215.437721	0.5027228	1.25351
215.6250585	0.51616571	1.26902
215.812722	0.53093608	1.28288
216.0007125	0.54677446	1.29484
216.1890308	0.56335789	1.30472
216.3776778	0.58033128	1.31244
216.5666543	0.59732531	1.31799
216.7559611	0.61397457	1.32147
216.9455992	0.62994627	1.32307
217.1355694	0.64497114	1.32308
217.3258726	0.65885522	1.32182
217.5165097	0.67149722	1.31968
217.7074815	0.68289048	1.31701
217.8987889	0.69311748	1.31417
218.0904329	0.70234279	1.31143
218.2824142	0.71077302	1.30898
218.4747339	0.71864829	1.30695
218.6673927	0.72621567	1.30535
218.8603916	0.73369718	1.30412
219.0537315	0.74127245	1.30312
219.2474133	0.74905466	1.30216
219.4414379	0.75710016	1.30106
219.6358063	0.76539642	1.29959
219.8305192	0.77386395	1.29759
220.0255777	0.78238621	1.29493
220.2209826	0.79081457	1.29153
220.416735	0.79898303	1.28737
220.6128356	0.80673648	1.28251
220.8092855	0.81395285	1.27705
221.0060856	0.82054098	1.27111
221.2032368	0.82645953	1.26486
221.40074	0.83170916	1.25842
221.5985962	0.83632859	1.25194
221.7968064	0.84039248	1.2455
221.9953715	0.84399133	1.23916
222.1942925	0.84721086	1.2329
222.3935702	0.85012068	1.2267
222.5932057	0.85276965	1.22048
222.7932	0.85515782	1.21414
222.9935539	0.85725487	1.20762
223.1942686	0.85899153	1.20082
223.3953449	0.8602614	1.19372
223.5967838	0.86094584	1.18632
223.7985863	0.86091879	1.17868
224.0007534	0.860068	1.17091
224.2032861	0.85830594	1.16316
224.4061854	0.855581	1.15562
224.6094522	0.85189283	1.14851
224.8130876	0.847299	1.14205
225.0170926	0.84190906	1.13644
225.2214682	0.83588326	1.13186
225.4262153	0.82942226	1.12843
225.6313351	0.82275088	1.12622
225.8368285	0.81611189	1.12524
226.0426965	0.80973421	1.1254
226.2489402	0.80381619	1.12658
226.4555606	0.79851713	1.12859
226.6625588	0.79394201	1.13122
226.8699357	0.79013365	1.13423
227.0776924	0.78707448	1.13741
227.28583	0.78469927	1.14057
227.4943495	0.78290429	1.14357
227.703252	0.78157053	1.14633
227.9125384	0.78058512	1.14882
228.12221	0.77985106	1.15104
228.3322676	0.77929574	1.15302
228.5427125	0.77887378	1.15479
228.7535457	0.77856615	1.15638
228.9647682	0.77836929	1.15778
229.1763811	0.77826791	1.15894
229.3883855	0.77821534	1.15979
229.6007826	0.77813926	1.16028
229.8135733	0.77792043	1.16032
230.0267589	0.77739255	1.15991
230.2403403	0.77637352	1.1591
230.4543187	0.77468102	1.15803
230.6686952	0.77216718	1.15693
230.8834709	0.76874476	1.1561
231.098647	0.76441599	1.15591
231.3142245	0.75930584	1.15676
231.5302045	0.75365621	1.15899
231.7465883	0.74781264	1.16289
231.9633769	0.74221153	1.16863
232.1805715	0.73734654	1.17624
232.3981732	0.73371691	1.18556
232.6161831	0.73177585	1.19628
232.8346025	0.73189204	1.20794
233.0534324	0.7343108	1.21997
233.2726741	0.73912789	1.23173
233.4923286	0.74627959	1.24257
233.7123972	0.75554648	1.25187
233.932881	0.76656622	1.25909
234.1537812	0.77885911	1.26381
234.375099	0.79187775	1.26578
234.5968356	0.80503371	1.26486
234.8189921	0.81772825	1.2611
235.0415697	0.82940218	1.25469
235.2645698	0.83955478	1.24594
235.4879933	0.84776927	1.23528
235.7118417	0.85373717	1.22322
235.936116	0.85726099	1.21031
236.1608174	0.85826747	1.19715
236.3859474	0.85680759	1.18431
236.6115069	0.85305007	1.17235
236.8374973	0.84728092	1.16176
237.0639198	0.83987693	1.15293
237.2907757	0.8312849	1.14615
237.5180661	0.8220004	1.14158
237.7457924	0.81253656	1.13924
237.9739558	0.80337884	1.13899
238.2025575	0.79496355	1.1406
238.4315989	0.78764872	1.14369
238.6610812	0.78167345	1.14781
238.8910056	0.77715678	1.15248
239.1213734	0.77408927	1.1572
239.352186	0.77233567	1.16152
239.5834446	0.77165454	1.16506
239.8151505	0.77172993	1.16756
240.047305	0.77219302	1.16885
240.2799095	0.77265912	1.16893
240.5129651	0.77278133	1.16792
240.7464733	0.77226847	1.16603
240.9804353	0.77091408	1.16357
241.2148526	0.76861114	1.16087
241.4497263	0.76535096	1.15828
241.6850579	0.76122568	1.15612
241.9208486	0.75640072	1.15463
242.1570999	0.75109199	1.15399
242.3938131	0.7455445	1.15428
242.6309895	0.73999806	1.15549
242.8686305	0.73465783	1.15753
243.1067375	0.72969178	1.16029
243.3453118	0.7252152	1.16359
243.5843548	0.72129066	1.16729
243.8238679	0.71795173	1.17125
244.0638525	0.71521047	1.17536
244.30431	0.71306682	1.17952
244.5452417	0.71153135	1.18368
244.7866491	0.71063415	1.18776
245.0285337	0.71041116	1.19167
245.2708967	0.71090968	1.1953
245.5137396	0.71216894	1.19847
245.7570639	0.71419643	1.20096
246.000871	0.7169407	1.20248
246.2451624	0.7202657	1.20273
246.4899393	0.72395566	1.20143
246.7352035	0.72770543	1.19831
246.9809561	0.73112571	1.19319
247.2271989	0.73375277	1.18596
247.4739331	0.73508407	1.17669
247.7211603	0.73462074	1.16556
247.9688819	0.73189318	1.15291
248.2170995	0.72649599	1.1392
248.4658146	0.7181294	1.12504
248.7150285	0.70662241	1.11109
248.9647429	0.69195191	1.0981
249.2149592	0.6742562	1.0868
249.465679	0.65383421	1.07792
249.7169038	0.63114507	1.0721
249.968635	0.60678108	1.06987
250.2208743	0.58145348	1.07163
250.4736232	0.55596338	1.07759
250.7268832	0.53115213	1.08775
250.9806558	0.50786351	1.10191
251.2349427	0.48688745	1.11962
251.4897454	0.46890917	1.14025
251.7450655	0.45446084	1.16296
252.0009045	0.44387343	1.18679
252.257264	0.4372446	1.21068
252.5141456	0.4344145	1.23357
252.771551	0.43498014	1.25448
253.0294817	0.43831212	1.27255
253.2879393	0.44359083	1.28714
253.5469255	0.4498708	1.29787
253.8064418	0.45615596	1.30466
254.0664899	0.4614737	1.30771
254.3270714	0.4649375	1.30749
254.5881881	0.46582582	1.30473
254.8498414	0.46362538	1.30029
255.1120332	0.45805186	1.29515
255.3747649	0.44907189	1.29031
255.6380384	0.43689401	1.28672
255.9018553	0.42193169	1.28519
256.1662173	0.40476095	1.28638
256.431126	0.38607682	1.29074
256.6965832	0.36663452	1.2985
256.9625906	0.34719666	1.30967
257.2291499	0.32848309	1.32405
257.4962627	0.31112171	1.34125
257.7639309	0.2956208	1.36075
258.0321562	0.28232886	1.38188
258.3009402	0.27142316	1.40396
258.5702848	0.26291366	1.42626
258.8401917	0.25662528	1.44808
259.1106627	0.25221653	1.46881
259.3816995	0.24921384	1.48797
259.653304	0.24702669	1.5052
259.9254778	0.24499241	1.52037
260.1982229	0.24242228	1.53351
260.4715409	0.23864288	1.54489
260.7454337	0.23305067	1.55496
261.0199032	0.22515572	1.56437
261.2949511	0.21462089	1.5739
261.5705793	0.20130043	1.58447
261.8467895	0.18527315	1.59704
262.1235838	0.16683319	1.61255
262.4009638	0.14650836	1.63193
262.6789315	0.12503984	1.65593
262.9574888	0.10335338	1.68518
263.2366374	0.08252715	1.72004
263.5163794	0.06373584	1.76064
263.7967166	0.04819537	1.80679
264.0776509	0.03709882	1.85803
264.3591841	0.031544	1.91357
264.6413183	0.03238839	1.97233
264.9240554	0.03958478	2.03299
265.2068299	0.06030693	2.094
265.4907773	0.08352538	2.15366
265.7753333	0.11562322	2.2102
266.0605	0.15528578	2.26185
266.3462793	0.20150122	2.30696
266.6326731	0.25298023	2.34405
266.9196835	0.30814172	2.37198
267.2073125	0.36516795	2.38996
267.495562	0.42208683	2.39769
267.7844341	0.47688678	2.39535
268.0739308	0.52761589	2.38362
268.3640541	0.57250664	2.36369
268.6548061	0.61009978	2.33718
268.9461887	0.63933233	2.30603
269.2382041	0.65959832	2.27239
269.5308543	0.67078695	2.23849
269.8241415	0.67328587	2.20649
270.1180675	0.66793995	2.17833
270.4126347	0.65597059	2.15561
270.707845	0.63887953	2.13952
271.0037005	0.61833029	2.13076
271.3002035	0.59602838	2.12956
271.597356	0.57360101	2.13566
271.8951601	0.55248284	2.1484
272.193618	0.53383558	2.1668
272.4927319	0.51849753	2.18968
272.7925039	0.5069582	2.21575
273.0929361	0.49935904	2.24374
273.3940309	0.49553826	2.27251
273.6957903	0.49507955	2.30109
273.9982166	0.49738405	2.32879
274.3013119	0.50175953	2.35519
274.6050786	0.50749296	2.38015
274.9095188	0.51392388	2.40379
275.2146349	0.52051712	2.42646
275.5204289	0.52689146	2.44862
275.8269032	0.53285019	2.47087
276.1340601	0.53839321	2.49379
276.4419019	0.54369874	2.51795
276.7504308	0.54911198	2.54382
277.0596492	0.55510781	2.57174
277.3695593	0.56225443	2.60189
277.6801635	0.57118031	2.63428
277.9914641	0.5825235	2.6687
278.3034635	0.59688048	2.70476
278.616164	0.61478176	2.7419
278.9295681	0.63664095	2.77935
279.2436779	0.66268874	2.81618
279.5584961	0.69294762	2.85138
279.8740248	0.72718581	2.88383
280.1902667	0.7648767	2.91245
280.507224	0.80520762	2.93627
280.8248992	0.84709539	2.95452
281.1432948	0.88921852	2.96672
281.4624132	0.93010512	2.97283
281.7822568	0.96825548	2.97327
282.1028282	1.00226055	2.96895
282.4241298	1.0309568	2.96129
282.7461642	1.05357017	2.95209
283.0689338	1.06981411	2.94341
283.3924411	1.07996114	2.93741
283.7166888	1.08486609	2.93615
284.0416793	1.0859247	2.94138
284.3674151	1.08496465	2.95435
284.693899	1.08408814	2.97569
285.0211333	1.08550291	3.00536
285.3491208	1.09132082	3.04259
285.6778641	1.10336038	3.086
286.0073656	1.12301986	3.13375
286.3376282	1.15116367	3.18364
286.6686543	1.18806906	3.23339
287.0004468	1.2334644	3.28081
287.3330081	1.28657951	3.32393
287.6663411	1.34626793	3.36122
288.0004483	1.41114548	3.39156
288.3353326	1.47972266	3.41434
288.6709965	1.5505422	3.42937
289.0074429	1.62227848	3.43684
289.3446744	1.69381491	3.4372
289.6826939	1.76426047	3.43103
290.0215041	1.83294881	3.41899
290.3611077	1.89940936	3.40169
290.7015076	1.96331096	3.37967
291.0427066	2.02439945	3.35335
291.3847074	2.08245874	3.3231
291.7275129	2.13726419	3.28917
292.071126	2.188555	3.25183
292.4155495	2.23604335	3.21134
292.7607863	2.27940498	3.168
293.1068392	2.31831241	3.12221
293.4537112	2.35245133	3.07441
293.8014052	2.38154209	3.02516
294.1499241	2.40537592	2.97508
294.4992708	2.42381982	2.92484
294.8494483	2.43683152	2.87516
295.2004595	2.44446618	2.82677
295.5523075	2.44688442	2.78042
295.9049952	2.44435151	2.73682
296.2585257	2.4372267	2.69665
296.6129019	2.42595811	2.66053
296.9681269	2.4110761	2.62902
297.3242038	2.39317166	2.60257
297.6811357	2.37287006	2.58155
298.0389255	2.35083099	2.56626
298.3975764	2.32771502	2.55687
298.7570916	2.30417759	2.55354
299.1174741	2.28086566	2.55633
299.4787271	2.25841564	2.56532
299.8408537	2.23747904	2.58056
300.2038571	2.21873922	2.60212
300.5677406	2.20295014	2.63007
300.9325073	2.19096212	2.66445
301.2981604	2.1837523	2.70525
301.6647032	2.18243268	2.75231
302.0321389	2.18823411	2.80528
302.4004707	2.20248323	2.86354
302.7697021	2.22653405	2.9261
303.1398362	2.26167714	2.99158
303.5108764	2.30903826	3.05817
303.882826	2.36945308	3.12364
304.2556883	2.44335409	3.18542
304.6294668	2.53066789	3.24067
305.0041648	2.63072999	3.28643
305.3797857	2.74223969	3.31978
305.7563329	2.86326562	3.33804
306.1338099	2.991291	3.33892
306.51222	3.12329865	3.32071
306.8915668	3.2559168	3.28243
307.2718538	3.38558205	3.22389
307.6530844	3.50872924	3.14578
308.0352621	3.62199365	3.04962
308.4183905	3.72239828	2.93771
308.8024732	3.80751331	2.81297
309.1875137	3.87557715	2.6788
309.5735156	3.92557615	2.53886
309.9604825	3.95726624	2.39687
310.348418	3.97114861	2.2564
310.7373258	3.96837902	2.12066
311.1272095	3.95065427	1.99241
311.5180729	3.92007256	1.87381
311.9099195	3.87898749	1.76643
312.3027531	3.82985499	1.67117
312.6965776	3.77508835	1.58837
313.0913965	3.71696489	1.51786
313.4872137	3.65753644	1.45903
313.8840329	3.59857188	1.41095
314.281858	3.5415367	1.37246
314.6806929	3.48758381	1.34224
315.0805413	3.43755013	1.31888
315.4814071	3.39197811	1.30097
315.8832943	3.3511364	1.28711
316.2862066	3.31503544	1.27598
316.6901481	3.28346308	1.26638
317.0951228	3.25600998	1.25724
317.5011344	3.23209524	1.24767
317.9081872	3.21101302	1.237
318.316285	3.19198676	1.22479
318.7254319	3.17420526	1.21081
319.1356319	3.15688067	1.1951
319.5468892	3.13930506	1.17789
319.9592077	3.12089138	1.15961
320.3725917	3.10121219	1.14081
320.7870453	3.08001338	1.12212
321.2025725	3.05722663	1.1042
321.6191777	3.03295613	1.08766
322.0368649	3.00746106	1.07305
322.4556385	2.98111944	1.06077
322.8755026	2.95438517	1.0511
323.2964615	2.92775542	1.04416
323.7185196	2.9017322	1.03993
324.141681	2.87677839	1.03823
324.5659503	2.85329987	1.03881
324.9913316	2.83163192	1.0413
325.4178294	2.81201597	1.04528
325.8454481	2.79460151	1.05029
326.2741921	2.77943567	1.05584
326.7040659	2.76646596	1.06146
327.1350739	2.75554492	1.06669
327.5672206	2.74642369	1.07111
328.0005106	2.73877025	1.07439
328.4349483	2.7321753	1.07626
328.8705385	2.72617104	1.0766
329.3072855	2.72026484	1.07541
329.7451941	2.71397039	1.07286
330.184269	2.7068519	1.06927
330.6245147	2.69856834	1.06512
331.0659359	2.68892184	1.06101
331.5085374	2.67788895	1.05761
331.952324	2.6656495	1.05562
332.3973003	2.65259519	1.05567
332.8434711	2.6392984	1.05824
333.2908414	2.62647868	1.06363
333.7394159	2.6149456	1.07186
334.1891995	2.60550601	1.08265
334.640197	2.59888002	1.09544
335.0924135	2.59562755	1.10942
335.5458539	2.59606539	1.12356
336.000523	2.60021317	1.13675
336.4564261	2.60778501	1.14789
336.9135679	2.61819634	1.15599
337.3719537	2.63060634	1.16029
337.8315886	2.6440043	1.16035
338.2924775	2.65729124	1.15605
338.7546257	2.6693948	1.14769
339.2180383	2.67936599	1.13585
339.6827205	2.68646749	1.12145
340.1486776	2.69024676	1.10555
340.6159148	2.69055926	1.08932
341.0844374	2.68758303	1.07389
341.5542507	2.68178804	1.06026
342.02536	2.67388347	1.0492
342.4977707	2.66473429	1.04118
342.9714882	2.65527537	1.03636
343.446518	2.64642672	1.03457
343.9228655	2.63899389	1.03532
344.4005361	2.6335902	1.03789
344.8795355	2.63058543	1.04139
345.3598691	2.63007064	1.04486
345.8415425	2.63185313	1.04737
346.3245615	2.63548643	1.04813
346.8089315	2.64031998	1.04655
347.2946583	2.64557434	1.04233
347.7817475	2.65043097	1.03546
348.2702051	2.65410878	1.02622
348.7600366	2.65596296	1.01519
349.2512479	2.65555062	1.00311
349.7438449	2.65266877	0.99086
350.2378333	2.64737713	0.97932
350.7332192	2.63997873	0.9693
351.2300085	2.63099168	0.96146
351.7282071	2.62107965	0.95621
352.227821	2.6109719	0.95372
352.7288563	2.6014009	0.95391
353.2313191	2.59302998	0.95645
353.7352154	2.58637784	0.9608
354.2405514	2.5817825	0.96632
354.7473333	2.57939482	0.97231
355.2555673	2.57916344	0.97806
355.7652597	2.58086021	0.98297
356.2764167	2.58412503	0.98655
356.7890446	2.58849582	0.98846
357.3031499	2.59346978	0.98856
357.8187388	2.59854465	0.98684
358.3358179	2.60325392	0.98347
358.8543936	2.6072133	0.97874
359.3744725	2.61014165	0.97303
359.896061	2.61186084	0.96675
360.4191657	2.61230952	0.96037
360.9437933	2.61153242	0.9543
361.4699504	2.60967267	0.94897
361.9976438	2.60697129	0.94472
362.5268801	2.603732	0.94182
363.0576662	2.60032709	0.94049
363.5900088	2.59717508	0.94081
364.1239148	2.59472099	0.94279
364.6593912	2.59342215	0.94629
365.1964448	2.59371179	0.95105
365.7350826	2.59597916	0.95668
366.2753117	2.60052065	0.96263
366.8171391	2.60750454	0.96827
367.3605719	2.61694182	0.97287
367.9056172	2.62865757	0.97569
368.4522823	2.64228318	0.97601
369.0005744	2.65726249	0.97322
369.5505007	2.67287774	0.96686
370.1020687	2.68828584	0.95669
370.6552855	2.70259541	0.94276
371.2101587	2.71494044	0.92537
371.7666957	2.72454423	0.90509
372.3249039	2.73079582	0.88272
372.884791	2.73329956	0.85921
373.4463645	2.73190968	0.83561
374.009632	2.72674901	0.81297
374.5746012	2.71819328	0.79225
375.1412799	2.70683567	0.77425
375.7096758	2.69342244	0.75953
376.2797967	2.67879528	0.74843
376.8516505	2.66381951	0.74099
377.4252451	2.64931333	0.73703
378.0005884	2.63599356	0.73613
378.5776885	2.62442707	0.73772
379.1565535	2.61499946	0.7411
379.7371914	2.60790447	0.74555
380.3196104	2.60315384	0.75035
380.9038187	2.60060343	0.75487
381.4898246	2.59996678	0.75853
382.0776364	2.6008617	0.76095
382.6672623	2.60284744	0.76182
383.258711	2.60545272	0.76103
383.8519907	2.60821551	0.75856
384.4471101	2.61070518	0.75455
385.0440776	2.61255398	0.74922
385.642902	2.61346456	0.74288
386.2435919	2.61322631	0.7359
386.846156	2.61173037	0.7287
387.4506031	2.60896836	0.72169
388.0569421	2.60503368	0.71529
388.6651818	2.60011911	0.70986
389.2753312	2.59450624	0.70571
389.8873994	2.58853761	0.70302
390.5013953	2.5825947	0.7019
391.1173281	2.57707687	0.70231
391.735207	2.57235546	0.70409
392.3550411	2.56874633	0.70697
392.9768399	2.5664839	0.71059
393.6006127	2.56569544	0.71452
394.2263688	2.56638467	0.71831
394.8541178	2.56843819	0.72154
395.4838692	2.57163047	0.72383
396.1156326	2.5756408	0.72491
396.7494176	2.5801027	0.72465
397.385234	2.58462498	0.72301
398.0230915	2.58882306	0.72012
398.663	2.59237709	0.71624
399.3049694	2.59505443	0.71171
399.9490097	2.59672372	0.70694
400.5951309	2.59737502	0.70238
401.243343	2.59712691	0.69847
401.8936564	2.59621779	0.6956
402.5460812	2.59499148	0.69408
403.2006276	2.59387263	0.6941
403.8573062	2.59332893	0.69571
404.5161272	2.59385657	0.69885
405.1771013	2.59592657	0.70324
405.840239	2.59994683	0.70852
406.5055508	2.60624078	0.71416
407.1730476	2.61500455	0.71955
407.8427401	2.6262896	0.724
408.5146392	2.63997435	0.72679
409.1887558	2.65577515	0.72726
409.8651008	2.6732547	0.72479
410.5436854	2.69183042	0.71889
411.2245207	2.71080842	0.70922
411.9076179	2.72942601	0.69564
412.5929884	2.74689784	0.6782
413.2806433	2.76245953	0.65716
413.9705943	2.7754226	0.63298
414.6628528	2.78521179	0.60627
415.3574305	2.79139507	0.57778
416.0543389	2.79372211	0.54836
416.7535899	2.7921317	0.51887
417.4551953	2.78675139	0.49017
418.1591669	2.77787973	0.46302
418.8655169	2.76596382	0.4381
419.5742572	2.75157232	0.41592
420.2854	2.73534857	0.39683
420.9989576	2.71797584	0.381
421.7149422	2.70013095	0.36841
422.4333663	2.6824383	0.35887
423.1542423	2.66543419	0.35205
423.8775829	2.64955185	0.34753
424.6034007	2.63510021	0.34479
425.3317084	2.62224204	0.34328
426.0625189	2.61101001	0.34248
426.7958451	2.60132342	0.3419
427.5317	2.59298555	0.3411
428.2700967	2.58572529	0.33979
429.0110484	2.57923357	0.33775
429.7545685	2.57316704	0.33487
430.5006701	2.56719757	0.33119
431.249367	2.56103825	0.32681
432.0006725	2.5544484	0.32192
432.7546003	2.54726239	0.31678
433.5111643	2.53939898	0.31167
434.2703783	2.53085455	0.30687
435.0322561	2.52170154	0.30265
435.796812	2.51208408	0.29924
436.5640599	2.50220491	0.29681
437.3340141	2.49229911	0.29544
438.106689	2.48261802	0.29515
438.8820991	2.47340482	0.29585
439.6602589	2.46487517	0.2974
440.4411829	2.45718945	0.29955
441.2248861	2.45043064	0.30204
442.0113832	2.44461445	0.30459
442.8006893	2.43966989	0.3069
443.5928193	2.43544169	0.30873
444.3877885	2.43171118	0.3099
445.1856122	2.42822563	0.31034
445.9863058	2.42472253	0.31005
446.7898847	2.4209488	0.30914
447.5963646	2.41670109	0.30782
448.4057613	2.41184992	0.30636
449.2180906	2.40635054	0.30507
450.0333684	2.40026538	0.30429
450.8516109	2.39375484	0.30429
451.6728342	2.38705132	0.30529
452.4970547	2.38046044	0.30744
453.3242888	2.37431809	0.31073
454.1545531	2.36895481	0.31507
454.9878642	2.3646741	0.32023
455.824239	2.36170393	0.32587
456.6636943	2.36017712	0.33159
457.5062472	2.3601123	0.33693
458.351915	2.36140354	0.34144
459.2007148	2.36382048	0.34469
460.0526642	2.3670168	0.34634
460.9077807	2.3705628	0.34617
461.7660819	2.37397268	0.34409
462.6275858	2.37674995	0.34019
463.4923103	2.37842495	0.33469
464.3602734	2.37860527	0.328
465.2314934	2.37701095	0.3206
466.1059887	2.37349228	0.31308
466.9837778	2.36806341	0.30606
467.8648792	2.36089792	0.30013
468.7493119	2.35232076	0.29582
469.6370947	2.34277917	0.29352
470.5282467	2.33280063	0.29348
471.4227871	2.32296321	0.29579
472.3207352	2.31385125	0.30035
473.2221107	2.30599549	0.30687
474.1269331	2.29983451	0.31493
475.0352222	2.29568454	0.32398
475.9469981	2.29370883	0.3334
476.8622808	2.29390998	0.34255
477.7810906	2.29612942	0.35081
478.7034479	2.30005338	0.35763
479.6293733	2.30524523	0.3626
480.5588876	2.31119104	0.36546
481.4920117	2.31732713	0.3661
482.4287665	2.32309799	0.36463
483.3691735	2.32800426	0.36129
484.3132539	2.33163924	0.35649
485.2610294	2.33372649	0.35072
486.2125216	2.33413039	0.34453
487.1677525	2.33287079	0.33848
488.1267441	2.3301059	0.33306
489.0895187	2.32611064	0.32869
490.0560988	2.32124015	0.32564
491.0265069	2.31589132	0.32407
492.0007659	2.31046079	0.32397
492.9788986	2.30530222	0.32523
493.9609283	2.30070744	0.32764
494.9468782	2.2968866	0.33093
495.936772	2.2939552	0.33479
496.9306333	2.29193504	0.33893
497.9284859	2.29078611	0.34312
498.9303541	2.2904201	0.34715
499.9362621	2.290707	0.35088
500.9462343	2.29151708	0.35426
501.9602955	2.29273684	0.35726
502.9784706	2.29427424	0.3599
504.0007846	2.29605785	0.36219
505.0272627	2.29804837	0.36419
506.0579306	2.30022776	0.36589
507.0928139	2.30257931	0.3673
508.1319385	2.30508919	0.36839
509.1753306	2.30772879	0.36912
510.2230165	2.31044397	0.36943
511.2750227	2.31314988	0.36928
512.331376	2.31574289	0.36866
513.3921035	2.3181007	0.36758
514.4572324	2.32009631	0.36612
515.52679	2.32162523	0.36441
516.6008042	2.32261003	0.36261
517.6793027	2.32302427	0.36095
518.7623138	2.32291316	0.35966
519.8498658	2.32238829	0.35896
520.9419874	2.32162764	0.35904
522.0387074	2.32087639	0.36004
523.1400549	2.32041142	0.36197
524.2460592	2.3205155	0.36478
525.35675	2.32145126	0.36828
526.4721571	2.32341869	0.3722
527.5923106	2.32652448	0.37618
528.7172409	2.3307682	0.37986
529.8469786	2.33604058	0.38287
530.9815546	2.34212569	0.38491
532.121	2.34872625	0.38577
533.2653462	2.35550083	0.38538
534.414625	2.36210905	0.3838
535.5688683	2.3682489	0.38122
536.7281082	2.37370983	0.37796
537.8923774	2.37839037	0.37436
539.0617087	2.38230804	0.37081
540.2361351	2.38559731	0.36763
541.41569	2.38847898	0.36508
542.600407	2.39125088	0.36333
543.7903202	2.39422695	0.36237
544.9854637	2.39770666	0.36214
546.1858722	2.40194724	0.36242
547.3915806	2.40712838	0.36296
548.6026239	2.41335757	0.36346
549.8190377	2.42065958	0.36361
551.0408578	2.42898969	0.36313
552.2681203	2.43825133	0.36177
553.5008616	2.44830842	0.35932
554.7391186	2.45899869	0.35561
555.9829283	2.47014721	0.35051
557.2323281	2.48156583	0.3439
558.4873559	2.49304866	0.33569
559.7480497	2.50438035	0.32582
561.014448	2.51532492	0.31423
562.2865896	2.52562099	0.30091
563.5645136	2.53499102	0.28589
564.8482597	2.54314554	0.26926
566.1378676	2.54980409	0.25119
567.4333776	2.55470502	0.2319
568.7348303	2.557636	0.21172
570.0422667	2.55844261	0.19098
571.3557281	2.55704559	0.17011
572.6752564	2.55345338	0.1495
574.0008935	2.54775448	0.12957
575.3326821	2.54012977	0.11069
576.6706651	2.53081364	0.09314
578.0148858	2.52008877	0.07718
579.3653879	2.50828033	0.06296
580.7222155	2.49570938	0.05053
582.0854131	2.4826867	0.0399
583.4550259	2.46949758	0.03098
584.8310991	2.4563892	0.02366
586.2136785	2.44356379	0.01776
587.6028104	2.43116756	0.0131
588.9985416	2.41930636	0.0095
590.400919	2.40805093	0.00678
591.8099905	2.3974281	0.00475
593.2258038	2.38743164	0.00327
594.6484077	2.37804519	0.00222
596.077851	2.36923455	0.00148
597.5141831	2.36095447	9.74E-04
598.9574541	2.35316005	6.34E-04
600.4077143	2.34580394	4.09E-04
601.8650146	2.33884116	2.64E-04
603.3294063	2.3322307	1.72E-04
604.8009415	2.32593482	1.14E-04
606.2796724	2.31992076	7.94E-05
607.765652	2.31416018	5.85E-05
609.2589337	2.30862809	4.64E-05
610.7595714	2.30330317	3.96E-05
612.2676198	2.29816698	3.59E-05
613.7831337	2.29320363	3.41E-05
615.3061687	2.28839931	3.33E-05
616.8367811	2.28374198	3.31E-05
618.3750274	2.27922108	3.32E-05
619.920965	2.27482727	3.34E-05
621.4746516	2.27055223	3.36E-05
623.0361457	2.26638854	3.38E-05
624.6055063	2.26232949	3.38E-05
626.1827929	2.25836904	3.39E-05
627.7680658	2.25450174	3.38E-05
629.3613858	2.25072258	3.38E-05
630.9628142	2.24702705	3.37E-05
632.5724133	2.24341096	3.37E-05
634.1902455	2.23987051	3.37E-05
635.8163744	2.23640216	3.38E-05
637.4508638	2.23300267	3.40E-05
639.0937784	2.22966907	3.43E-05
640.7451835	2.22639854	3.46E-05
642.4051451	2.22318845	3.50E-05
644.0737299	2.22003639	3.54E-05
645.7510052	2.21694007	3.58E-05
647.4370392	2.21389732	3.61E-05
649.1319005	2.21090612	3.64E-05
650.8356588	2.20796455	3.65E-05
652.5483842	2.20507079	3.66E-05
654.2701478	2.20222313	3.65E-05
656.0010212	2.19941995	3.64E-05
657.7410769	2.19665977	3.63E-05
659.4903883	2.19394119	3.62E-05
661.2490293	2.19126285	3.61E-05
663.0170749	2.18862355	3.62E-05
664.7946005	2.18602208	3.62E-05
666.5816828	2.1834573	3.64E-05
668.3783989	2.18092823	3.67E-05
670.184827	2.17843384	3.70E-05
672.0010461	2.17597312	3.73E-05
673.8271359	2.17354516	3.76E-05
675.6631771	2.17114902	3.78E-05
677.5092514	2.16878384	3.80E-05
679.3654411	2.16644882	3.81E-05
681.2318297	2.16414311	3.81E-05
683.1085014	2.16186594	3.80E-05
684.9955414	2.15961658	3.79E-05
686.893036	2.15739435	3.77E-05
688.8010722	2.15519853	3.75E-05
690.7197382	2.15302854	3.74E-05
692.6491229	2.1508838	3.73E-05
694.5893165	2.14876374	3.73E-05
696.5404101	2.14666782	3.73E-05
698.5024958	2.14459551	3.74E-05
700.4756667	2.14254634	3.75E-05
702.460017	2.14051977	3.76E-05
704.455642	2.13851535	3.77E-05
706.4626382	2.13653261	3.78E-05
708.4811029	2.13457111	3.78E-05
710.5111347	2.13263035	3.77E-05
712.5528333	2.13070989	3.75E-05
714.6062997	2.1288093	3.73E-05
716.6716358	2.12692824	3.71E-05
718.7489449	2.12506629	3.68E-05
720.8383314	2.12322308	3.65E-05
722.9399009	2.12139824	3.62E-05
725.0537602	2.11959148	3.60E-05
727.1800176	2.1178025	3.58E-05
729.3187824	2.11603097	3.56E-05
731.4701652	2.11427656	3.54E-05
733.6342781	2.11253903	3.53E-05
735.8112344	2.11081809	3.51E-05
738.0011488	2.10911342	3.49E-05
740.2041373	2.10742475	3.46E-05
742.4203174	2.10575179	3.43E-05
744.6498078	2.10409429	3.39E-05
746.8927289	2.10245193	3.34E-05
749.1492024	2.10082449	3.30E-05
751.4193515	2.09921176	3.25E-05
753.7033009	2.0976135	3.20E-05
756.0011768	2.09602944	3.14E-05
758.313107	2.09445937	3.09E-05
760.6392209	2.09290316	3.04E-05
762.9796492	2.09136053	2.98E-05
765.3345247	2.08983131	2.93E-05
767.7039814	2.08831533	2.87E-05
770.0881553	2.08681237	2.81E-05
772.4871838	2.08532222	2.74E-05
774.9012063	2.08384468	2.67E-05
777.3303636	2.08237962	2.60E-05
779.7747987	2.08092684	2.52E-05
782.2346562	2.07948615	2.44E-05
784.7100823	2.07805739	2.35E-05
787.2012254	2.07664037	2.26E-05
789.7082357	2.07523496	2.17E-05
792.2312652	2.07384099	2.07E-05
794.7704679	2.07245833	1.98E-05
797.326	2.07108681	1.87E-05
799.8980194	2.06972624	1.77E-05
802.4866861	2.06837657	1.67E-05
805.0921623	2.06703762	1.56E-05
807.7146124	2.06570921	1.45E-05
810.3542026	2.06439124	1.34E-05
813.0111016	2.06308357	1.23E-05
815.6854803	2.06178608	1.12E-05
818.3775116	2.06049863	1.01E-05
821.0873709	2.0592211	9.03E-06
823.8152359	2.05795338	8.01E-06
826.5612867	2.05669537	7.04E-06
829.3257057	2.05544696	6.12E-06
832.1086779	2.05420803	5.27E-06
834.9103906	2.0529785	4.49E-06
837.7310338	2.05175827	3.77E-06
840.5708	2.05054724	3.14E-06
843.4298844	2.04934532	2.57E-06
846.3084846	2.04815241	2.08E-06
849.2068014	2.04696844	1.67E-06
852.1250378	2.04579331	1.31E-06
855.0634	2.04462693	1.02E-06
858.0220969	2.04346921	7.80E-07
861.0013403	2.04232008	5.88E-07
864.0013449	2.04117944	4.37E-07
867.0223287	2.0400472	3.19E-07
870.0645123	2.03892329	2.30E-07
873.1281197	2.03780761	1.63E-07
876.2133781	2.03670009	1.13E-07
879.3205177	2.03560063	7.77E-08
882.4497722	2.03450917	5.24E-08
885.6013786	2.03342561	3.47E-08
888.7755771	2.03234989	2.26E-08
891.9726115	2.03128191	1.45E-08
895.1927292	2.03022162	9.12E-09
898.4361812	2.02916893	5.64E-09
901.7032218	2.02812376	3.43E-09
904.9941095	2.02708606	2.05E-09
908.3091062	2.02605574	1.20E-09
911.6484779	2.02503274	6.91E-10
915.0124945	2.02401699	3.90E-10
918.4014296	2.02300842	2.17E-10
921.8155613	2.02200697	1.18E-10
925.2551716	2.02101258	6.32E-11
928.7205468	2.02002518	3.32E-11
932.2119774	2.01904471	1.71E-11
935.7297585	2.01807111	8.64E-12
939.2741894	2.01710432	4.29E-12
942.8455741	2.01614428	2.09E-12
946.4442214	2.01519093	9.97E-13
950.0704444	2.01424421	4.67E-13
953.7245615	2.01330408	2.15E-13
957.4068958	2.01237047	9.68E-14
961.1177752	2.01144333	4.28E-14
964.8575331	2.01052261	1.86E-14
968.6265078	2.00960825	7.89E-15
972.4250431	2.0087002	3.29E-15
976.2534882	2.00779842	1.35E-15
980.1121976	2.00690285	5.40E-16
984.0015317	2.00601344	2.12E-16
987.9218566	2.00513014	8.19E-17
991.873544	2.00425291	3.09E-17
995.8569719	2.0033817	1.15E-17
999.8725242	2.00251646	4.17E-18
1003.920591	2.00165714	1.49E-18
1008.001569	2.00080371	5.19E-19
1012.115861	1.99995612	1.78E-19
1016.263877	1.99911432	5.97E-20
1020.446033	1.99827827	1.97E-20
1024.662752	1.99744792	6.34E-21
1028.914465	1.99662324	2.01E-21
1033.201608	1.99580419	6.22E-22
1037.524628	1.99499072	1.89E-22
1041.883975	1.99418279	5.64E-23
1046.28011	1.99338037	1.65E-23
1050.7135	1.99258341	4.72E-24
1055.184621	1.99179188	1.33E-24
1059.693957	1.99100574	3.65E-25
1064.242	1.99022495	9.84E-26
1068.82925	1.98944947	2.60E-26
1073.456216	1.98867928	6.75E-27
1078.123417	1.98791432	1.72E-27
1082.83138	1.98715457	4.27E-28
1087.58064	1.98639999	1.04E-28
1092.371744	1.98565055	2.50E-29
1097.205248	1.98490622	5.86E-30
1102.081716	1.98416695	1.35E-30
1107.001723	1.98343272	3.04E-31
1111.965857	1.98270349	6.72E-32
1116.974712	1.98197924	1.46E-32
1122.028896	1.98125993	3.09E-33
1127.129027	1.98054552	6.43E-34
1132.275735	1.97983599	1.31E-34
1137.469661	1.97913131	2.62E-35
1142.711456	1.97843145	5.14E-36
1148.001787	1.97773637	9.88E-37
1153.34133	1.97704606	1.86E-37
1158.730776	1.97636047	3.44E-38
1164.170826	1.97567958	6.22E-39
1169.662198	1.97500336	1.10E-39
1175.205621	1.97433179	1.92E-40
1180.801838	1.97366484	3.27E-41
1186.451608	1.97300247	5.46E-42
1192.155702	1.97234467	8.94E-43
1197.914908	1.9716914	1.44E-43
1203.730029	1.97104264	2.26E-44
1209.601883	1.97039837	3.48E-45
1215.531304	1.96975855	5.27E-46
1221.519143	1.96912317	7.80E-47
1227.566267	1.96849219	1.13E-47
1233.673562	1.9678656	1.61E-48
1239.84193	1.96724337	2.25E-49
1246.072291	1.96662547	3.08E-50
1252.365586	1.96601189	4.13E-51
1258.722772	1.96540259	5.43E-52
1265.144827	1.96479756	6.99E-53
1271.632749	1.96419676	8.83E-54
1278.187557	1.96360019	1.09E-54
1284.81029	1.96300782	1.33E-55
1291.50201	1.96241962	1.58E-56
1298.263801	1.96183557	1.84E-57
1305.096768	1.96125566	2.10E-58
1312.002042	1.96067985	2.35E-59
1318.980777	1.96010813	2.58E-60
1326.03415	1.95954049	2.78E-61
1333.163366	1.95897689	2.93E-62
1340.369654	1.95841732	3.03E-63
1347.654272	1.95786175	3.07E-64
1355.018503	1.95731017	3.05E-65
1362.463659	1.95676257	2.97E-66
1369.991083	1.95621891	2.83E-67
1377.602144	1.95567918	2.65E-68
1385.298246	1.95514336	2.43E-69
1393.08082	1.95461143	2.18E-70
1400.951333	1.95408338	1.92E-71
1408.911284	1.95355918	1.66E-72
1416.962206	1.95303882	1.41E-73
1425.105667	1.95252227	1.17E-74
1433.343272	1.95200953	9.48E-76
1441.676663	1.95150058	7.56E-77
1450.10752	1.95099539	5.91E-78
1458.637565	1.95049395	4.52E-79
1467.268556	1.94999625	3.40E-80
1476.002298	1.94950226	2.50E-81
1484.840635	1.94901197	1.80E-82
1493.785458	1.94852537	1.27E-83
1502.838703	1.94804243	8.83E-85
1512.002354	1.94756315	6.00E-86
1521.278442	1.9470875	3.99E-87
1530.669049	1.94661548	2.61E-88
1540.176311	1.94614705	1.67E-89
1549.802413	1.94568222	1.05E-90
1559.549597	1.94522097	6.43E-92
1569.420165	1.94476327	3.87E-93
1579.416471	1.94430912	2.29E-94
1589.540936	1.94385851	1.32E-95
1599.796039	1.94341141	7.51E-97
1610.184325	1.94296781	4.18E-98
1620.708405	1.9425277	2.28E-99
1631.370961	1.94209107	1.22E-100
1642.174742	1.94165789	6.37E-102
1653.122573	1.94122817	3.27E-103
1664.217356	1.94080188	1.65E-104
1675.462068	1.94037901	8.12E-106
1686.859769	1.93995955	3.92E-107
1698.413603	1.93954348	1.86E-108
1710.1268	1.9391308	8.64E-110
1722.002681	1.93872149	3.93E-111
1734.044657	1.93831553	1.76E-112
1746.256239	1.93791292	7.68E-114
1758.641035	1.93751365	3.29E-115
1771.202757	1.93711769	1.38E-116
1783.945223	1.93672504	5.70E-118
1796.872362	1.93633569	2.30E-119
1809.988219	1.93594962	9.12E-121
1823.296956	1.93556683	3.54E-122
1836.802859	1.9351873	1.35E-123
1850.510343	1.93481103	5.02E-125
1864.423955	1.93443799	1.83E-126
1878.548379	1.93406818	6.56E-128
1892.888443	1.93370159	2.30E-129
1907.449123	1.93333821	7.93E-131
1922.23555	1.93297802	2.68E-132
1937.253016	1.93262102	8.85E-134
1952.506976	1.9322672	2.87E-135
1968.003063	1.93191654	9.11E-137
1983.747088	1.93156904	2.84E-138
1999.745048	1.93122469	8.66E-140
2016.003138	1.93088347	2.59E-141
2032.527754	1.93054537	7.59E-143
2049.325504	1.9302104	2.18E-144
2066.403217	1.92987853	6.15E-146
2083.76795	1.92954975	1.70E-147
2101.427	1.92922407	4.60E-149
2119.387915	1.92890146	1.22E-150
2137.6585	1.92858193	3.17E-152
2156.246835	1.92826545	8.09E-154
2175.161281	1.92795203	2.02E-155
2194.410496	1.92764165	4.95E-157
2214.003446	1.92733431	1.19E-158
2233.949423	1.92702999	2.80E-160
2254.258055	1.92672868	6.45E-162
2274.939321	1.92643039	1.46E-163
2296.003574	1.9261351	3.23E-165
2317.461551	1.9258428	7.03E-167
2339.324396	1.92555349	1.50E-168
2361.603676	1.92526715	3.12E-170
2384.311404	1.92498378	6.39E-172
2407.460058	1.92470338	1.28E-173
2431.062608	1.92442592	2.52E-175
2455.132535	1.92415141	4.85E-177
2479.68386	1.92387985	9.16E-179
2504.731172	1.92361121	1.70E-180
2530.289653	1.92334549	3.08E-182
2556.375113	1.9230827	6.20E-191
2583.004021	1.92282281	1.13E-192
2610.193537	1.92256582	0
2637.961553	1.92231173	0
2666.326731	1.92206053	0
2695.308543	1.92181222	0
2724.927319	1.92156677	0
2755.204289	1.9213242	0
2786.16164	1.92108449	0
2817.822568	1.92084764	0
2850.211333	1.92061363	0
2883.353326	1.92038247	0
2917.275129	1.92015415	0
2952.004595	1.91992866	0
2987.570916	1.91970599	0
3024.004707	1.91948615	0
3061.338099	1.91926912	0
3099.604825	1.9190549	0
3138.840329	1.91884348	0
3179.081872	1.91863486	0
3220.368649	1.91842903	0
3262.741921	1.91822598	0
3306.245147	1.91802572	0
3350.924135	1.91782824	0
3396.827205	1.91763352	0
3444.005361	1.91744158	0
3492.512479	1.91725239	0
3542.405514	1.91706596	0
3593.744725	1.91688228	0
3646.593912	1.91670135	0
3701.020687	1.91652316	0
3757.096758	1.9163477	0
3814.898246	1.91617498	0
3874.506031	1.91600499	0
3936.006127	1.91583773	0
3999.490097	1.91567318	0
4065.055508	1.91551135	0
4132.806433	1.91535223	0
4202.854	1.91519582	0
4275.317	1.91504211	0
4350.322561	1.91489111	0
4428.006893	1.9147428	0
4508.516109	1.91459718	0
4592.007148	1.91445425	0
4678.648792	1.914314	0
4768.622808	1.91417644	0
4862.125216	1.91404155	0
4959.36772	1.91390934	0
5060.579306	1.91377981	0
5166.008042	1.91365293	0
5275.923106	1.91352873	0
5390.617087	1.91340718	0
5510.408578	1.9132883	0
5635.645136	1.91317207	0
5766.706651	1.91305849	0
5904.00919	1.91294757	0
6048.009415	1.91283929	0
6199.20965	1.91273365	0
6358.163744	1.91263066	0
6525.483842	1.91253031	0
6701.84827	1.91243259	0
6888.010722	1.91233751	0
7084.811029	1.91224506	0
7293.187824	1.91215525	0
7514.193515	1.91206805	0
7749.012063	1.91198349	0
7998.980194	1.91190155	0
8265.612867	1.91182223	0
8550.634	1.91174553	0
8856.013786	1.91167144	0
9184.014296	1.91159998	0
9537.245615	1.91153112	0
9918.73544	1.91146488	0
10332.01608	1.91140125	0
10781.23417	1.91134023	0
11271.29027	1.91128181	0
11808.01838	1.91122601	0
12398.4193	1.9111728	0
13050.96768	1.9111222	0
13776.02144	1.91107421	0
14586.37565	1.91102881	0
15498.02413	1.91098602	0
16531.22573	1.91094582	0
17712.02757	1.91090822	0
19074.49123	1.91087322	0
20664.03217	1.91084081	0
22542.58055	1.910811	0
24796.8386	1.91078379	0
27552.04289	1.91075916	0
30996.04825	1.91073714	0
35424.05514	1.9107177	0
41328.06433	1.91070086	0
49593.6772	1.91068661	0
61992.0965	1.91067495	0
82656.12867	1.91066588	0
123984.193	1.9106594	0
247968.386	1.91065551	0
123984193	1.91065422	0
