123.984317	-3.67058549	1.46969
124.0463402	-3.19745066	1.463
124.1084255	-2.96036268	1.4556
124.170573	-2.80266864	1.44769
124.2327828	-2.68518743	1.43945
124.2950549	-2.5922316	1.43104
124.3573895	-2.51593499	1.42262
124.4197867	-2.45176605	1.41434
124.4822465	-2.39686226	1.40631
124.544769	-2.3492779	1.39866
124.6073544	-2.30760807	1.39147
124.6700027	-2.27080306	1.3848
124.732714	-2.2380493	1.37869
124.7954885	-2.20869766	1.37316
124.8583261	-2.1822252	1.3682
124.9212271	-2.15820242	1.3638
124.9841915	-2.13627967	1.35991
125.0472194	-2.11617213	1.3565
125.1103109	-2.09764714	1.35351
125.1734661	-2.08052704	1.35089
125.2366851	-2.06466279	1.34862
125.299968	-2.04993614	1.34665
125.3633148	-2.03626025	1.34497
125.4267258	-2.02355417	1.34359
125.4902009	-2.0117489	1.34251
125.5537403	-2.00077387	1.34178
125.6173441	-1.99054593	1.34143
125.6810123	-1.98097677	1.3415
125.7447452	-1.97196103	1.34203
125.8085427	-1.96338925	1.34302
125.8724049	-1.95514275	1.34449
125.9363321	-1.94710282	1.34639
126.0003242	-1.93915674	1.34869
126.0643814	-1.93120303	1.35129
126.1285037	-1.92316596	1.3541
126.1926913	-1.91499101	1.357
126.2569443	-1.90665407	1.35987
126.3212627	-1.89815236	1.3626
126.3856467	-1.88950623	1.36507
126.4500963	-1.88076702	1.36717
126.5146117	-1.87200153	1.36883
126.579193	-1.86328584	1.36998
126.6438403	-1.85471263	1.37057
126.7085536	-1.84637587	1.37059
126.7733331	-1.83836639	1.37003
126.8381789	-1.83078392	1.36889
126.903091	-1.82372589	1.36721
126.9680696	-1.81728257	1.36503
127.0331148	-1.81154216	1.36241
127.0982267	-1.80659015	1.35942
127.1634053	-1.80250451	1.35616
127.2286508	-1.79935156	1.35274
127.2939633	-1.79718076	1.3493
127.3593429	-1.79602427	1.34598
127.4247897	-1.79588808	1.34296
127.4903038	-1.79674429	1.34041
127.5558853	-1.79853366	1.33851
127.6215344	-1.80116799	1.33742
127.687251	-1.80451933	1.33732
127.7530353	-1.80842222	1.33833
127.8188874	-1.81269678	1.34054
127.8848075	-1.81714323	1.34402
127.9507956	-1.82154336	1.34879
128.0168519	-1.82568733	1.3548
128.0829763	-1.82937777	1.36199
128.1491691	-1.83243319	1.37024
128.2154304	-1.83469582	1.37942
128.2817603	-1.83603115	1.38936
128.3481587	-1.83634738	1.39986
128.414626	-1.8355823	1.41075
128.4811622	-1.83369708	1.42183
128.5477673	-1.83068556	1.43291
128.6144415	-1.82657037	1.4438
128.6811849	-1.82139945	1.45433
128.7479977	-1.81524016	1.46434
128.8148798	-1.80817417	1.47369
128.8818315	-1.80030512	1.48223
128.9488528	-1.79175829	1.48985
129.0159438	-1.78266591	1.49646
129.0831047	-1.77317129	1.50198
129.1503356	-1.7634269	1.50636
129.2176365	-1.75359531	1.50956
129.2850076	-1.74384111	1.51159
129.352449	-1.7343239	1.51247
129.4199608	-1.72519616	1.51226
129.4875431	-1.7165995	1.51103
129.555196	-1.70865909	1.50889
129.6229196	-1.70148126	1.50595
129.6907141	-1.69514704	1.50236
129.7585795	-1.68970346	1.49826
129.826516	-1.68518467	1.49377
129.8945237	-1.68159839	1.48905
129.9626027	-1.67892495	1.48421
130.030753	-1.67714099	1.47935
130.0989749	-1.67621252	1.47457
130.1672684	-1.67609417	1.46995
130.2356337	-1.67674621	1.46554
130.3040707	-1.67813101	1.46141
130.3725798	-1.68020713	1.45761
130.4411609	-1.68293768	1.45419
130.5098142	-1.68628248	1.45121
130.5785398	-1.69019915	1.44872
130.6473379	-1.69463145	1.4468
130.7162085	-1.69950465	1.4455
130.7851517	-1.70473923	1.44486
130.8541677	-1.7102505	1.44491
130.9232565	-1.71594026	1.44568
130.9924184	-1.72170801	1.44715
131.0616533	-1.72745938	1.4493
131.1309615	-1.73311065	1.45207
131.2003431	-1.73859072	1.45541
131.2697981	-1.74383933	1.45924
131.3393266	-1.74882184	1.46347
131.4089289	-1.75352055	1.46803
131.478605	-1.75792494	1.47285
131.548355	-1.76203342	1.47786
131.618179	-1.7658623	1.48298
131.6880772	-1.76943325	1.48817
131.7580497	-1.77277356	1.49336
131.8280966	-1.77592199	1.49851
131.898218	-1.77892312	1.50357
131.968414	-1.78183711	1.5085
132.0386848	-1.78472747	1.51329
132.1090305	-1.78767123	1.51791
132.1794512	-1.79074892	1.5224
132.2499469	-1.79403876	1.52678
132.320518	-1.79761356	1.53114
132.3911643	-1.80151799	1.53558
132.4618862	-1.80577042	1.54022
132.5326836	-1.81035586	1.54519
132.6035568	-1.81522238	1.55062
132.6745058	-1.82027789	1.55663
132.7455308	-1.82539009	1.56331
132.8166318	-1.83040933	1.57068
132.8878091	-1.83517791	1.57874
132.9590627	-1.83953428	1.58742
133.0303927	-1.84334649	1.59658
133.1017994	-1.84652185	1.60606
133.1732827	-1.84901053	1.61566
133.2448428	-1.85082303	1.62516
133.3164799	-1.8520289	1.63436
133.3881941	-1.8527519	1.64308
133.4599854	-1.85315013	1.65121
133.5318541	-1.85341385	1.65865
133.6038002	-1.85374845	1.66541
133.6758239	-1.85434146	1.67154
133.7479253	-1.85536797	1.67713
133.8201045	-1.85697028	1.68234
133.8923617	-1.85924615	1.68734
133.9646969	-1.86225348	1.69232
134.0371103	-1.86600818	1.69747
134.1096021	-1.8704896	1.70297
134.1821723	-1.87565017	1.70898
134.2548211	-1.88141331	1.71566
134.3275486	-1.88768508	1.72312
134.4003549	-1.89436588	1.73147
134.4732402	-1.90134016	1.74081
134.5462046	-1.90847823	1.75122
134.6192482	-1.91564199	1.76276
134.6923712	-1.92268473	1.77548
134.7655737	-1.92944334	1.78942
134.8388557	-1.93574475	1.80458
134.9122175	-1.94140731	1.82095
134.9856592	-1.94624415	1.83847
135.0591809	-1.95007593	1.85705
135.1327827	-1.95273021	1.87657
135.2064648	-1.95405353	1.89686
135.2802273	-1.95391979	1.91773
135.3540703	-1.95223148	1.93896
135.4279939	-1.94892547	1.96031
135.5019984	-1.94398614	1.98151
135.5760837	-1.9374377	2.00232
135.6502502	-1.92934473	2.02247
135.7244978	-1.91982092	2.04172
135.7988267	-1.90901623	2.05985
135.8732371	-1.89712563	2.07665
135.9477291	-1.88438523	2.09197
136.0223028	-1.87104863	2.10572
136.0969584	-1.85738766	2.11784
136.171696	-1.84367913	2.12836
136.2465157	-1.83018933	2.13735
136.3214176	-1.81715726	2.14497
136.396402	-1.80477577	2.15141
136.4714689	-1.79319081	2.1569
136.5466184	-1.7824935	2.16169
136.6218508	-1.77270893	2.16605
136.6971661	-1.76380078	2.17021
136.7725646	-1.75569464	2.17436
136.8480462	-1.74828461	2.17866
136.9236112	-1.74144591	2.18321
136.9992597	-1.7350579	2.18806
137.0749918	-1.72900555	2.19324
137.1508077	-1.72320087	2.19871
137.2267075	-1.71758592	2.20446
137.3026914	-1.71212557	2.21045
137.3787594	-1.70680504	2.21668
137.4549118	-1.70162378	2.22314
137.5311487	-1.69658408	2.22988
137.6074702	-1.69167471	2.23695
137.6838764	-1.68687007	2.24443
137.7603675	-1.68211717	2.25241
137.8369437	-1.67733284	2.26098
137.913605	-1.672402	2.27022
137.9903517	-1.66718389	2.28018
138.0671838	-1.66151568	2.29089
138.1441016	-1.65521408	2.30234
138.221105	-1.64808705	2.31447
138.2981944	-1.63994602	2.32717
138.3753698	-1.63061675	2.34028
138.4526314	-1.61994382	2.3536
138.5299794	-1.60780761	2.36686
138.6074138	-1.59414761	2.37975
138.6849348	-1.57896136	2.39195
138.7625425	-1.56231756	2.4031
138.8402372	-1.54436862	2.41286
138.918019	-1.52534311	2.42092
138.9958879	-1.50554327	2.42702
139.0738442	-1.48533608	2.43098
139.1518879	-1.46511517	2.43275
139.2300193	-1.44528638	2.43234
139.3082385	-1.42623934	2.42992
139.3865457	-1.40830905	2.42573
139.4649409	-1.39175869	2.42011
139.5434244	-1.37676412	2.41343
139.6219962	-1.36340299	2.40611
139.7006566	-1.35164916	2.39854
139.7794056	-1.34139841	2.39106
139.8582435	-1.33247599	2.38397
139.9371704	-1.32466404	2.37746
140.0161864	-1.31772567	2.37167
140.0952916	-1.31142109	2.36664
140.1744863	-1.30553514	2.36235
140.2537706	-1.29988546	2.35873
140.3331447	-1.29433454	2.35567
140.4126086	-1.28878802	2.35306
140.4921626	-1.28319046	2.35078
140.5718068	-1.27752255	2.34873
140.6515413	-1.2717842	2.34684
140.7313663	-1.26598088	2.34506
140.811282	-1.26012744	2.34334
140.8912885	-1.25423928	2.34167
140.971386	-1.24832137	2.34004
141.0515746	-1.2423695	2.33845
141.1318544	-1.23637074	2.33689
141.2122258	-1.23031234	2.33534
141.2926887	-1.22417566	2.33379
141.3732433	-1.21794629	2.33219
141.4538899	-1.21162579	2.3305
141.5346285	-1.20521647	2.32869
141.6154593	-1.19873253	2.3267
141.6963825	-1.19220067	2.3245
141.7773983	-1.18565999	2.32204
141.8585067	-1.17915278	2.31932
141.939708	-1.17272905	2.3163
142.0210023	-1.16644846	2.313
142.1023898	-1.16036016	2.30944
142.1838706	-1.15451276	2.30565
142.2654449	-1.14894522	2.30169
142.3471129	-1.14367587	2.29763
142.4288747	-1.13870367	2.29354
142.5107305	-1.13400867	2.28949
142.5926804	-1.12955376	2.28554
142.6747246	-1.12528095	2.28175
142.7568633	-1.12111168	2.27815
142.8390966	-1.11696385	2.27473
142.9214247	-1.11276018	2.27146
143.0038478	-1.10843181	2.26828
143.0863659	-1.10393083	2.2651
143.1689794	-1.09923766	2.26182
143.2516883	-1.09435111	2.25835
143.3344929	-1.0893041	2.25456
143.4173932	-1.08415833	2.25038
143.5003895	-1.0789895	2.24573
143.5834819	-1.07388831	2.24057
143.6666705	-1.06895833	2.23486
143.7499557	-1.06430485	2.22862
143.8333374	-1.06002989	2.22186
143.9168159	-1.05623257	2.21464
144.0003914	-1.05299485	2.20703
144.084064	-1.05038811	2.19911
144.1678339	-1.04847108	2.19098
144.2517013	-1.04727949	2.18276
144.3356663	-1.04682962	2.17456
144.4197291	-1.0471178	2.16651
144.5038899	-1.04810841	2.15874
144.5881488	-1.0497444	2.15135
144.672506	-1.05195129	2.14444
144.7569618	-1.05463715	2.13808
144.8415162	-1.05770115	2.13232
144.9261694	-1.06103152	2.12719
145.0109217	-1.06452603	2.12266
145.0957731	-1.06809713	2.11871
145.1807239	-1.07167133	2.11528
145.2657742	-1.07519421	2.11232
145.3509242	-1.07862868	2.10976
145.4361741	-1.0819601	2.10754
145.5215241	-1.08518227	2.10562
145.6069743	-1.08830649	2.10394
145.6925249	-1.09135067	2.1025
145.7781761	-1.09432394	2.10129
145.8639281	-1.0972323	2.10032
145.949781	-1.10007517	2.0996
146.035735	-1.10284017	2.09916
146.1217904	-1.10549929	2.09902
146.2079472	-1.10801107	2.0992
146.2942057	-1.11032186	2.0997
146.380566	-1.11238254	2.10049
146.4670283	-1.11414069	2.10156
146.5535929	-1.11554405	2.10285
146.6402598	-1.11655533	2.1043
146.7270293	-1.11715277	2.10583
146.8139015	-1.11733072	2.10737
146.9008767	-1.1170994	2.10884
146.9879549	-1.11648405	2.11018
147.0751365	-1.11551587	2.11134
147.1624216	-1.11423092	2.11228
147.2498103	-1.11266184	2.11298
147.3373028	-1.1108398	2.11341
147.4248994	-1.10879491	2.11356
147.5126003	-1.10653998	2.11343
147.6004055	-1.1040907	2.11297
147.6883153	-1.10147164	2.11216
147.7763299	-1.09871383	2.11095
147.8644495	-1.09585432	2.10932
147.9526742	-1.0929439	2.10721
148.0410042	-1.0900479	2.10461
148.1294398	-1.08723338	2.1015
148.2179811	-1.08457786	2.09788
148.3066284	-1.08215661	2.09378
148.3953817	-1.08002878	2.08925
148.4842413	-1.07824969	2.08432
148.5732074	-1.07686127	2.07907
148.6622802	-1.07589145	2.07354
148.7514598	-1.07536184	2.0678
148.8407465	-1.07527909	2.0619
148.9301405	-1.07565523	2.05587
149.0196419	-1.07650648	2.04976
149.1092509	-1.07784461	2.04362
149.1989677	-1.07968309	2.0375
149.2887926	-1.08202599	2.03148
149.3787258	-1.08486926	2.02562
149.4687673	-1.0882029	2.02001
149.5589174	-1.09198655	2.01476
149.6491764	-1.09616149	2.00994
149.7395444	-1.10065012	2.00565
149.8300215	-1.10534301	2.00196
149.9206081	-1.11011307	1.99891
150.0113043	-1.1148215	1.99651
150.1021103	-1.11932678	1.99473
150.1930263	-1.1234842	1.99352
150.2840525	-1.12716046	1.99276
150.3751891	-1.1302483	1.99231
150.4664362	-1.13267372	1.99198
150.5577942	-1.13441279	1.99156
150.6492632	-1.1354911	1.99084
150.7408435	-1.13598593	1.98961
150.8325351	-1.13602415	1.98769
150.9243383	-1.13578514	1.98492
151.0162534	-1.13547805	1.98124
151.1082804	-1.13531695	1.97663
151.2004198	-1.13551692	1.97114
151.2926715	-1.13627307	1.96489
151.3850359	-1.13772818	1.95808
151.4775131	-1.13995917	1.95092
151.5701034	-1.14298445	1.94363
151.6628069	-1.14674858	1.93644
151.7556239	-1.15113768	1.9295
151.8485546	-1.15600453	1.92292
151.9415992	-1.16117236	1.91674
152.0347579	-1.16647813	1.91088
152.1280308	-1.17180818	1.90521
152.2214183	-1.17709481	1.89957
152.3149205	-1.18234341	1.89373
152.4085377	-1.18764808	1.88749
152.50227	-1.19317936	1.88068
152.5961177	-1.19916565	1.87322
152.6900809	-1.20587373	1.8651
152.7841599	-1.21357501	1.85645
152.878355	-1.22251165	1.84748
152.9726662	-1.2328714	1.83852
153.0670939	-1.24473989	1.82999
153.1616382	-1.25809199	1.82232
153.2562995	-1.27277821	1.81598
153.3510777	-1.28851336	1.81138
153.4459733	-1.30490048	1.80884
153.5409864	-1.32145761	1.80855
153.6361173	-1.33765058	1.81055
153.7313661	-1.352941	1.81469
153.826733	-1.36683998	1.82065
153.9222184	-1.37895399	1.82795
154.0178224	-1.38903499	1.83598
154.1135452	-1.3969994	1.84409
154.2093871	-1.40295112	1.85158
154.3053482	-1.40717868	1.85785
154.4014289	-1.41011975	1.8624
154.4976293	-1.41233398	1.8649
154.5939496	-1.41444002	1.86524
154.6903901	-1.41706253	1.8635
154.786951	-1.42076853	1.86
154.8836326	-1.42601104	1.85521
154.980435	-1.43308523	1.84976
155.0773584	-1.44209308	1.84433
155.1744032	-1.45295257	1.83959
155.2715695	-1.46538883	1.83619
155.3688576	-1.47896361	1.83461
155.4662677	-1.49312716	1.83519
155.5638	-1.50725155	1.83807
155.6614547	-1.52069589	1.84316
155.7592321	-1.53286491	1.85017
155.8571324	-1.54326195	1.85861
155.9551559	-1.55154222	1.86784
156.0533028	-1.5575364	1.87714
156.1515732	-1.5612797	1.88572
156.2499675	-1.56301758	1.89285
156.3484859	-1.56317834	1.89789
156.4471286	-1.56233984	1.90036
156.5458959	-1.56119988	1.89994
156.6447879	-1.56050912	1.89659
156.743805	-1.56100971	1.89045
156.8429473	-1.56338412	1.88192
156.9422151	-1.56819035	1.87157
157.0416087	-1.57582832	1.86012
157.1411282	-1.58651395	1.84837
157.2407739	-1.60026194	1.83717
157.3405461	-1.61688441	1.82733
157.440445	-1.63601253	1.81958
157.5404708	-1.65712442	1.81452
157.6406238	-1.67956753	1.81261
157.7409043	-1.70261488	1.81407
157.8413123	-1.72550607	1.81897
157.9418483	-1.74749187	1.82712
158.0425125	-1.76789527	1.83816
158.143305	-1.78614053	1.85155
158.2442262	-1.80180576	1.86659
158.3452763	-1.81464976	1.88251
158.4464555	-1.82462261	1.89849
158.5477641	-1.83187667	1.91373
158.6492024	-1.83674935	1.92752
158.7507705	-1.83973255	1.93928
158.8524687	-1.84143834	1.9486
158.9542974	-1.84254416	1.95529
159.0562566	-1.84373092	1.95937
159.1583468	-1.8456306	1.96106
159.2605681	-1.84878656	1.96074
159.3629208	-1.85360872	1.95895
159.4654051	-1.86033992	1.9563
159.5680213	-1.86906176	1.95341
159.6707697	-1.87969969	1.95089
159.7736505	-1.89203173	1.94928
159.8766639	-1.9057237	1.949
159.9798103	-1.9203656	1.95035
160.0830898	-1.93549563	1.9535
160.1865028	-1.9506445	1.95845
160.2900495	-1.96537596	1.96508
160.3937301	-1.97930424	1.97316
160.497545	-1.99211727	1.98236
160.6014943	-2.00359687	1.99228
160.7055784	-2.01362947	2.00248
160.8097974	-2.02220207	2.01252
160.9141517	-2.02940587	2.02195
161.0186416	-2.03543666	2.03037
161.1232672	-2.04057361	2.03745
161.2280289	-2.04516155	2.04294
161.3329269	-2.04959759	2.04668
161.4379615	-2.05430841	2.04863
161.543133	-2.05971141	2.04888
161.6484415	-2.06619163	2.04761
161.7538875	-2.07408007	2.04511
161.8594711	-2.08363624	2.04173
161.9651926	-2.09502191	2.03791
162.0710524	-2.10829438	2.03407
162.1770506	-2.12342562	2.03063
162.2831875	-2.14029699	2.02799
162.3894635	-2.15871469	2.02648
162.4958788	-2.1784382	2.02636
162.6024336	-2.19918705	2.02784
162.7091282	-2.22066096	2.03103
162.815963	-2.24255917	2.03599
162.9229381	-2.26458498	2.04271
163.030054	-2.2864625	2.05112
163.1373107	-2.30793526	2.06112
163.2447087	-2.32876967	2.07255
163.3522482	-2.34876796	2.08521
163.4599294	-2.36776623	2.09887
163.5677527	-2.38565601	2.11323
163.6757184	-2.40239907	2.12799
163.7838267	-2.41802297	2.14284
163.8920778	-2.43262882	2.15748
164.0004722	-2.44638797	2.17165
164.1090101	-2.45953734	2.18514
164.2176917	-2.47235251	2.19785
164.3265173	-2.48513014	2.20974
164.4354873	-2.49815239	2.22092
164.5446019	-2.51165935	2.23154
164.6538614	-2.52583269	2.24186
164.7632661	-2.54077063	2.25216
164.8728163	-2.556485	2.26275
164.9825123	-2.57290556	2.2739
165.0923543	-2.58988716	2.28586
165.2023427	-2.60723603	2.29877
165.3124777	-2.62474152	2.31272
165.4227597	-2.6421867	2.32772
165.533189	-2.65937504	2.34371
165.6437657	-2.67614098	2.36059
165.7544903	-2.69237078	2.3782
165.865363	-2.70799484	2.39642
165.9763842	-2.72297292	2.41511
166.087554	-2.73728929	2.43417
166.1988729	-2.75094075	2.4535
166.3103411	-2.76392726	2.47304
166.421959	-2.77623112	2.49274
166.5337267	-2.78782104	2.51253
166.6456447	-2.79866231	2.53232
166.7577132	-2.80871901	2.552
166.8699325	-2.81795943	2.57142
166.982303	-2.82639461	2.59035
167.0948249	-2.83408856	2.60858
167.2074986	-2.8411584	2.62586
167.3203243	-2.84779736	2.64195
167.4333024	-2.85427162	2.65665
167.5464332	-2.86091502	2.66982
167.6597169	-2.86809783	2.68144
167.773154	-2.87621104	2.69155
167.8867446	-2.88565032	2.70033
168.0004892	-2.89676085	2.70809
168.114388	-2.90982055	2.7152
168.2284413	-2.92502978	2.72212
168.3426495	-2.94248085	2.72937
168.4570128	-2.96214776	2.73748
168.5715317	-2.98389879	2.74695
168.6862064	-3.00750012	2.75826
168.8010372	-3.03261825	2.77182
168.9160244	-3.0588472	2.78794
169.0311684	-3.08572276	2.80685
169.1464695	-3.11274055	2.82865
169.261928	-3.1393878	2.85332
169.3775442	-3.16516477	2.88072
169.4933185	-3.18960692	2.91059
169.6092512	-3.21231841	2.94254
169.7253425	-3.23300199	2.97609
169.8415929	-3.25147508	3.01069
169.9580027	-3.26769889	3.04573
170.0745721	-3.28177863	3.08064
170.1913016	-3.29395475	3.11487
170.3081914	-3.30461187	3.14795
170.4252418	-3.31423153	3.17959
170.5424533	-3.32336034	3.20961
170.6598261	-3.33256816	3.23806
170.7773606	-3.34238926	3.26514
170.8950571	-3.35328599	3.29123
171.0129159	-3.36560152	3.31684
171.1309374	-3.37953247	3.34257
171.2491219	-3.39511042	3.36906
171.3674698	-3.41220663	3.39692
171.4859813	-3.4305516	3.4267
171.6046569	-3.44974317	3.45887
171.7234968	-3.4692923	3.49372
171.8425015	-3.48866385	3.53143
171.9616712	-3.50730852	3.572
172.0810064	-3.52470227	3.61531
172.2005072	-3.54037922	3.66109
172.3201742	-3.55394839	3.70901
172.4400076	-3.56510886	3.75863
172.5600077	-3.57367604	3.80948
172.680175	-3.57955995	3.86111
172.8005098	-3.58276494	3.91305
172.9210124	-3.58338912	3.96489
173.0416832	-3.58159068	4.01629
173.1625226	-3.5775828	4.06695
173.2835308	-3.57159982	4.1167
173.4047083	-3.56388409	4.16538
173.5260553	-3.55466916	4.21296
173.6475723	-3.54415287	4.25942
173.7692597	-3.53250486	4.30479
173.8911177	-3.51985096	4.34912
174.0131467	-3.50628459	4.39244
174.1353471	-3.49187681	4.43478
174.2577193	-3.47667652	4.47615
174.3802635	-3.46073478	4.51651
174.5029803	-3.44411758	4.55582
174.6258699	-3.42690675	4.59402
174.7489327	-3.40921655	4.63104
174.8721691	-3.39118554	4.66685
174.9955794	-3.37297513	4.70142
175.119164	-3.35475961	4.73479
175.2429233	-3.33671871	4.76701
175.3668577	-3.31901666	4.79823
175.4909674	-3.30178391	4.8286
175.615253	-3.28512365	4.85832
175.7397147	-3.26907752	4.88764
175.864353	-3.25363054	4.91677
175.9891682	-3.23871476	4.94594
176.1141607	-3.22420729	4.97532
176.2393308	-3.20994707	5.00504
176.364679	-3.19575545	5.03514
176.4902057	-3.18145574	5.06561
176.6159111	-3.16689904	5.09634
176.7417958	-3.15198708	5.12719
176.86786	-3.13667993	5.15797
176.9941042	-3.12101922	5.18847
177.1205287	-3.10513241	5.21851
177.247134	-3.08920888	5.24799
177.3739204	-3.07347529	5.27688
177.5008883	-3.05818903	5.30523
177.6280381	-3.04358936	5.33325
177.7553703	-3.02986004	5.36121
177.8828851	-3.017114	5.38948
178.0105829	-3.00536284	5.41848
178.1384643	-2.99449963	5.44866
178.2665295	-2.98429993	5.48043
178.394779	-2.97442808	5.51416
178.5232131	-2.9644582	5.5501
178.6518324	-2.95389694	5.58841
178.780637	-2.94221486	5.62908
178.9096276	-2.92888279	5.67198
179.0388044	-2.91340328	5.71681
179.1681679	-2.89536236	5.76313
179.2977184	-2.87444472	5.81042
179.4274565	-2.85047013	5.85803
179.5573824	-2.82341756	5.90531
179.6874966	-2.79342062	5.9516
179.8177996	-2.76077393	5.9963
179.9482917	-2.72590717	6.03893
180.0789732	-2.68935411	6.07915
180.2098448	-2.65170549	6.11682
180.3409067	-2.61355678	6.15198
180.4721593	-2.57545155	6.18488
180.6036032	-2.53782366	6.21592
180.7352387	-2.5009778	6.24559
180.8670662	-2.46505467	6.27448
180.9990861	-2.43002859	6.30313
181.131299	-2.39572895	6.33205
181.2637051	-2.36186983	6.36161
181.3963049	-2.32809543	6.39207
181.5290989	-2.29401889	6.42353
181.6620874	-2.25927852	6.45595
181.795271	-2.22356822	6.4892
181.9286499	-2.1866542	6.52308
182.0622248	-2.1483814	6.55737
182.1959959	-2.10867024	6.59185
182.3299637	-2.06749426	6.62636
182.4641287	-2.02484397	6.66079
182.5984913	-1.98072021	6.69505
182.7330519	-1.9351058	6.72913
182.867811	-1.88795104	6.763
183.002769	-1.83917134	6.79666
183.1379263	-1.7886577	6.83004
183.2732835	-1.73628712	6.86308
183.4088408	-1.68192308	6.89565
183.5445989	-1.62544718	6.92757
183.680558	-1.56676951	6.95863
183.8167188	-1.50583	6.9886
183.9530815	-1.44261031	7.01722
184.0896468	-1.37712622	7.04426
184.2264149	-1.30942335	7.06947
184.3633864	-1.23958039	7.09263
184.5005618	-1.16769503	7.11354
184.6379414	-1.09388153	7.13202
184.7755257	-1.01825023	7.14794
184.9133153	-0.94090757	7.16115
185.0513105	-0.86194954	7.17155
185.1895119	-0.7814522	7.17901
185.3279198	-0.69948147	7.1834
185.4665347	-0.61609128	7.18456
185.6053572	-0.53133487	7.18229
185.7443876	-0.44528547	7.17633
185.8836265	-0.35805617	7.16638
186.0230743	-0.26980479	7.15211
186.1627315	-0.18076478	7.13312
186.3025985	-0.09126232	7.10903
186.4426759	-0.00171373	7.07946
186.582964	0.08735607	7.04406
186.7234634	0.17532519	7.00258
186.8641746	0.26149901	6.95487
187.005098	0.34511441	6.90089
187.1462342	0.42538256	6.8408
187.2875835	0.50152401	6.77488
187.4291465	0.57279415	6.7036
187.5709237	0.63853233	6.62758
187.7129155	0.69819121	6.54757
187.8551225	0.7513649	6.46442
187.9975451	0.79780502	6.37903
188.1401838	0.83741548	6.2923
188.2830392	0.87025699	6.20513
188.4261116	0.89651428	6.1183
188.5694016	0.91647057	6.03256
188.7129098	0.93049941	5.94854
188.8566365	0.93901634	5.86676
189.0005823	0.94247208	5.78769
189.1447477	0.94134362	5.7117
189.2891333	0.93613192	5.63913
189.4337394	0.92737097	5.57024
189.5785666	0.91562377	5.50523
189.7236155	0.9014839	5.44421
189.8688865	0.88556179	5.38718
190.0143801	0.86846316	5.33401
190.1600969	0.85074619	5.28441
190.3060373	0.83288862	5.23798
190.4522019	0.81524493	5.19417
190.5985912	0.79800015	5.15237
190.7452058	0.78116482	5.11197
190.892046	0.76457293	5.0724
191.0391125	0.74789956	5.03322
191.1864058	0.73071497	4.99418
191.3339264	0.71255053	4.95524
191.4816749	0.69295667	4.91656
191.6296517	0.67157566	4.87852
191.7778574	0.64819134	4.84161
191.9262925	0.62276273	4.80643
192.0749575	0.59544189	4.77356
192.2238531	0.56654825	4.74351
192.3729796	0.53654088	4.71667
192.5223378	0.50596845	4.69325
192.671928	0.47540909	4.67328
192.8217509	0.4454215	4.65662
192.971807	0.41650203	4.64298
193.1220968	0.38904512	4.63195
193.2726208	0.36333295	4.62308
193.4233798	0.33954064	4.61589
193.574374	0.31774436	4.60992
193.7256043	0.29793869	4.60474
193.877071	0.28006688	4.59999
194.0287747	0.26404055	4.59533
194.180716	0.24974529	4.59046
194.3328955	0.23704684	4.58509
194.4853137	0.22579336	4.57895
194.6379712	0.21580202	4.57174
194.7908685	0.20682511	4.56315
194.9440062	0.1985579	4.55293
195.0973849	0.19062865	4.54082
195.2510051	0.18258196	4.52665
195.4048675	0.17391748	4.51038
195.5589725	0.16410939	4.49207
195.7133208	0.15264084	4.47196
195.8679129	0.13905814	4.45043
196.0227494	0.12300647	4.42799
196.177831	0.10427002	4.40525
196.3331581	0.082793	4.38285
196.4887314	0.05868612	4.36142
196.6445514	0.03220093	4.34148
196.8006187	0.00370095	4.32346
196.956934	-0.02637341	4.30761
197.1134978	-0.05757301	4.294
197.2703107	-0.08948934	4.28255
197.4273733	-0.12180074	4.27304
197.5846862	-0.15429892	4.26519
197.74225	-0.18690676	4.25867
197.9000653	-0.21966612	4.25322
198.0581327	-0.25271617	4.24862
198.2164528	-0.28626738	4.24479
198.3750262	-0.32053944	4.24179
198.5338535	-0.35571515	4.2398
198.6929354	-0.39190988	4.23909
198.8522724	-0.42913915	4.24001
199.0118652	-0.4672982	4.24292
199.1717143	-0.50616301	4.24815
199.3318205	-0.5454136	4.25593
199.4921842	-0.5846632	4.26639
199.6528062	-0.62349022	4.27951
199.813687	-0.66149877	4.2951
199.9748274	-0.69835916	4.31286
200.1362278	-0.73383643	4.33237
200.297889	-0.76783652	4.35312
200.4598116	-0.8004234	4.3746
200.6219962	-0.83180733	4.39634
200.7844434	-0.86234524	4.41793
200.9471539	-0.89251474	4.43912
201.1101283	-0.92287522	4.45981
201.2733673	-0.95403162	4.48011
201.4368715	-0.98657025	4.50036
201.6006416	-1.0210053	4.5211
201.7646782	-1.05773299	4.54307
201.928982	-1.0969753	4.56719
202.0935535	-1.13872722	4.59451
202.2583936	-1.1827364	4.62612
202.4235027	-1.22846918	4.66316
202.5888817	-1.27509455	4.70666
202.7545311	-1.32150082	4.75751
202.9204516	-1.3663177	4.81634
203.0866439	-1.40797911	4.88344
203.2531086	-1.4447953	4.95871
203.4198465	-1.47503705	5.0416
203.5868581	-1.49706	5.13105
203.7541442	-1.50942954	5.22555
203.9217055	-1.51103751	5.32316
204.0895425	-1.50120425	5.42164
204.2576561	-1.47975553	5.51854
204.4260469	-1.44707161	5.61138
204.5947155	-1.40408397	5.69781
204.7636627	-1.35223046	5.77578
204.9328891	-1.29335464	5.8437
205.1023955	-1.22958136	5.90051
205.2721826	-1.16316433	5.94578
205.4422509	-1.09633252	5.97966
205.6126013	-1.03114217	6.00289
205.7832345	-0.96934897	6.01665
205.9541511	-0.91232368	6.02247
206.1253518	-0.86101276	6.02204
206.2968374	-0.81593967	6.01712
206.4686086	-0.77722819	6.00939
206.6406661	-0.74466916	6.00035
206.8130105	-0.71780971	5.99125
206.9856427	-0.69603352	5.9831
207.1585633	-0.67862264	5.97666
207.3317731	-0.6648276	5.97244
207.5052728	-0.65391599	5.97077
207.6790631	-0.64518632	5.97184
207.8531448	-0.63797557	5.97572
208.0275185	-0.63165778	5.98239
208.2021851	-0.62564343	5.99173
208.3771452	-0.61938401	6.00353
208.5523996	-0.61238382	6.01747
208.727949	-0.60421837	6.03313
208.9037943	-0.59457196	6.04996
209.0799361	-0.58326327	6.06736
209.2563751	-0.57027058	6.08465
209.4331122	-0.55576544	6.10116
209.6101481	-0.54009221	6.11632
209.7874836	-0.52375741	6.12965
209.9651193	-0.50738749	6.14091
210.1430562	-0.49165387	6.15007
210.3212949	-0.47722431	6.15733
210.4998362	-0.46468187	6.16315
210.6786808	-0.45446061	6.16815
210.8578297	-0.44681148	6.17308
211.0372835	-0.44177162	6.17874
211.217043	-0.43918119	6.18587
211.3971089	-0.43871063	6.19514
211.5774822	-0.43989134	6.20707
211.7581635	-0.4421842	6.22199
211.9391537	-0.44502974	6.24009
212.1204536	-0.44788185	6.26141
212.3020639	-0.45024216	6.28588
212.4839854	-0.45168085	6.31335
212.666219	-0.45183053	6.34366
212.8487654	-0.45036569	6.37664
213.0316255	-0.44698619	6.41213
213.2148	-0.44139227	6.44998
213.3982898	-0.43327866	6.49001
213.5820957	-0.42232144	6.53204
213.7662186	-0.4081839	6.5758
213.9506591	-0.39053532	6.62097
214.1354182	-0.36907041	6.66712
214.3204967	-0.34353816	6.71375
214.5058953	-0.31376511	6.76027
214.6916151	-0.27967714	6.80605
214.8776566	-0.24130834	6.85043
215.0640209	-0.19879972	6.89277
215.2507088	-0.15239976	6.93244
215.437721	-0.1024465	6.9689
215.6250585	-0.04935008	7.00165
215.812722	0.00642647	7.0303
216.0007125	0.06438372	7.0545
216.1890308	0.12398318	7.07398
216.3776778	0.18467031	7.08855
216.5666543	0.24587123	7.09805
216.7559611	0.3069802	7.10238
216.9455992	0.36735206	7.10149
217.1355694	0.42630336	7.09543
217.3258726	0.48312597	7.08435
217.5165097	0.53709311	7.06852
217.7074815	0.58748788	7.04838
217.8987889	0.63364702	7.02454
218.0904329	0.67501068	6.99779
218.2824142	0.71115582	6.96904
218.4747339	0.74184457	6.93936
218.6673927	0.76706902	6.90986
218.8603916	0.78705374	6.88164
219.0537315	0.802253	6.85572
219.2474133	0.8133228	6.83296
219.4414379	0.82106522	6.814
219.6358063	0.82637047	6.79925
219.8305192	0.83015668	6.78886
220.0255777	0.83329268	6.78272
220.2209826	0.83654092	6.78053
220.416735	0.84051923	6.78183
220.6128356	0.84567639	6.78608
220.8092855	0.85228788	6.79271
221.0060856	0.86048022	6.80121
221.2032368	0.87025739	6.81112
221.40074	0.88153416	6.82211
221.5985962	0.89419076	6.83397
221.7968064	0.90811259	6.8466
221.9953715	0.92321785	6.85998
222.1942925	0.93948115	6.87416
222.3935702	0.95695515	6.88922
222.5932057	0.9757655	6.90521
222.7932	0.9960961	6.92214
222.9935539	1.01816963	6.93994
223.1942686	1.04222228	6.95846
223.3953449	1.06846971	6.97744
223.5967838	1.09706764	6.99654
223.7985863	1.12810476	7.01539
224.0007534	1.16157837	7.03355
224.2032861	1.19739024	7.05063
224.4061854	1.23536037	7.06625
224.6094522	1.27523803	7.08012
224.8130876	1.31672859	7.09202
225.0170926	1.35951913	7.10184
225.2214682	1.40331506	7.10956
225.4262153	1.44785589	7.11522
225.6313351	1.49292872	7.11892
225.8368285	1.53838344	7.12079
226.0426965	1.58412875	7.12095
226.2489402	1.6301195	7.1195
226.4555606	1.67634745	7.11651
226.6625588	1.7228328	7.11201
226.8699357	1.76960077	7.10596
227.0776924	1.81665929	7.09828
227.28583	1.86399621	7.08886
227.4943495	1.91156348	7.07754
227.703252	1.95926398	7.06415
227.9125384	2.00694927	7.04851
228.12221	2.05440617	7.03044
228.3322676	2.10136637	7.00982
228.5427125	2.14751609	6.98656
228.7535457	2.19249466	6.96064
228.9647682	2.23591729	6.93214
229.1763811	2.27741033	6.90125
229.3883855	2.31662701	6.86823
229.6007826	2.35326671	6.83345
229.8135733	2.3871094	6.79736
230.0267589	2.41804092	6.76047
230.2403403	2.44605424	6.72328
230.4543187	2.47124545	6.68629
230.6686952	2.49381612	6.64995
230.8834709	2.51404397	6.61461
231.098647	2.53225704	6.58054
231.3142245	2.5488153	6.5479
231.5302045	2.56406701	6.51672
231.7465883	2.57832287	6.48696
231.9633769	2.59183667	6.45849
232.1805715	2.60479478	6.43116
232.3981732	2.61730418	6.40477
232.6161831	2.62939318	6.37917
232.8346025	2.64103944	6.35425
233.0534324	2.65217669	6.32995
233.2726741	2.66272178	6.30631
233.4923286	2.67261949	6.28346
233.7123972	2.68185753	6.26157
233.932881	2.69049113	6.24089
234.1537812	2.69866606	6.22167
234.375099	2.70661688	6.20415
234.5968356	2.71467615	6.18853
234.8189921	2.72324635	6.17488
235.0415697	2.73276319	6.16317
235.2645698	2.74367619	6.15324
235.4879933	2.75640072	6.14477
235.7118417	2.77127786	6.13733
235.936116	2.78854583	6.13038
236.1608174	2.80830439	6.12331
236.3859474	2.83051205	6.11552
236.6115069	2.85498774	6.10642
236.8374973	2.88142598	6.09552
237.0639198	2.90942378	6.08242
237.2907757	2.93851521	6.06688
237.5180661	2.96822212	6.0488
237.7457924	2.9980794	6.0282
237.9739558	3.02767788	6.00525
238.2025575	3.0566858	5.98017
238.4315989	3.08486413	5.95327
238.6610812	3.11206603	5.92483
238.8910056	3.13822354	5.89515
239.1213734	3.16334161	5.86447
239.352186	3.18746868	5.83298
239.5834446	3.21067824	5.80081
239.8151505	3.23304511	5.76803
240.047305	3.25463433	5.73468
240.2799095	3.27549266	5.70076
240.5129651	3.29564117	5.66626
240.7464733	3.31507267	5.63116
240.9804353	3.33375992	5.59547
241.2148526	3.35166576	5.55921
241.4497263	3.36875427	5.52244
241.6850579	3.38500161	5.48523
241.9208486	3.40040512	5.44768
242.1570999	3.41497944	5.40987
242.3938131	3.42877132	5.37193
242.6309895	3.44186012	5.33393
242.8686305	3.45434412	5.29595
243.1067375	3.46634692	5.25803
243.3453118	3.47800671	5.22018
243.5843548	3.4894662	5.18236
243.8238679	3.50085726	5.14449
244.0638525	3.51230103	5.10647
244.30431	3.5239063	5.06816
244.5452417	3.5357538	5.02938
244.7866491	3.5478922	4.98994
245.0285337	3.56035372	4.94965
245.2708967	3.57313856	4.90826
245.5137396	3.58621007	4.86554
245.7570639	3.5994984	4.82122
246.000871	3.61289035	4.77503
246.2451624	3.62621556	4.72666
246.4899393	3.63923455	4.67582
246.7352035	3.65163659	4.62222
246.9809561	3.66302348	4.5656
247.2271989	3.67292526	4.50579
247.4739331	3.68079582	4.44266
247.7211603	3.68603747	4.37626
247.9688819	3.68803397	4.30673
248.2170995	3.68617669	4.2344
248.4658146	3.67990518	4.15972
248.7150285	3.66874094	4.08331
248.9647429	3.65232805	4.00589
249.2149592	3.63044652	3.92826
249.465679	3.60304493	3.85129
249.7169038	3.5702295	3.77579
249.968635	3.53225862	3.70258
250.2208743	3.48953235	3.63235
250.4736232	3.44256147	3.56571
250.7268832	3.39193859	3.5031
250.9806558	3.33829951	3.44484
251.2349427	3.2823048	3.3911
251.4897454	3.22458851	3.34188
251.7450655	3.1657437	3.29711
252.0009045	3.10630879	3.25658
252.257264	3.04674019	3.22002
252.5141456	2.98741625	3.18711
252.771551	2.92863584	3.1575
253.0294817	2.87062242	3.13083
253.2879393	2.8135293	3.10674
253.5469255	2.75744974	3.08489
253.8064418	2.70242336	3.06495
254.0664899	2.64844079	3.04662
254.3270714	2.59545476	3.02963
254.5881881	2.54338112	3.01373
254.8498414	2.49210185	2.99871
255.1120332	2.44146805	2.98439
255.3747649	2.39130837	2.97065
255.6380384	2.34143756	2.95741
255.9018553	2.29166586	2.94466
256.1662173	2.24181759	2.93245
256.431126	2.19175317	2.9209
256.6965832	2.14137709	2.91015
256.9625906	2.09064646	2.90039
257.2291499	2.03959147	2.89182
257.4962627	1.98830375	2.8846
257.7639309	1.93692923	2.87887
258.0321562	1.88565481	2.87469
258.3009402	1.83468375	2.87206
258.5702848	1.78422544	2.87091
258.8401917	1.7344625	2.87107
259.1106627	1.68552848	2.87233
259.3816995	1.63750839	2.87444
259.653304	1.59041813	2.8771
259.9254778	1.54419518	2.88002
260.1982229	1.49870912	2.88293
260.4715409	1.45376427	2.88559
260.7454337	1.40910912	2.88782
261.0199032	1.36445632	2.88951
261.2949511	1.31948591	2.8906
261.5705793	1.27386376	2.89114
261.8467895	1.22726659	2.89125
262.1235838	1.17939687	2.89114
262.4009638	1.12998979	2.89107
262.6789315	1.07883828	2.89141
262.9574888	1.02581209	2.89255
263.2366374	0.97085814	2.89493
263.5163794	0.91401446	2.899
263.7967166	0.85540944	2.9052
264.0776509	0.79524555	2.91392
264.3591841	0.73377376	2.92551
264.6413183	0.67118681	2.94022
264.9240554	0.60672254	2.95821
265.2068299	0.55048108	2.97952
265.4907773	0.48637006	3.00411
265.7753333	0.42438958	3.03183
266.0605	0.3636766	3.06246
266.3462793	0.30427705	3.09575
266.6326731	0.24627674	3.13142
266.9196835	0.18971351	3.16922
267.2073125	0.1345641	3.20892
267.495562	0.08076391	3.25039
267.7844341	0.02822634	3.29354
268.0739308	-0.02313275	3.3384
268.3640541	-0.07336362	3.38505
268.6548061	-0.12245872	3.43366
268.9461887	-0.17033305	3.48441
269.2382041	-0.21681464	3.53751
269.5308543	-0.26164064	3.59312
269.8241415	-0.3044717	3.65135
270.1180675	-0.34489316	3.71223
270.4126347	-0.38245511	3.77563
270.707845	-0.41671357	3.84131
271.0037005	-0.44724881	3.9089
271.3002035	-0.47370281	3.97789
271.597356	-0.49582895	4.04764
271.8951601	-0.51350787	4.11747
272.193618	-0.52675963	4.18663
272.4927319	-0.53576953	4.25437
272.7925039	-0.54087161	4.32001
273.0929361	-0.54252904	4.38294
273.3940309	-0.54133069	4.44265
273.6957903	-0.53795302	4.49881
273.9982166	-0.53311288	4.55124
274.3013119	-0.52755509	4.5999
274.6050786	-0.52200749	4.64496
274.9095188	-0.51714469	4.68671
275.2146349	-0.51356874	4.7256
275.5204289	-0.51177677	4.76219
275.8269032	-0.51214804	4.79713
276.1340601	-0.51492762	4.83114
276.4419019	-0.5202166	4.86497
276.7504308	-0.52797249	4.89937
277.0596492	-0.53801477	4.93506
277.3695593	-0.55003107	4.97271
277.6801635	-0.56359133	5.0129
277.9914641	-0.57817464	5.0561
278.3034635	-0.59318459	5.10268
278.616164	-0.60796932	5.15287
278.9295681	-0.62184934	5.20677
279.2436779	-0.63414106	5.26434
279.5584961	-0.64418276	5.32541
279.8740248	-0.6513488	5.3897
280.1902667	-0.65506591	5.45681
280.507224	-0.65483188	5.52624
280.8248992	-0.65024293	5.59738
281.1432948	-0.64099847	5.66959
281.4624132	-0.62690911	5.74215
281.7822568	-0.60791642	5.81433
282.1028282	-0.58408683	5.88541
282.4241298	-0.55560571	5.95471
282.7461642	-0.52276161	6.02162
283.0689338	-0.48592985	6.08561
283.3924411	-0.44554314	6.14627
283.7166888	-0.40206571	6.20328
284.0416793	-0.35596812	6.25644
284.3674151	-0.30770089	6.30563
284.693899	-0.25767639	6.35081
285.0211333	-0.20625666	6.39197
285.3491208	-0.15377893	6.42908
285.6778641	-0.10055958	6.46215
286.0073656	-0.0468991	6.49115
286.3376282	0.00687475	6.51602
286.6686543	0.06039671	6.53673
287.0004468	0.11326584	6.55327
287.3330081	0.16503192	6.56567
287.6663411	0.21521084	6.57407
288.0004483	0.26331943	6.57872
288.3353326	0.30889622	6.57998
288.6709965	0.35155016	6.57837
289.0074429	0.39099628	6.57448
289.3446744	0.42708082	6.569
289.6826939	0.45980508	6.56263
290.0215041	0.48934045	6.55608
290.3611077	0.51601076	6.54993
290.7015076	0.54025379	6.54466
291.0427066	0.56260115	6.54059
291.3847074	0.5836253	6.53784
291.7275129	0.60387444	6.53633
292.071126	0.62383623	6.53584
292.4155495	0.643891	6.53597
292.7607863	0.66427911	6.53626
293.1068392	0.68509103	6.53618
293.4537112	0.70625758	6.53522
293.8014052	0.72756398	6.53292
294.1499241	0.74867974	6.52894
294.4992708	0.76919077	6.52305
294.8494483	0.78863818	6.51519
295.2004595	0.80656471	6.50544
295.5523075	0.82255171	6.49403
295.9049952	0.83625332	6.4813
296.2585257	0.84741654	6.46768
296.6129019	0.85590615	6.45367
296.9681269	0.86171704	6.43978
297.3242038	0.86496505	6.42649
297.6811357	0.86587899	6.41423
298.0389255	0.86477678	6.40332
298.3975764	0.86203733	6.39398
298.7570916	0.85808062	6.3863
299.1174741	0.85331769	6.3802
299.4787271	0.84812076	6.3755
299.8408537	0.84278259	6.37185
300.2038571	0.83748476	6.36885
300.5677406	0.83228628	6.36601
300.9325073	0.82708821	6.36281
301.2981604	0.82163262	6.35877
301.6647032	0.81552017	6.35349
302.0321389	0.80821995	6.34667
302.4004707	0.79910699	6.3382
302.7697021	0.78749824	6.32812
303.1398362	0.77268923	6.3167
303.5108764	0.75402223	6.30443
303.882826	0.73092972	6.29198
304.2556883	0.7029743	6.2802
304.6294668	0.66988703	6.27007
305.0041648	0.63160357	6.26268
305.3797857	0.58827826	6.25913
305.7563329	0.5402787	6.26051
306.1338099	0.4881921	6.26785
306.51222	0.43279338	6.28202
306.8915668	0.37501109	6.30375
307.2718538	0.3158921	6.33355
307.6530844	0.25655571	6.37173
308.0352621	0.19814384	6.41835
308.4183905	0.14177066	6.47327
308.8024732	0.08848155	6.53614
309.1875137	0.03922186	6.60647
309.5735156	-0.00517844	6.68364
309.9604825	-0.04402037	6.76695
310.348418	-0.07672741	6.85567
310.7373258	-0.10283392	6.94905
311.1272095	-0.12196172	7.04637
311.5180729	-0.13379072	7.14692
311.9099195	-0.13804827	7.24999
312.3027531	-0.13449834	7.35487
312.6965776	-0.12293241	7.46083
313.0913965	-0.10316669	7.5671
313.4872137	-0.07507738	7.6728
313.8840329	-0.0386228	7.77702
314.281858	0.00613844	7.87875
314.6806929	0.05899827	7.97692
315.0805413	0.11958405	8.07046
315.4814071	0.18734847	8.15831
315.8832943	0.26156086	8.23948
316.2862066	0.34131157	8.31309
316.6901481	0.42554744	8.37846
317.0951228	0.51311186	8.43509
317.5011344	0.60277535	8.48271
317.9081872	0.69328991	8.5213
318.316285	0.78344418	8.55108
318.7254319	0.87210572	8.57248
319.1356319	0.95825477	8.58612
319.5468892	1.04101698	8.59278
319.9592077	1.11968223	8.59335
320.3725917	1.19371993	8.58881
320.7870453	1.26278764	8.58017
321.2025725	1.32672107	8.56843
321.6191777	1.38552774	8.55456
322.0368649	1.43936028	8.53943
322.4556385	1.4884994	8.52385
322.8755026	1.53333671	8.50849
323.2964615	1.57433381	8.49389
323.7185196	1.61199743	8.48046
324.141681	1.64684837	8.46847
324.5659503	1.67940312	8.45809
324.9913316	1.71015934	8.44937
325.4178294	1.73956995	8.44226
325.8454481	1.76803898	8.43665
326.2741921	1.79591495	8.43235
326.7040659	1.82347581	8.42912
327.1350739	1.8509283	8.42669
327.5672206	1.87840155	8.42476
328.0005106	1.90594722	8.42304
328.4349483	1.93353803	8.42124
328.8705385	1.96107584	8.41913
329.3072855	1.98840295	8.41652
329.7451941	2.0153263	8.41333
330.184269	2.04164376	8.40954
330.6245147	2.06716016	8.40523
331.0659359	2.09173403	8.40058
331.5085374	2.11528763	8.39578
331.952324	2.13781086	8.39107
332.3973003	2.15938033	8.38668
332.8434711	2.18013411	8.38277
333.2908414	2.20025941	8.37947
333.7394159	2.21997455	8.3768
334.1891995	2.23948453	8.37469
334.640197	2.25895703	8.373
335.0924135	2.27850767	8.37154
335.5458539	2.29818414	8.37008
336.000523	2.31796348	8.3684
336.4564261	2.33775504	8.36629
336.9135679	2.35740892	8.3636
337.3719537	2.37674834	8.36026
337.8315886	2.39558666	8.35625
338.2924775	2.41374215	8.35163
338.7546257	2.43106731	8.34653
339.2180383	2.44747267	8.34113
339.6827205	2.46292884	8.33561
340.1486776	2.47747411	8.33017
340.6159148	2.49121034	8.32495
341.0844374	2.50428689	8.32005
341.5542507	2.51688947	8.31548
342.02536	2.5291967	8.31113
342.4977707	2.54134793	8.30681
342.9714882	2.55340735	8.30222
343.446518	2.56533725	8.29703
343.9228655	2.576976	8.29086
344.4005361	2.58802141	8.28338
344.8795355	2.59805044	8.27435
345.3598691	2.60653923	8.26366
345.8415425	2.61291032	8.2514
346.3245615	2.61658962	8.23785
346.8089315	2.61706956	8.22351
347.2946583	2.61396322	8.20903
347.7817475	2.60704991	8.19521
348.2702051	2.59631115	8.1829
348.7600366	2.58193064	8.17294
349.2512479	2.56428428	8.1661
349.7438449	2.5439165	8.16302
350.2378333	2.52148044	8.16413
350.7332192	2.49768292	8.16969
351.2300085	2.47323917	8.17975
351.7282071	2.44881428	8.19418
352.227821	2.42499146	8.21272
352.7288563	2.4022416	8.23499
353.2313191	2.38091956	8.26059
353.7352154	2.3612777	8.28909
354.2405514	2.34346634	8.32007
354.7473333	2.32755736	8.35316
355.2555673	2.31356921	8.38803
355.7652597	2.30147984	8.42439
356.2764167	2.29123136	8.46198
356.7890446	2.28274586	8.5006
357.3031499	2.27593087	8.54006
357.8187388	2.2706738	8.58021
358.3358179	2.26685297	8.62094
358.8543936	2.26433963	8.66217
359.3744725	2.26301058	8.70388
359.896061	2.26276292	8.74608
360.4191657	2.26351593	8.78881
360.9437933	2.2652277	8.83215
361.4699504	2.26790012	8.87617
361.9976438	2.27157582	8.92094
362.5268801	2.27634083	8.9665
363.0576662	2.28230122	9.01282
363.5900088	2.2895639	9.05983
364.1239148	2.29822744	9.1074
364.6593912	2.30835453	9.15533
365.1964448	2.31994806	9.20338
365.7350826	2.33293966	9.25129
366.2753117	2.34717773	9.2988
366.8171391	2.3624378	9.34571
367.3605719	2.37842476	9.39185
367.9056172	2.39478556	9.43717
368.4522823	2.41114023	9.48172
369.0005744	2.42711469	9.5257
369.5505007	2.44238044	9.56943
370.1020687	2.45669561	9.61337
370.6552855	2.46994379	9.65806
371.2101587	2.48216117	9.7041
371.7666957	2.49354368	9.75206
372.3249039	2.50444385	9.80247
372.884791	2.51536898	9.85574
373.4463645	2.52691639	9.91205
374.009632	2.53972261	9.97142
374.5746012	2.55440904	10.0336
375.1412799	2.57147618	10.0981
375.7096758	2.59124634	10.1643
376.2797967	2.61384261	10.2315
376.8516505	2.63918943	10.299
377.4252451	2.6669268	10.366
378.0005884	2.69647112	10.4321
378.5776885	2.72710516	10.497
379.1565535	2.75807968	10.5609
379.7371914	2.78871178	10.6241
380.3196104	2.81836522	10.6872
380.9038187	2.84663395	10.7512
381.4898246	2.87340601	10.8171
382.0776364	2.89885032	10.886
382.6672623	2.92336737	10.9588
383.258711	2.94760762	11.0365
383.8519907	2.97243859	11.1197
384.4471101	2.99885973	11.2089
385.0440776	3.027894	11.3041
385.642902	3.06045573	11.4052
386.2435919	3.09741161	11.512
386.846156	3.13953701	11.6241
387.4506031	3.18750591	11.7411
388.0569421	3.24182273	11.8624
388.6651818	3.30293327	11.9878
389.2753312	3.37130221	12.1169
389.8873994	3.44744054	12.2496
390.5013953	3.53196692	12.3856
391.1173281	3.62558833	12.5247
391.735207	3.72912711	12.6665
392.3550411	3.84354356	12.8106
392.9768399	3.96992477	12.9562
393.6006127	4.10929837	13.1021
394.2263688	4.26258946	13.2469
394.8541178	4.43057187	13.3888
395.4838692	4.61374578	13.5257
396.1156326	4.81231529	13.6553
396.7494176	5.02598306	13.7748
397.385234	5.25385603	13.8816
398.0230915	5.49463702	13.9733
398.663	5.74645107	14.0473
399.3049694	6.00689408	14.1018
399.9490097	6.27322999	14.1353
400.5951309	6.54240887	14.147
401.243343	6.81131629	14.1369
401.8936564	7.07684922	14.1055
402.5460812	7.33618527	14.0544
403.2006276	7.58694474	13.9854
403.8573062	7.82723904	13.901
404.5161272	8.0558159	13.8038
405.1771013	8.27200445	13.6965
405.840239	8.4757856	13.5818
406.5055508	8.66768848	13.4619
407.1730476	8.84853034	13.3385
407.8427401	9.01934321	13.213
408.5146392	9.18126124	13.0862
409.1887558	9.33534446	12.9585
409.8651008	9.48246506	12.8299
410.5436854	9.62327829	12.7003
411.2245207	9.75822346	12.5694
411.9076179	9.8874179	12.4368
412.5929884	10.01080218	12.3025
413.2806433	10.12828837	12.1665
413.9705943	10.23964864	12.0288
414.6628528	10.34461062	11.8898
415.3574305	10.44306883	11.7501
416.0543389	10.53497744	11.6101
416.7535899	10.62041659	11.4706
417.4551953	10.69955769	11.332
418.1591669	10.77272471	11.1952
418.8655169	10.84038058	11.0605
419.5742572	10.90302316	10.9285
420.2854	10.96128855	10.7995
420.9989576	11.01582886	10.6737
421.7149422	11.06732903	10.5512
422.4333663	11.11654515	10.432
423.1542423	11.1641147	10.3156
423.8775829	11.21058791	10.2018
424.6034007	11.25651282	10.09
425.3317084	11.30216051	9.97933
426.0625189	11.34762538	9.86923
426.7958451	11.39287556	9.75889
427.5317	11.43764845	9.64761
428.2700967	11.48150752	9.53479
429.0110484	11.52385915	9.41998
429.7545685	11.56400959	9.30297
430.5006701	11.60121891	9.18375
431.249367	11.63476462	9.06259
432.0006725	11.66400157	8.93995
432.7546003	11.68842491	8.81654
433.5111643	11.70772827	8.69318
434.2703783	11.72181011	8.57076
435.0322561	11.73080305	8.45021
435.796812	11.73506479	8.33235
436.5640599	11.73512855	8.21786
437.3340141	11.73166564	8.10724
438.106689	11.72542755	8.00075
438.8820991	11.7171678	7.8984
439.6602589	11.70757164	7.79998
440.4411829	11.69721339	7.70512
441.2248861	11.68651654	7.6133
442.0113832	11.67571637	7.52393
442.8006893	11.66486347	7.43644
443.5928193	11.65384503	7.35032
444.3877885	11.64240788	7.26517
445.1856122	11.63020608	7.18076
445.9863058	11.61685098	7.09702
446.7898847	11.60195537	7.01406
447.5963646	11.58518602	6.93216
448.4057613	11.56631011	6.85174
449.2180906	11.54521736	6.7733
450.0333684	11.52195008	6.69743
450.8516109	11.49671934	6.6247
451.6728342	11.46988583	6.55563
452.4970547	11.44195852	6.49067
453.3242888	11.41356658	6.4301
454.1545531	11.38540353	6.37402
454.9878642	11.35818158	6.32234
455.824239	11.33257896	6.27477
456.6636943	11.30919814	6.23086
457.5062472	11.28850585	6.18997
458.351915	11.27080394	6.15142
459.2007148	11.25622614	6.11447
460.0526642	11.24473471	6.07843
460.9077807	11.2361511	6.04269
461.7660819	11.23018476	6.00676
462.6275858	11.22648631	5.97032
463.4923103	11.22470071	5.93319
464.3602734	11.224502	5.89532
465.2314934	11.22563603	5.85678
466.1059887	11.2279401	5.81768
466.9837778	11.23134597	5.77816
467.8648792	11.23587804	5.73833
468.7493119	11.24163829	5.69825
469.6370947	11.24877891	5.65788
470.5282467	11.25746201	5.61708
471.4227871	11.26784397	5.57564
472.3207352	11.28004771	5.53323
473.2221107	11.29412803	5.48945
474.1269331	11.31005686	5.44384
475.0352222	11.3277113	5.39591
475.9469981	11.34686374	5.34515
476.8622808	11.3671707	5.29106
477.7810906	11.38817512	5.23319
478.7034479	11.4093162	5.17116
479.6293733	11.42992784	5.10467
480.5588876	11.449268	5.03359
481.4920117	11.46654869	4.95791
482.4287665	11.48094649	4.87779
483.3691735	11.49165179	4.7936
484.3132539	11.4979099	4.70588
485.2610294	11.49906114	4.61537
486.2125216	11.49459175	4.52297
487.1677525	11.48416571	4.4297
488.1267441	11.46766269	4.33668
489.0895187	11.44519728	4.24503
490.0560988	11.41711543	4.15583
491.0265069	11.38398123	4.07004
492.0007659	11.34654444	3.98845
492.9788986	11.30569374	3.91162
493.9609283	11.26239473	3.83985
494.9468782	11.217618	3.77316
495.936772	11.17227066	3.71132
496.9306333	11.12714959	3.65389
497.9284859	11.08288267	3.60022
498.9303541	11.03989006	3.54957
499.9362621	10.99838643	3.50116
500.9462343	10.95837516	3.45421
501.9602955	10.91966918	3.40804
502.9784706	10.88191786	3.36207
504.0007846	10.8446495	3.31592
505.0272627	10.8073245	3.26938
506.0579306	10.76937633	3.22245
507.0928139	10.7302637	3.17533
508.1319385	10.68952878	3.12843
509.1753306	10.64684126	3.0823
510.2230165	10.60203319	3.03763
511.2750227	10.555151	2.9952
512.331376	10.50646674	2.95576
513.3921035	10.45646782	2.92
514.4572324	10.40585822	2.88848
515.52679	10.3555052	2.86149
516.6008042	10.30636313	2.83905
517.6793027	10.25940285	2.82085
518.7623138	10.21549478	2.80621
519.8498658	10.17531592	2.79419
520.9419874	10.13927138	2.78359
522.0387074	10.10740339	2.77307
523.1400549	10.07938156	2.76135
524.2460592	10.05451201	2.74725
525.35675	10.03178598	2.72992
526.4721571	10.00998797	2.70889
527.5923106	9.98782204	2.68418
528.7172409	9.96406681	2.65629
529.8469786	9.93771151	2.62615
530.9815546	9.90808819	2.59505
532.121	9.87496064	2.56445
533.2653462	9.83855512	2.53583
534.414625	9.79953985	2.51049
535.5688683	9.75894594	2.4894
536.7281082	9.71804831	2.47307
537.8923774	9.67819107	2.46145
539.0617087	9.64062677	2.45401
540.2361351	9.60636432	2.44973
541.41569	9.57603108	2.44728
542.600407	9.54981438	2.44519
543.7903202	9.52743065	2.44199
544.9854637	9.5081777	2.43648
546.1858722	9.49104727	2.4278
547.3915806	9.4748463	2.41555
548.6026239	9.458357	2.39983
549.8190377	9.44049281	2.3812
551.0408578	9.42042794	2.36059
552.2681203	9.39769261	2.33917
553.5008616	9.37220979	2.31817
554.7391186	9.34428533	2.29875
555.9829283	9.31455027	2.28183
557.2323281	9.28386271	2.26801
558.4873559	9.25318697	2.25749
559.7480497	9.22346605	2.25009
561.014448	9.19550949	2.24528
562.2865896	9.16989108	2.24226
563.5645136	9.14690477	2.24012
564.8482597	9.12654412	2.23789
566.1378676	9.10851291	2.23472
567.4333776	9.09230099	2.22997
568.7348303	9.07726007	2.22324
570.0422667	9.06269497	2.21443
571.3557281	9.047954	2.20369
572.6752564	9.0325018	2.1914
574.0008935	9.01597858	2.17808
575.3326821	8.99820618	2.16428
576.6706651	8.97918673	2.15056
578.0148858	8.95906795	2.13735
579.3653879	8.93808133	2.12497
580.7222155	8.91650286	2.11361
582.0854131	8.89460249	2.10333
583.4550259	8.87261666	2.09412
584.8310991	8.85072416	2.08589
586.2136785	8.82905029	2.07858
587.6028104	8.80770014	2.07214
588.9985416	8.78676791	2.06653
590.400919	8.7663583	2.06174
591.8099905	8.74660528	2.05775
593.2258038	8.7276668	2.0545
594.6484077	8.70971553	2.05188
596.077851	8.69291604	2.04969
597.5141831	8.6773833	2.04764
598.9574541	8.66316478	2.0454
600.4077143	8.65021005	2.04256
601.8650146	8.63834723	2.03873
603.3294063	8.62728586	2.03355
604.8009415	8.61663215	2.02677
606.2796724	8.60591643	2.01825
607.765652	8.59461982	2.00801
609.2589337	8.58222761	1.99626
610.7595714	8.56828168	1.98338
612.2676198	8.55242467	1.96991
613.7831337	8.53445186	1.95653
615.3061687	8.5143437	1.94398
616.8367811	8.49228565	1.93303
618.3750274	8.46867853	1.92439
619.920965	8.44412104	1.91864
621.4746516	8.41936052	1.91614
623.0361457	8.39524178	1.91703
624.6055063	8.37263837	1.92114
626.1827929	8.35236263	1.92802
627.7680658	8.33509564	1.93696
629.3613858	8.32131055	1.94702
630.9628142	8.31122117	1.95714
632.5724133	8.30475665	1.9662
634.1902455	8.30155304	1.97313
635.8163744	8.30097893	1.977
637.4508638	8.30217706	1.97709
639.0937784	8.30412112	1.97296
640.7451835	8.30570717	1.96452
642.4051451	8.30582383	1.95197
644.0737299	8.30343496	1.93589
645.7510052	8.29767319	1.91714
647.4370392	8.28790126	1.89684
649.1319005	8.27378131	1.8763
650.8356588	8.25531493	1.85691
652.5483842	8.23286309	1.84006
654.2701478	8.20715089	1.82702
656.0010212	8.17921588	1.81879
657.7410769	8.1503537	1.81608
659.4903883	8.12202841	1.81913
661.2490293	8.0957329	1.82771
663.0170749	8.07287837	1.84113
664.7946005	8.05465462	1.85821
666.5816828	8.0419052	1.87743
668.3783989	8.03504294	1.89701
670.184827	8.03398553	1.91508
672.0010461	8.0381519	1.92986
673.8271359	8.04650944	1.93982
675.6631771	8.05765698	1.94381
677.5092514	8.06993893	1.94117
679.3654411	8.08158909	1.9318
681.2318297	8.09088886	1.91617
683.1085014	8.09631037	1.89526
684.9955414	8.09664087	1.87049
686.893036	8.09107544	1.84358
688.8010722	8.07927287	1.81643
690.7197382	8.0613838	1.79097
692.6491229	8.0380325	1.769
694.5893165	8.01026315	1.75207
696.5404101	7.97947178	1.74138
698.5024958	7.94730368	1.73766
700.4756667	7.91553151	1.74114
702.460017	7.88592874	1.75151
704.455642	7.86013944	1.76795
706.4626382	7.83955899	1.78917
708.4811029	7.8252153	1.81348
710.5111347	7.81767571	1.83893
712.5528333	7.81699938	1.86346
714.6062997	7.82271891	1.88504
716.6716358	7.83385369	1.90184
718.7489449	7.84899535	1.91243
720.8383314	7.86641232	1.91583
722.9399009	7.88419607	1.91169
725.0537602	7.90042682	1.90023
727.1800176	7.91332256	1.88228
729.3187824	7.92139658	1.85918
731.4701652	7.9235706	1.83266
733.6342781	7.91925486	1.8047
735.8112344	7.90839469	1.77737
738.0011488	7.89145027	1.75262
740.2041373	7.86935286	1.7322
742.4203174	7.84341919	1.71745
744.6498078	7.8152318	1.70928
746.8927289	7.78653137	1.70809
749.1492024	7.75908174	1.71374
751.4193515	7.73453241	1.72557
753.7033009	7.71429822	1.74247
756.0011768	7.69947389	1.76298
758.313107	7.69074689	1.78534
760.6392209	7.68834827	1.80769
762.9796492	7.69203736	1.82814
765.3345247	7.70111438	1.84497
767.7039814	7.71448545	1.85673
770.0881553	7.73073335	1.86234
772.4871838	7.74823613	1.86122
774.9012063	7.76529984	1.85328
777.3303636	7.78028468	1.83895
779.7747987	7.79174126	1.81913
782.2346562	7.79850912	1.79508
784.7100823	7.79980489	1.76836
787.2012254	7.79526319	1.74062
789.7082357	7.78492645	1.71352
792.2312652	7.76922832	1.6886
794.7704679	7.74892824	1.66715
797.326	7.72501651	1.65015
799.8980194	7.6986292	1.63826
802.4866861	7.67096068	1.63179
805.0921623	7.64319274	1.63076
807.7146124	7.61642584	1.63488
810.3542026	7.59163136	1.64367
813.0111016	7.56965181	1.65649
815.6854803	7.55116743	1.67252
818.3775116	7.53669451	1.69089
821.0873709	7.52658246	1.7106
823.8152359	7.52098797	1.73061
826.5612867	7.51987406	1.74984
829.3257057	7.52297752	1.76718
832.1086779	7.52980306	1.7816
834.9103906	7.53962169	1.79214
837.7310338	7.55146996	1.79803
840.5708	7.56419941	1.79877
843.4298844	7.57654037	1.79418
846.3084846	7.58717789	1.78445
849.2068014	7.59485508	1.77018
852.1250378	7.59848682	1.75235
855.0634	7.59724544	1.73224
858.0220969	7.59065021	1.7114
861.0013403	7.57861197	1.69145
864.0013449	7.56145699	1.67406
867.0223287	7.5399194	1.66072
870.0645123	7.51508792	1.6527
873.1281197	7.48833554	1.65089
876.2133781	7.46122116	1.65578
879.3205177	7.43539413	1.66739
882.4497722	7.41246585	1.68524
885.6013786	7.39390167	1.70842
888.7755771	7.38092246	1.73559
891.9726115	7.37438591	1.76505
895.1927292	7.37472063	1.79491
898.4361812	7.38187813	1.82314
901.7032218	7.39529105	1.84775
904.9941095	7.41389484	1.86696
908.3091062	7.43619327	1.87935
911.6484779	7.46035389	1.88398
915.0124945	7.48433849	1.88051
918.4014296	7.50608337	1.86928
921.8155613	7.52367202	1.85125
925.2551716	7.53550871	1.828
928.7205468	7.54047571	1.80155
932.2119774	7.53804215	1.77422
935.7297585	7.52830702	1.74836
939.2741894	7.51197559	1.72619
942.8455741	7.49030792	1.7096
946.4442214	7.4649735	1.69992
950.0704444	7.43788947	1.69792
953.7245615	7.41104479	1.70368
957.4068958	7.38632607	1.71671
961.1177752	7.36536982	1.73595
964.8575331	7.34944281	1.75997
968.6265078	7.3393873	1.78708
972.4250431	7.33559455	1.81549
976.2534882	7.33802214	1.84344
980.1121976	7.34623673	1.86931
984.0015317	7.35947882	1.89171
987.9218566	7.37673896	1.90953
991.873544	7.3968201	1.92195
995.8569719	7.41840307	1.92849
999.8725242	7.44011712	1.929
1003.920591	7.46059071	1.92365
1008.001569	7.47851495	1.91296
1012.115861	7.49270168	1.89775
1016.263877	7.50216003	1.87919
1020.446033	7.50617423	1.85869
1024.662752	7.50436109	1.83788
1028.914465	7.49673517	1.81851
1033.201608	7.4837416	1.80233
1037.524628	7.46627224	1.79098
1041.883975	7.44561957	1.78578
1046.28011	7.42339774	1.78768
1050.7135	7.40144147	1.7971
1055.184621	7.38165934	1.81389
1059.693957	7.36587992	1.8373
1064.242	7.3556884	1.86602
1068.82925	7.35228809	1.89829
1073.456216	7.35639752	1.93203
1078.123417	7.36817192	1.96499
1082.83138	7.38720113	1.995
1087.58064	7.41253688	2.02005
1092.371744	7.44277294	2.03856
1097.205248	7.47617461	2.04941
1102.081716	7.51081109	2.05207
1107.001723	7.54471	2.04659
1111.965857	7.57600297	2.03361
1116.974712	7.60307904	2.0143
1122.028896	7.62468251	1.9902
1127.129027	7.63999623	1.96318
1132.275735	7.64870016	1.93523
1137.469661	7.65097551	1.90835
1142.711456	7.64749439	1.8844
1148.001787	7.63936369	1.86495
1153.34133	7.62804727	1.85119
1158.730776	7.61526441	1.84381
1164.170826	7.60286536	1.84295
1169.662198	7.59267422	1.84812
1175.205621	7.58634346	1.85829
1180.801838	7.58519351	1.87184
1186.451608	7.5900672	1.88678
1192.155702	7.60123193	1.90083
1197.914908	7.61831031	1.91167
1203.730029	7.64026736	1.91711
1209.601883	7.66547216	1.91539
1215.531304	7.69183057	1.90532
1221.519143	7.71695931	1.88647
1227.566267	7.73840801	1.85923
1233.673562	7.75390248	1.82484
1239.84193	7.76156636	1.78525
1246.072291	7.76010908	1.74301
1252.365586	7.74896977	1.70101
1258.722772	7.72836926	1.66222
1265.144827	7.6993084	1.62946
1271.632749	7.66348475	1.6051
1278.187557	7.62313549	1.59089
1284.81029	7.58085289	1.58782
1291.50201	7.5393806	1.59606
1298.263801	7.50139875	1.61493
1305.096768	7.46929967	1.64295
1312.002042	7.44501278	1.67801
1318.980777	7.42985731	1.71747
1326.03415	7.42443052	1.75841
1333.163366	7.42856083	1.79783
1340.369654	7.44130864	1.8329
1347.654272	7.46102268	1.86118
1355.018503	7.48547691	1.88089
1362.463659	7.51205694	1.89102
1369.991083	7.53798304	1.89149
1377.602144	7.56056972	1.88315
1385.298246	7.5774939	1.86776
1393.08082	7.58702453	1.84777
1400.951333	7.58819738	1.82615
1408.911284	7.58094266	1.80608
1416.962206	7.56609875	1.7906
1425.105667	7.54532869	1.78231
1433.343272	7.52094605	1.78308
1441.676663	7.49569308	1.79391
1450.10752	7.47245908	1.81474
1458.637565	7.45396749	1.84451
1467.268556	7.44250721	1.88126
1476.002298	7.43969506	1.92232
1484.840635	7.44631798	1.96461
1493.785458	7.4622512	2.00491
1502.838703	7.48646857	2.04023
1512.002354	7.51715553	2.06809
1521.278442	7.55189371	2.08678
1530.669049	7.58790463	2.09552
1540.176311	7.62234022	2.09457
1549.802413	7.65258099	2.08517
1559.549597	7.67650505	2.06943
1569.420165	7.69272276	2.05011
1579.416471	7.70071893	2.03029
1589.540936	7.70091335	2.01308
1599.796039	7.69460537	2.0012
1610.184325	7.68380813	1.99673
1620.708405	7.67102389	2.00086
1631.370961	7.65893478	2.01373
1642.174742	7.65006746	2.03445
1653.122573	7.64649734	2.06124
1664.217356	7.64959466	2.09163
1675.462068	7.65985697	2.12282
1686.859769	7.67687254	2.15205
1698.413603	7.6993936	2.17695
1710.1268	7.72551629	2.19586
1722.002681	7.75296913	2.20807
1734.044657	7.77942243	2.21383
1746.256239	7.80282181	2.2144
1758.641035	7.82166948	2.21174
1771.202757	7.83522299	2.20834
1783.945223	7.84359298	2.20676
1796.872362	7.84771106	2.20936
1809.988219	7.84918658	2.21789
1823.296956	7.85005961	2.23333
1836.802859	7.85251842	2.25574
1850.510343	7.85857775	2.28428
1864.423955	7.86981431	2.31741
1878.548379	7.88717314	2.3531
1892.888443	7.91087222	2.38919
1907.449123	7.94042826	2.42369
1922.23555	7.9747843	2.45509
1937.253016	8.0125421	2.48257
1952.506976	8.05221918	2.50603
1968.003063	8.09250666	2.52609
1983.747088	8.13249461	2.5439
1999.745048	8.17180817	2.56091
2016.003138	8.21064937	2.57859
2032.527754	8.24974807	2.59819
2049.325504	8.29023256	2.62052
2066.403217	8.33344057	2.64584
2083.76795	8.38072728	2.67386
2101.427	8.4332942	2.7038
2119.387915	8.49208117	2.73456
2137.6585	8.55770875	2.76482
2156.246835	8.63048471	2.79325
2175.161281	8.71047434	2.81858
2194.410496	8.79757856	2.83965
2214.003446	8.89159784	2.85537
2233.949423	8.99229114	2.86472
2254.258055	9.0993734	2.86657
2274.939321	9.21245392	2.85968
2296.003574	9.33096824	2.84264
2317.461551	9.45405799	2.81386
2339.324396	9.58048644	2.77173
2361.603676	9.70856595	2.71465
2384.311404	9.83612326	2.6413
2407.460058	9.96056694	2.55081
2431.062608	10.07898436	2.4429
2455.132535	10.18829764	2.31805
2479.68386	10.28545299	2.17753
2504.731172	10.36761078	2.02344
2530.289653	10.43217785	1.85859
2556.375113	10.47968156	1.69E+00
2583.004021	10.50757025	1.51E+00
2610.193537	10.51156443	1.33E+00
2637.961553	10.49504973	1.16E+00
2666.326731	10.46255841	9.99E-01
2695.308543	10.41511636	8.46E-01
2724.927319	10.35371017	7.05E-01
2755.204289	10.28083215	5.78E-01
2786.16164	10.19968837	4.67E-01
2817.822568	10.11330744	3.71E-01
2850.211333	10.02411645	2.90E-01
2883.353326	9.93453622	2.23E-01
2917.275129	9.84614035	1.68E-01
2952.004595	9.76053576	1.25E-01
2987.570916	9.67890205	9.09E-02
3024.004707	9.60172142	6.51E-02
3061.338099	9.52954487	4.58E-02
3099.604825	9.46248473	3.17E-02
3138.840329	9.40042873	2.15E-02
3179.081872	9.34309207	1.43E-02
3220.368649	9.29017241	9.37E-03
3262.741921	9.24130817	6.02E-03
3306.245147	9.19609914	3.80E-03
3350.924135	9.15416492	2.35E-03
3396.827205	9.11514972	1.43E-03
3444.005361	9.07873781	8.63E-04
3492.512479	9.04464519	5.18E-04
3542.405514	9.01262038	3.15E-04
3593.744725	8.98244846	2.04E-04
3646.593912	8.95394533	1.50E-04
3701.020687	8.92695223	1.32E-04
3757.096758	8.90133288	1.38E-04
3814.898246	8.87697068	1.62E-04
3874.506031	8.85376485	1.99E-04
3936.006127	8.83162787	2.48E-04
3999.490097	8.81048418	3.08E-04
4065.055508	8.79026666	3.76E-04
4132.806433	8.77091619	4.53E-04
4202.854	8.75238063	5.36E-04
4275.317	8.73461257	6.23E-04
4350.322561	8.71756887	7.11E-04
4428.006893	8.70121031	7.98E-04
4508.516109	8.68550057	8.80E-04
4592.007148	8.67040586	9.55E-04
4678.648792	8.65589513	1.02E-03
4768.622808	8.64193752	1.07E-03
4862.125216	8.62850644	1.11E-03
4959.36772	8.61557632	1.13E-03
5060.579306	8.60311824	1.13E-03
5166.008042	8.59110974	1.12E-03
5275.923106	8.57953431	1.10E-03
5390.617087	8.56836961	1.06E-03
5510.408578	8.55759898	1.02E-03
5635.645136	8.54720813	9.65E-04
5766.706651	8.53717941	9.06E-04
5904.00919	8.52750111	8.44E-04
6048.009415	8.51816179	7.81E-04
6199.20965	8.50915041	7.17E-04
6358.163744	8.500457	6.55E-04
6525.483842	8.49207293	5.95E-04
6701.84827	8.4839894	5.37E-04
6888.010722	8.47619823	4.82E-04
7084.811029	8.46869188	4.30E-04
7293.187824	8.4614636	3.82E-04
7514.193515	8.45450641	3.36E-04
7749.012063	8.44781367	2.94E-04
7998.980194	8.44137965	2.55E-04
8265.612867	8.43519834	2.19E-04
8550.634	8.42926458	1.87E-04
8856.013786	8.4235736	1.58E-04
9184.014296	8.41812046	1.32E-04
9537.245615	8.41290064	1.09E-04
9918.73544	8.40790986	8.88E-05
10332.01608	8.40314431	7.18E-05
10781.23417	8.39860039	5.73E-05
11271.29027	8.39427452	4.52E-05
11808.01838	8.39016343	3.53E-05
12398.4193	8.38626399	2.72E-05
13050.96768	8.38257311	2.06E-05
13776.02144	8.37908801	1.55E-05
14586.37565	8.37580605	1.15E-05
15498.02413	8.3727247	8.41E-06
16531.22573	8.36984159	6.07E-06
17712.02757	8.36715452	4.33E-06
19074.49123	8.36466145	3.04E-06
20664.03217	8.36236047	2.11E-06
22542.58055	8.36024985	1.45E-06
24796.8386	8.35832797	9.76E-07
27552.04289	8.35659341	6.51E-07
30996.04825	8.35504486	4.28E-07
35424.05514	8.35368116	2.77E-07
41328.06433	8.35250131	1.77E-07
49593.6772	8.35150443	1.12E-07
61992.0965	8.3506898	6.93E-08
82656.12867	8.35005681	4.25E-08
123984.193	8.349605	2.56E-08
247968.386	8.34933405	1.52E-08
123984193	8.34924376	8.94E-09
