123.984317	-1.75456486	0.66883
124.0463402	-1.54600413	0.67088
124.1084255	-1.44326647	0.67312
124.170573	-1.37561297	0.67553
124.2327828	-1.32535832	0.67804
124.2950549	-1.28544299	0.6806
124.3573895	-1.25235412	0.68316
124.4197867	-1.2240977	0.6857
124.4822465	-1.19944121	0.68819
124.544769	-1.17757226	0.69064
124.6073544	-1.15791825	0.69306
124.6700027	-1.14005663	0.69547
124.732714	-1.12365746	0.69789
124.7954885	-1.10845313	0.70033
124.8583261	-1.09422051	0.70279
124.9212271	-1.08077268	0.70525
124.9841915	-1.0679534	0.70768
125.0472194	-1.05563366	0.71003
125.1103109	-1.04371768	0.71223
125.1734661	-1.03214342	0.71421
125.2366851	-1.02087138	0.71591
125.299968	-1.00989044	0.71725
125.3633148	-0.99921763	0.71818
125.4267258	-0.98888709	0.71866
125.4902009	-0.9789427	0.71868
125.5537403	-0.96943824	0.71823
125.6173441	-0.96043463	0.71734
125.6810123	-0.95197982	0.71607
125.7447452	-0.94410904	0.71448
125.8085427	-0.93684532	0.71265
125.8724049	-0.93019685	0.71066
125.9363321	-0.92415041	0.70861
126.0003242	-0.91866957	0.70658
126.0643814	-0.91370433	0.70464
126.1285037	-0.90918916	0.70285
126.1926913	-0.90504851	0.70124
126.2569443	-0.90121279	0.69981
126.3212627	-0.8976107	0.69857
126.3856467	-0.89417285	0.69748
126.4500963	-0.89085394	0.69648
126.5146117	-0.88763165	0.69551
126.579193	-0.88450241	0.69451
126.6438403	-0.88148357	0.69342
126.7085536	-0.87860862	0.6922
126.7733331	-0.87592832	0.69081
126.8381789	-0.87350573	0.68925
126.903091	-0.87140435	0.68754
126.9680696	-0.86967645	0.68574
127.0331148	-0.86835977	0.68391
127.0982267	-0.86747603	0.68214
127.1634053	-0.86701716	0.68053
127.2286508	-0.86695437	0.67916
127.2939633	-0.86723264	0.67813
127.3593429	-0.8677759	0.67749
127.4247897	-0.86849852	0.67729
127.4903038	-0.86929965	0.67755
127.5558853	-0.87008645	0.67824
127.6215344	-0.87076666	0.67935
127.687251	-0.8712615	0.68079
127.7530353	-0.87151775	0.6825
127.8188874	-0.87148905	0.6844
127.8848075	-0.87115063	0.68639
127.9507956	-0.8705069	0.68837
128.0168519	-0.8695772	0.69027
128.0829763	-0.86839177	0.69201
128.1491691	-0.86699431	0.69353
128.2154304	-0.86544024	0.69477
128.2817603	-0.86379917	0.69569
128.3481587	-0.86214256	0.69628
128.414626	-0.86053713	0.69654
128.4811622	-0.85905545	0.69647
128.5477673	-0.85776331	0.69612
128.6144415	-0.85671219	0.69553
128.6811849	-0.85594707	0.69476
128.7479977	-0.85549322	0.69389
128.8148798	-0.85535706	0.69299
128.8818315	-0.8555269	0.69214
128.9488528	-0.85597524	0.6914
129.0159438	-0.85665641	0.69084
129.0831047	-0.85751102	0.69049
129.1503356	-0.85847149	0.69038
129.2176365	-0.85947145	0.69049
129.2850076	-0.86044982	0.69081
129.352449	-0.86134978	0.69129
129.4199608	-0.86213123	0.69187
129.4875431	-0.86277548	0.69247
129.555196	-0.86328543	0.69302
129.6229196	-0.86367946	0.69345
129.6907141	-0.86399553	0.69369
129.7585795	-0.8642954	0.69368
129.826516	-0.86465257	0.6934
129.8945237	-0.86513645	0.69285
129.9626027	-0.8658269	0.69202
130.030753	-0.86680017	0.69097
130.0989749	-0.86811501	0.68975
130.1672684	-0.86981869	0.68844
130.2356337	-0.87193499	0.68713
130.3040707	-0.87447181	0.6859
130.3725798	-0.87741815	0.68485
130.4411609	-0.88073531	0.68407
130.5098142	-0.88437183	0.68362
130.5785398	-0.88826101	0.68357
130.6473379	-0.89232806	0.68394
130.7162085	-0.89649534	0.68476
130.7851517	-0.90067947	0.68602
130.8541677	-0.90481388	0.68768
130.9232565	-0.9088381	0.68972
130.9924184	-0.91270318	0.69207
131.0616533	-0.91638078	0.69468
131.1309615	-0.91985289	0.69749
131.2003431	-0.92311883	0.70044
131.2697981	-0.92618718	0.70349
131.3393266	-0.9290778	0.70659
131.4089289	-0.93181399	0.70973
131.478605	-0.93441359	0.71289
131.548355	-0.93690387	0.71605
131.618179	-0.93930716	0.71923
131.6880772	-0.94163066	0.72244
131.7580497	-0.94388192	0.72568
131.8280966	-0.94606448	0.72897
131.898218	-0.94817413	0.73232
131.968414	-0.95019872	0.73575
132.0386848	-0.95212177	0.73926
132.1090305	-0.95391789	0.74287
132.1794512	-0.95555775	0.74656
132.2499469	-0.95701151	0.75033
132.320518	-0.95824489	0.75415
132.3911643	-0.95922544	0.75799
132.4618862	-0.95992784	0.76179
132.5326836	-0.96033346	0.7655
132.6035568	-0.96043677	0.76903
132.6745058	-0.96025526	0.7723
132.7455308	-0.95981931	0.77523
132.8166318	-0.95918502	0.77772
132.8878091	-0.95843572	0.7797
132.9590627	-0.9576666	0.78112
133.0303927	-0.9569924	0.78193
133.1017994	-0.95654149	0.78213
133.1732827	-0.95645044	0.78173
133.2448428	-0.9568496	0.78081
133.3164799	-0.95786099	0.77944
133.3881941	-0.95958888	0.77777
133.4599854	-0.96210565	0.77594
133.5318541	-0.96546343	0.77412
133.6038002	-0.96966895	0.77252
133.6758239	-0.97468502	0.77132
133.7479253	-0.98043754	0.77071
133.8201045	-0.98681276	0.77085
133.8923617	-0.99366356	0.77188
133.9646969	-1.00081187	0.7739
134.0371103	-1.00806043	0.77696
134.1096021	-1.01520359	0.78106
134.1821723	-1.02204045	0.78614
134.2548211	-1.02839571	0.79208
134.3275486	-1.0341218	0.79874
134.4003549	-1.03911619	0.80591
134.4732402	-1.04332606	0.8134
134.5462046	-1.04674849	0.82098
134.6192482	-1.04944095	0.82845
134.6923712	-1.05150696	0.83564
134.7655737	-1.05307769	0.84244
134.8388557	-1.05430701	0.84876
134.9122175	-1.05536068	0.85459
134.9856592	-1.05639006	0.85997
135.0591809	-1.05751833	0.86499
135.1327827	-1.05884164	0.86975
135.2064648	-1.06040566	0.87442
135.2802273	-1.06221495	0.8791
135.3540703	-1.06424747	0.88393
135.4279939	-1.06644107	0.88901
135.5019984	-1.06871222	0.89441
135.5760837	-1.07097378	0.90015
135.6502502	-1.07314264	0.90624
135.7244978	-1.0751384	0.91266
135.7988267	-1.07689825	0.91936
135.8732371	-1.07838168	0.92629
135.9477291	-1.07955225	0.93342
136.0223028	-1.08038742	0.94068
136.0969584	-1.0808719	0.94805
136.171696	-1.08099313	0.95547
136.2465157	-1.08074301	0.96292
136.3214176	-1.080104	0.97036
136.396402	-1.07906869	0.97773
136.4714689	-1.07763378	0.98499
136.5466184	-1.07580046	0.99207
136.6218508	-1.07358675	0.9989
136.6971661	-1.07103307	1.0054
136.7725646	-1.06819042	1.01153
136.8480462	-1.06511707	1.01723
136.9236112	-1.0618974	1.02245
136.9992597	-1.05861971	1.0272
137.0749918	-1.05536212	1.03149
137.1508077	-1.05220617	1.03534
137.2267075	-1.04922553	1.03881
137.3026914	-1.04648212	1.04196
137.3787594	-1.04401103	1.0449
137.4549118	-1.04182755	1.04769
137.5311487	-1.03994312	1.05042
137.6074702	-1.03833646	1.0532
137.6838764	-1.03696699	1.05609
137.7603675	-1.03578835	1.05916
137.8369437	-1.03473755	1.06247
137.913605	-1.03373298	1.06607
137.9903517	-1.03268364	1.06997
138.0671838	-1.03150205	1.07416
138.1441016	-1.03009969	1.07862
138.221105	-1.02838743	1.0833
138.2981944	-1.02629278	1.08811
138.3753698	-1.02376109	1.09296
138.4526314	-1.02076246	1.09772
138.5299794	-1.01729164	1.10228
138.6074138	-1.01337422	1.10649
138.6849348	-1.00906839	1.11024
138.7625425	-1.00446458	1.1134
138.8402372	-0.99967571	1.11591
138.918019	-0.99483424	1.11769
138.9958879	-0.99008979	1.11874
139.0738442	-0.98558598	1.11908
139.1518879	-0.98147034	1.11876
139.2300193	-0.97786738	1.11791
139.3082385	-0.97486361	1.11666
139.3865457	-0.97252612	1.11515
139.4649409	-0.97087691	1.11358
139.5434244	-0.96989327	1.1121
139.6219962	-0.96951904	1.11088
139.7006566	-0.96965854	1.11005
139.7794056	-0.97019073	1.10971
139.8582435	-0.97098081	1.10991
139.9371704	-0.97189657	1.11066
140.0161864	-0.97280761	1.11195
140.0952916	-0.97359899	1.11371
140.1744863	-0.97418424	1.11586
140.2537706	-0.97450311	1.1183
140.3331447	-0.97453124	1.12092
140.4126086	-0.97426278	1.12365
140.4921626	-0.97371174	1.12639
140.5718068	-0.97291194	1.12909
140.6515413	-0.97190388	1.1317
140.7313663	-0.97072986	1.13421
140.811282	-0.96941936	1.13662
140.8912885	-0.96800025	1.13892
140.971386	-0.96649526	1.14113
141.0515746	-0.96490937	1.14327
141.1318544	-0.96324196	1.14534
141.2122258	-0.96148922	1.14735
141.2926887	-0.95963842	1.1493
141.3732433	-0.95768553	1.15116
141.4538899	-0.95563033	1.15293
141.5346285	-0.95347454	1.15458
141.6154593	-0.95122731	1.1561
141.6963825	-0.94890024	1.15747
141.7773983	-0.94651114	1.15868
141.8585067	-0.944077	1.15973
141.939708	-0.94161423	1.16062
142.0210023	-0.93913126	1.16137
142.1023898	-0.93663036	1.16198
142.1838706	-0.93411358	1.16246
142.2654449	-0.93157619	1.16282
142.3471129	-0.92900387	1.16307
142.4288747	-0.92637718	1.1632
142.5107305	-0.92367872	1.16319
142.5926804	-0.92090165	1.163
142.6747246	-0.91804225	1.16261
142.7568633	-0.91510577	1.16196
142.8390966	-0.91211452	1.16101
142.9214247	-0.9091019	1.15971
143.0038478	-0.90611743	1.15802
143.0863659	-0.90322414	1.15591
143.1689794	-0.9004955	1.15337
143.2516883	-0.89801067	1.15041
143.3344929	-0.89584681	1.14707
143.4173932	-0.89407204	1.14341
143.5003895	-0.89273611	1.13952
143.5834819	-0.89186883	1.13549
143.6666705	-0.89147241	1.13144
143.7499557	-0.89151765	1.12747
143.8333374	-0.89194853	1.12368
143.9168159	-0.89268358	1.12014
144.0003914	-0.89361956	1.1169
144.084064	-0.89465321	1.11394
144.1678339	-0.89568218	1.11125
144.2517013	-0.89661892	1.10873
144.3356663	-0.89741001	1.10629
144.4197291	-0.89802846	1.10381
144.5038899	-0.89848191	1.10117
144.5881488	-0.89881925	1.09824
144.672506	-0.89912042	1.09494
144.7569618	-0.89948398	1.0912
144.8415162	-0.90002751	1.08699
144.9261694	-0.90086803	1.08233
145.0109217	-0.90210668	1.07727
145.0957731	-0.90383929	1.07186
145.1807239	-0.90613896	1.06622
145.2657742	-0.90904239	1.06045
145.3509242	-0.91257516	1.05464
145.4361741	-0.91674146	1.04891
145.5215241	-0.92152322	1.04335
145.6069743	-0.92688514	1.03806
145.6925249	-0.93278156	1.0331
145.7781761	-0.93916392	1.02854
145.8639281	-0.94597044	1.02444
145.949781	-0.95313308	1.02084
146.035735	-0.96057519	1.01778
146.1217904	-0.96821986	1.01526
146.2079472	-0.97599214	1.01329
146.2942057	-0.98381514	1.01185
146.380566	-0.99161579	1.01091
146.4670283	-0.99934384	1.01039
146.5535929	-1.00696724	1.01025
146.6402598	-1.01446813	1.01041
146.7270293	-1.0218497	1.01082
146.8139015	-1.02913026	1.01142
146.9008767	-1.03634408	1.01218
146.9879549	-1.0435285	1.01309
147.0751365	-1.05071917	1.01416
147.1624216	-1.05794397	1.01542
147.2498103	-1.06521352	1.01692
147.3373028	-1.07252482	1.0187
147.4248994	-1.07985268	1.02083
147.5126003	-1.08715164	1.02334
147.6004055	-1.09437021	1.02626
147.6883153	-1.10144369	1.02961
147.7763299	-1.10830287	1.03338
147.8644495	-1.11488087	1.03755
147.9526742	-1.12111562	1.04208
148.0410042	-1.12694769	1.04693
148.1294398	-1.13232399	1.05203
148.2179811	-1.13721028	1.0573
148.3066284	-1.14157701	1.06268
148.3953817	-1.14539617	1.06808
148.4842413	-1.14866816	1.07338
148.5732074	-1.15140385	1.07851
148.6622802	-1.1536271	1.08334
148.7514598	-1.15539909	1.08776
148.8407465	-1.15679513	1.09169
148.9301405	-1.15791159	1.09503
149.0196419	-1.15887967	1.09771
149.1092509	-1.15984182	1.09972
149.1989677	-1.16094034	1.10107
149.2887926	-1.16231979	1.10181
149.3787258	-1.16410558	1.10205
149.4687673	-1.16639934	1.10191
149.5589174	-1.16926052	1.10158
149.6491764	-1.17269976	1.10122
149.7395444	-1.17668866	1.10101
149.8300215	-1.18115037	1.10111
149.9206081	-1.18596695	1.10165
150.0113043	-1.19098966	1.10271
150.1021103	-1.19606589	1.1043
150.1930263	-1.20103973	1.10642
150.2840525	-1.20576451	1.10898
150.3751891	-1.21013218	1.11186
150.4664362	-1.21406501	1.11493
150.5577942	-1.21751735	1.11803
150.6492632	-1.22049265	1.12098
150.7408435	-1.22303785	1.12363
150.8325351	-1.22523392	1.12584
150.9243383	-1.22718175	1.12752
151.0162534	-1.22900335	1.12857
151.1082804	-1.23084185	1.12895
151.2004198	-1.23284138	1.12865
151.2926715	-1.23514624	1.12769
151.3850359	-1.23789095	1.12613
151.4775131	-1.2412002	1.12404
151.5701034	-1.2451867	1.12153
151.6628069	-1.24994137	1.11873
151.7556239	-1.25553292	1.11579
151.8485546	-1.26199602	1.11289
151.9415992	-1.26933021	1.1102
152.0347579	-1.27750241	1.1079
152.1280308	-1.28644061	1.10616
152.2214183	-1.29604251	1.10512
152.3149205	-1.30618258	1.1049
152.4085377	-1.3167136	1.10559
152.50227	-1.32747526	1.10724
152.5961177	-1.33830524	1.10986
152.6900809	-1.34905182	1.11342
152.7841599	-1.35957206	1.11788
152.878355	-1.36974019	1.12315
152.9726662	-1.37945591	1.12914
153.0670939	-1.38863607	1.13575
153.1616382	-1.39721065	1.14288
153.2562995	-1.40512548	1.15041
153.3510777	-1.41234705	1.15822
153.4459733	-1.41885854	1.16619
153.5409864	-1.42465818	1.1742
153.6361173	-1.429766	1.18212
153.7313661	-1.43421418	1.18985
153.826733	-1.43805797	1.19725
153.9222184	-1.44138052	1.20423
154.0178224	-1.4442742	1.21071
154.1135452	-1.44684361	1.21663
154.2093871	-1.44920444	1.22195
154.3053482	-1.45147446	1.22667
154.4014289	-1.45375784	1.23082
154.4976293	-1.45614979	1.23443
154.5939496	-1.45873053	1.23757
154.6903901	-1.46156092	1.2403
154.786951	-1.46468411	1.2427
154.8836326	-1.46812755	1.24483
154.980435	-1.47190701	1.24676
155.0773584	-1.47602768	1.24854
155.1744032	-1.48048892	1.25022
155.2715695	-1.48529629	1.25182
155.3688576	-1.49045284	1.2534
155.4662677	-1.49595804	1.25498
155.5638	-1.50182193	1.2566
155.6614547	-1.50803875	1.25833
155.7592321	-1.51459565	1.2602
155.8571324	-1.52147913	1.26227
155.9551559	-1.52865659	1.2646
156.0533028	-1.53608388	1.26723
156.1515732	-1.54370665	1.2702
156.2499675	-1.5514635	1.27352
156.3484859	-1.55929999	1.27718
156.4471286	-1.56716615	1.28117
156.5458959	-1.57501508	1.28546
156.6447879	-1.58282212	1.28999
156.743805	-1.59058127	1.29473
156.8429473	-1.59828984	1.29965
156.9422151	-1.60596055	1.30471
157.0416087	-1.61361287	1.30991
157.1411282	-1.62126131	1.31525
157.2407739	-1.62891342	1.32075
157.3405461	-1.6365706	1.32642
157.440445	-1.64421819	1.3323
157.5404708	-1.65183421	1.33838
157.6406238	-1.65939345	1.34468
157.7409043	-1.66686981	1.35117
157.8413123	-1.67424509	1.35784
157.9418483	-1.68150653	1.36465
158.0425125	-1.68866059	1.37156
158.143305	-1.69572888	1.37854
158.2442262	-1.70274622	1.38557
158.3452763	-1.7097527	1.39266
158.4464555	-1.71678136	1.39984
158.5477641	-1.72386505	1.40714
158.6492024	-1.73101877	1.41465
158.7507705	-1.73823135	1.42244
158.8524687	-1.74546095	1.43062
158.9542974	-1.75262395	1.43927
159.0562566	-1.75961322	1.44844
159.1583468	-1.76630045	1.45816
159.2605681	-1.77253661	1.46842
159.3629208	-1.77816715	1.47915
159.4654051	-1.78305459	1.49022
159.5680213	-1.78708377	1.50147
159.6707697	-1.79018467	1.51266
159.7736505	-1.79234943	1.52355
159.8766639	-1.7936224	1.53389
159.9798103	-1.79411876	1.54341
160.0830898	-1.79402763	1.55189
160.1865028	-1.79359087	1.55917
160.2900495	-1.79308866	1.56516
160.3937301	-1.79281929	1.56986
160.497545	-1.79307295	1.57336
160.6014943	-1.79411962	1.57582
160.7055784	-1.79616564	1.57753
160.8097974	-1.7993417	1.57877
160.9141517	-1.80369691	1.5799
161.0186416	-1.80918376	1.58124
161.1232672	-1.81567483	1.58309
161.2280289	-1.822977	1.58567
161.3329269	-1.8308494	1.58914
161.4379615	-1.83903856	1.59353
161.543133	-1.84730596	1.59882
161.6484415	-1.85543802	1.6049
161.7538875	-1.86327346	1.6116
161.8594711	-1.87071874	1.61871
161.9651926	-1.87774563	1.62603
162.0710524	-1.88438045	1.63337
162.1770506	-1.89069851	1.64057
162.2831875	-1.89680646	1.64752
162.3894635	-1.90283241	1.65414
162.4958788	-1.90891318	1.66041
162.6024336	-1.91518047	1.66634
162.7091282	-1.9217624	1.67197
162.815963	-1.92876851	1.67739
162.9229381	-1.93629482	1.68268
163.030054	-1.94441869	1.68798
163.1373107	-1.95319848	1.69341
163.2447087	-1.96266539	1.69916
163.3522482	-1.97281027	1.7054
163.4599294	-1.98358594	1.71233
163.5677527	-1.99490686	1.72012
163.6757184	-2.00663956	1.72897
163.7838267	-2.01860416	1.73901
163.8920778	-2.03058595	1.75036
164.0004722	-2.04234068	1.76306
164.1090101	-2.05361601	1.7771
164.2176917	-2.06415445	1.79241
164.3265173	-2.0737263	1.80882
164.4354873	-2.08213857	1.82615
164.5446019	-2.08923533	1.84415
164.6538614	-2.09492114	1.86254
164.7632661	-2.0991551	1.88104
164.8728163	-2.10196176	1.89934
164.9825123	-2.10342183	1.91719
165.0923543	-2.10365778	1.93434
165.2023427	-2.10284214	1.95058
165.3124777	-2.10118073	1.96576
165.4227597	-2.09889138	1.97979
165.533189	-2.09620232	1.99261
165.6437657	-2.09334632	2.00423
165.7544903	-2.09053829	2.01472
165.865363	-2.08795983	2.0242
165.9763842	-2.08575775	2.03281
166.087554	-2.08403856	2.04073
166.1988729	-2.08285827	2.04815
166.3103411	-2.08222254	2.05526
166.421959	-2.0820898	2.06223
166.5337267	-2.08237886	2.0692
166.6456447	-2.0829758	2.07627
166.7577132	-2.08375704	2.08347
166.8699325	-2.08459724	2.09081
166.982303	-2.08537678	2.09823
167.0948249	-2.08601141	2.10562
167.2074986	-2.08644889	2.11287
167.3203243	-2.08667777	2.11982
167.4333024	-2.08673784	2.12633
167.5464332	-2.08670224	2.13228
167.6597169	-2.08668502	2.13755
167.773154	-2.08682184	2.1421
167.8867446	-2.08726491	2.14588
168.0004892	-2.08816936	2.14894
168.114388	-2.08967974	2.15132
168.2284413	-2.09192592	2.15314
168.3426495	-2.09500604	2.15452
168.4570128	-2.09899192	2.15561
168.5715317	-2.10391784	2.15657
168.6862064	-2.10979082	2.15754
168.8010372	-2.11659383	2.15867
168.9160244	-2.1242768	2.1601
169.0311684	-2.13277006	2.16193
169.1464695	-2.14199198	2.16425
169.261928	-2.1518557	2.16711
169.3775442	-2.16226954	2.17056
169.4933185	-2.17314258	2.1746
169.6092512	-2.18439735	2.17922
169.7253425	-2.19596748	2.18439
169.8415929	-2.20780609	2.19006
169.9580027	-2.21988627	2.19618
170.0745721	-2.23220866	2.20268
170.1913016	-2.24479923	2.20952
170.3081914	-2.25770318	2.21666
170.4252418	-2.27098589	2.22409
170.5424533	-2.28472963	2.23182
170.6598261	-2.29902095	2.23992
170.7773606	-2.31392866	2.2485
170.8950571	-2.32950429	2.25769
171.0129159	-2.34576568	2.26768
171.1309374	-2.36268576	2.27866
171.2491219	-2.38018777	2.29085
171.3674698	-2.39813835	2.30445
171.4859813	-2.4163487	2.31965
171.6046569	-2.43457478	2.33659
171.7234968	-2.45254433	2.35533
171.8425015	-2.4699609	2.3759
171.9616712	-2.48651881	2.39822
172.0810064	-2.50192505	2.42216
172.2005072	-2.51591516	2.44749
172.3201742	-2.52827545	2.47393
172.4400076	-2.53885941	2.50113
172.5600077	-2.54759892	2.52873
172.680175	-2.55449853	2.55636
172.8005098	-2.55965092	2.58364
172.9210124	-2.56322799	2.61026
173.0416832	-2.56545949	2.63596
173.1625226	-2.5666166	2.66057
173.2835308	-2.56698724	2.684
173.4047083	-2.56685602	2.70625
173.5260553	-2.56647447	2.72741
173.6475723	-2.56604416	2.74762
173.7692597	-2.56569928	2.76708
173.8911177	-2.56549319	2.78599
174.0131467	-2.56541789	2.80451
174.1353471	-2.5654118	2.82278
174.2577193	-2.56537247	2.84086
174.3802635	-2.56519206	2.85873
174.5029803	-2.56477548	2.87631
174.6258699	-2.56406897	2.89343
174.7489327	-2.56309156	2.90988
174.8721691	-2.56193625	2.92545
174.9955794	-2.56077488	2.93993
175.119164	-2.55985413	2.95317
175.2429233	-2.55947579	2.96509
175.3668577	-2.55997316	2.97571
175.4909674	-2.56168852	2.98514
175.615253	-2.56493599	2.99362
175.7397147	-2.56998246	3.00144
175.864353	-2.57702676	3.009
175.9891682	-2.58618388	3.01671
176.1141607	-2.59748337	3.02503
176.2393308	-2.61086143	3.0344
176.364679	-2.62618011	3.04523
176.4902057	-2.64322876	3.05791
176.6159111	-2.66172799	3.07277
176.7417958	-2.68135711	3.09006
176.86786	-2.70175463	3.11
176.9941042	-2.72253067	3.1327
177.1205287	-2.74328576	3.15822
177.247134	-2.76361305	3.18653
177.3739204	-2.7831305	3.2175
177.5008883	-2.80148625	3.25096
177.6280381	-2.81837047	3.28664
177.7553703	-2.83354294	3.32422
177.8828851	-2.84683318	3.36335
178.0105829	-2.85815275	3.40364
178.1384643	-2.86750435	3.44471
178.2665295	-2.8749729	3.48621
178.394779	-2.8807154	3.52784
178.5232131	-2.88494426	3.56937
178.6518324	-2.88792004	3.61063
178.780637	-2.88992696	3.65157
178.9096276	-2.89124243	3.69222
179.0388044	-2.8921301	3.73269
179.1681679	-2.89281752	3.77319
179.2977184	-2.89347371	3.814
179.4274565	-2.89419147	3.85547
179.5573824	-2.89498422	3.89797
179.6874966	-2.89576558	3.94194
179.8177996	-2.89633733	3.98779
179.9482917	-2.89639443	4.03593
180.0789732	-2.8955064	4.08673
180.2098448	-2.89313995	4.14044
180.3409067	-2.88866843	4.19724
180.4721593	-2.88138126	4.25714
180.6036032	-2.87052281	4.31998
180.7352387	-2.85533841	4.38538
180.8670662	-2.83511622	4.45278
180.9990861	-2.80922738	4.5214
181.131299	-2.77719571	4.59025
181.2637051	-2.73874352	4.65821
181.3963049	-2.69381616	4.72406
181.5290989	-2.64262748	4.78651
181.6620874	-2.58565874	4.84436
181.795271	-2.52363941	4.89649
181.9286499	-2.4575319	4.94198
182.0622248	-2.38846455	4.98018
182.1959959	-2.31766307	5.01072
182.3299637	-2.24638968	5.03353
182.4641287	-2.17585798	5.04887
182.5984913	-2.10716033	5.05725
182.7330519	-2.04122229	5.0594
182.867811	-1.97875803	5.05621
183.002769	-1.92024577	5.04865
183.1379263	-1.86593455	5.03768
183.2732835	-1.81587619	5.02419
183.4088408	-1.76995185	5.00898
183.5445989	-1.72791648	4.99268
183.680558	-1.68945752	4.97576
183.8167188	-1.6542448	4.95852
183.9530815	-1.62196887	4.94113
184.0896468	-1.59238656	4.92361
184.2264149	-1.56535094	4.90593
184.3633864	-1.54080805	4.88803
184.5005618	-1.51881008	4.86984
184.6379414	-1.4995026	4.85137
184.7755257	-1.4830963	4.83271
184.9133153	-1.46983037	4.81409
185.0513105	-1.45994043	4.79584
185.1895119	-1.45362187	4.77845
185.3279198	-1.4509745	4.76253
185.4665347	-1.45198984	4.74875
185.6053572	-1.45651139	4.7379
185.7443876	-1.46420685	4.73075
185.8836265	-1.47457367	4.72806
186.0230743	-1.48693323	4.73051
186.1627315	-1.50045281	4.73865
186.3025985	-1.51416005	4.75289
186.4426759	-1.5269697	4.77342
186.582964	-1.53774104	4.80018
186.7234634	-1.54532422	4.83287
186.8641746	-1.54860832	4.87092
187.005098	-1.54658135	4.9135
187.1462342	-1.53838533	4.95954
187.2875835	-1.52337831	5.00775
187.4291465	-1.50117096	5.05672
187.5709237	-1.4716467	5.10494
187.7129155	-1.43499785	5.15086
187.8551225	-1.39171948	5.19302
187.9975451	-1.34258793	5.23007
188.1401838	-1.28862809	5.26088
188.2830392	-1.23107473	5.28454
188.4261116	-1.17131321	5.30048
188.5694016	-1.11080073	5.30844
188.7129098	-1.05101862	5.30848
188.8566365	-0.99339207	5.30103
189.0005823	-0.93922203	5.2868
189.1447477	-0.88963768	5.26679
189.2891333	-0.84552447	5.24225
189.4337394	-0.80749246	5.21456
189.5785666	-0.77584961	5.18523
189.7236155	-0.75057955	5.15577
189.8688865	-0.73135483	5.12763
190.0143801	-0.71755546	5.10212
190.1600969	-0.70830997	5.08033
190.3060373	-0.70255599	5.06307
190.4522019	-0.6991201	5.05082
190.5985912	-0.69678948	5.04375
190.7452058	-0.69439702	5.04167
190.892046	-0.6909103	5.04411
191.0391125	-0.68547522	5.05039
191.1864058	-0.67745947	5.05965
191.3339264	-0.66648062	5.07096
191.4816749	-0.65240356	5.08339
191.6296517	-0.63530419	5.09612
191.7778574	-0.61541973	5.10845
191.9262925	-0.59310347	5.11985
192.0749575	-0.56876747	5.12997
192.2238531	-0.54281766	5.13865
192.3729796	-0.5156071	5.14585
192.5223378	-0.48741668	5.15162
192.671928	-0.45843964	5.15606
192.8217509	-0.42877955	5.15927
192.971807	-0.39847568	5.16129
193.1220968	-0.36753615	5.1621
193.2726208	-0.33596963	5.1616
193.4233798	-0.30381649	5.15963
193.574374	-0.27117918	5.15597
193.7256043	-0.23824672	5.15039
193.877071	-0.20529998	5.14269
194.0287747	-0.17269384	5.13276
194.180716	-0.14083484	5.12058
194.3328955	-0.11016154	5.10626
194.4853137	-0.08108797	5.09009
194.6379712	-0.05396191	5.07247
194.7908685	-0.02902724	5.05395
194.9440062	-0.0063841	5.03515
195.0973849	0.01403498	5.01675
195.2510051	0.03248542	4.99941
195.4048675	0.04939645	4.9837
195.5589725	0.06535252	4.97007
195.7133208	0.08105867	4.95877
195.8679129	0.097288	4.94983
196.0227494	0.1148129	4.94301
196.177831	0.13435078	4.93786
196.3331581	0.15649402	4.93365
196.4887314	0.1816382	4.92949
196.6445514	0.20995559	4.92437
196.8006187	0.24135804	4.91721
196.956934	0.27549018	4.90698
197.1134978	0.31174744	4.89275
197.2703107	0.34931181	4.87379
197.4273733	0.3872113	4.84961
197.5846862	0.42438431	4.82
197.74225	0.45975043	4.78504
197.9000653	0.49228444	4.7451
198.0581327	0.52108693	4.7008
198.2164528	0.54542043	4.65293
198.3750262	0.56475393	4.60246
198.5338535	0.57878258	4.55039
198.6929354	0.58741352	4.49774
198.8522724	0.59076281	4.44548
199.0118652	0.58912057	4.39446
199.1717143	0.58290334	4.34539
199.3318205	0.572621	4.29884
199.4921842	0.55882624	4.25519
199.6528062	0.54207626	4.2147
199.813687	0.52290029	4.17747
199.9748274	0.50176803	4.14352
200.1362278	0.47908992	4.11281
200.297889	0.45521255	4.08526
200.4598116	0.43042431	4.06079
200.6219962	0.40497424	4.03934
200.7844434	0.37910271	4.02089
200.9471539	0.35305334	4.00541
201.1101283	0.32708541	3.9929
201.2733673	0.30149424	3.98334
201.4368715	0.27659576	3.97665
201.6006416	0.25271598	3.97271
201.7646782	0.23018069	3.97132
201.928982	0.20928057	3.97219
202.0935535	0.19025789	3.97499
202.2583936	0.17328042	3.9793
202.4235027	0.1584229	3.98471
202.5888817	0.14568925	3.99083
202.7545311	0.13500469	3.99727
202.9204516	0.12623514	4.00374
203.0866439	0.11922117	4.01
203.2531086	0.11379521	4.01589
203.4198465	0.10981223	4.02131
203.5868581	0.10716043	4.02618
203.7541442	0.10575674	4.03042
203.9217055	0.10554418	4.03394
204.0895425	0.10647626	4.0366
204.2576561	0.10848809	4.03821
204.4260469	0.11147328	4.03854
204.5947155	0.1152616	4.03733
204.7636627	0.11959773	4.03432
204.9328891	0.1241506	4.02932
205.1023955	0.12852228	4.02219
205.2721826	0.13226498	4.01292
205.4422509	0.13492498	4.00163
205.6126013	0.13607669	3.98857
205.7832345	0.13537002	3.97413
205.9541511	0.13255634	3.95876
206.1253518	0.12750283	3.94298
206.2968374	0.12021418	3.92732
206.4686086	0.110818	3.91225
206.6406661	0.09954194	3.89817
206.8130105	0.08668579	3.88536
206.9856427	0.07257673	3.87397
207.1585633	0.0575291	3.86403
207.3317731	0.04182005	3.85548
207.5052728	0.02565292	3.84815
207.6790631	0.00913214	3.84185
207.8531448	-0.00772903	3.8364
208.0275185	-0.02498895	3.83168
208.2021851	-0.04276286	3.82762
208.3771452	-0.06119597	3.82427
208.5523996	-0.0804062	3.8218
208.727949	-0.10045857	3.82044
208.9037943	-0.12133303	3.82052
209.0799361	-0.1428924	3.82238
209.2563751	-0.16488162	3.82634
209.4331122	-0.1869357	3.83264
209.6101481	-0.20860575	3.8414
209.7874836	-0.22939816	3.85258
209.9651193	-0.2488196	3.86597
210.1430562	-0.26644511	3.88115
210.3212949	-0.28197084	3.89758
210.4998362	-0.29525244	3.91459
210.6786808	-0.30634505	3.93147
210.8578297	-0.31550763	3.94754
211.0372835	-0.32320511	3.9622
211.217043	-0.33006538	3.97507
211.3971089	-0.3368156	3.98598
211.5774822	-0.34422918	3.99503
211.7581635	-0.35303187	4.00263
211.9391537	-0.36382685	4.00942
212.1204536	-0.37703218	4.01628
212.3020639	-0.39280056	4.02426
212.4839854	-0.41099666	4.03443
212.666219	-0.43119025	4.04786
212.8487654	-0.45265614	4.06548
213.0316255	-0.47442441	4.08799
213.2148	-0.49534409	4.1158
213.3982898	-0.51415501	4.14898
213.5820957	-0.52958351	4.18721
213.7662186	-0.54043175	4.22982
213.9506591	-0.5456784	4.27576
214.1354182	-0.54455058	4.32375
214.3204967	-0.53658201	4.37226
214.5058953	-0.52166948	4.41967
214.6916151	-0.50008147	4.46435
214.8776566	-0.47244987	4.50478
215.0640209	-0.43972592	4.53965
215.2507088	-0.40313362	4.56791
215.437721	-0.36408761	4.5889
215.6250585	-0.32409581	4.60233
215.812722	-0.28466702	4.60833
216.0007125	-0.24721362	4.6074
216.1890308	-0.21296454	4.60039
216.3776778	-0.18289947	4.58839
216.5666543	-0.15771236	4.57267
216.7559611	-0.13778249	4.55459
216.9455992	-0.12317824	4.53549
217.1355694	-0.11369081	4.51661
217.3258726	-0.10888195	4.49903
217.5165097	-0.10813153	4.48364
217.7074815	-0.11071037	4.47107
217.8987889	-0.11583914	4.46176
218.0904329	-0.12272619	4.45593
218.2824142	-0.13062863	4.4536
218.4747339	-0.13886988	4.45469
218.6673927	-0.14684109	4.459
218.8603916	-0.15401917	4.46625
219.0537315	-0.15995709	4.47613
219.2474133	-0.16426364	4.4883
219.4414379	-0.16660377	4.50237
219.6358063	-0.16670455	4.51792
219.8305192	-0.16434098	4.53452
220.0255777	-0.15934642	4.55167
220.2209826	-0.15163093	4.56885
220.416735	-0.14119106	4.5855
220.6128356	-0.12811596	4.60107
220.8092855	-0.11259956	4.61499
221.0060856	-0.09494808	4.62675
221.2032368	-0.07555338	4.63592
221.40074	-0.05488958	4.64213
221.5985962	-0.03349238	4.64515
221.7968064	-0.01193051	4.64485
221.9953715	0.00922105	4.64125
222.1942925	0.02940888	4.63447
222.3935702	0.04811712	4.62475
222.5932057	0.06489587	4.61243
222.7932	0.07937083	4.59791
222.9935539	0.09124925	4.58165
223.1942686	0.10032007	4.56413
223.3953449	0.10645889	4.54587
223.5967838	0.10963379	4.52738
223.7985863	0.10988761	4.50914
224.0007534	0.1073263	4.49161
224.2032861	0.10212832	4.47524
224.4061854	0.09453626	4.46041
224.6094522	0.08483543	4.44745
224.8130876	0.0733502	4.43664
225.0170926	0.06043769	4.4282
225.2214682	0.04648073	4.42229
225.4262153	0.03187229	4.41899
225.6313351	0.01700632	4.41833
225.8368285	0.00227321	4.42027
226.0426965	-0.01195356	4.42471
226.2489402	-0.02531404	4.43151
226.4555606	-0.03747891	4.44044
226.6625588	-0.04815881	4.45125
226.8699357	-0.05710119	4.46363
227.0776924	-0.06411255	4.47722
227.28583	-0.06905252	4.49166
227.4943495	-0.07184376	4.50653
227.703252	-0.07248848	4.52142
227.9125384	-0.07106065	4.53593
228.12221	-0.06769744	4.5497
228.3322676	-0.06259949	4.56239
228.5427125	-0.05601509	4.57375
228.7535457	-0.04822395	4.58357
228.9647682	-0.03952121	4.59174
229.1763811	-0.03019607	4.5982
229.3883855	-0.02051677	4.60297
229.6007826	-0.01072419	4.60609
229.8135733	-0.00101996	4.60767
230.0267589	0.00844338	4.60781
230.2403403	0.01754716	4.60661
230.4543187	0.0261977	4.60415
230.6686952	0.03432624	4.60051
230.8834709	0.04187294	4.59571
231.098647	0.04876065	4.58975
231.3142245	0.05489307	4.58262
231.5302045	0.06014305	4.57429
231.7465883	0.06433872	4.56474
231.9633769	0.06727264	4.554
232.1805715	0.06871746	4.54215
232.3981732	0.0684351	4.52933
232.6161831	0.06619417	4.51576
232.8346025	0.06180148	4.50175
233.0534324	0.05512048	4.48766
233.2726741	0.0460905	4.47392
233.4923286	0.0347476	4.46098
233.7123972	0.02122973	4.44929
233.932881	0.00577747	4.43926
234.1537812	-0.01129063	4.43121
234.375099	-0.02959134	4.4254
234.5968356	-0.04869473	4.42196
234.8189921	-0.06817389	4.42089
235.0415697	-0.08761877	4.42212
235.2645698	-0.10665866	4.42545
235.4879933	-0.12499278	4.43062
235.7118417	-0.14238553	4.43733
235.936116	-0.1586826	4.44522
236.1608174	-0.17381229	4.45395
236.3859474	-0.18777204	4.46318
236.6115069	-0.20061783	4.47261
236.8374973	-0.21246429	4.48194
237.0639198	-0.22347744	4.49094
237.2907757	-0.23385752	4.49941
237.5180661	-0.24384777	4.50719
237.7457924	-0.25371425	4.51421
237.9739558	-0.26373865	4.52043
238.2025575	-0.27421795	4.5259
238.4315989	-0.28543396	4.53076
238.6610812	-0.29764364	4.53521
238.8910056	-0.31106218	4.53955
239.1213734	-0.32582809	4.54416
239.352186	-0.34198135	4.54947
239.5834446	-0.35945958	4.55592
239.8151505	-0.37807793	4.56398
240.047305	-0.39752137	4.57405
240.2799095	-0.4173687	4.58644
240.5129651	-0.43711646	4.60133
240.7464733	-0.45621089	4.61875
240.9804353	-0.47408874	4.63855
241.2148526	-0.49023372	4.66039
241.4497263	-0.50423066	4.68377
241.6850579	-0.51580746	4.70807
241.9208486	-0.52485286	4.73262
242.1570999	-0.53143605	4.75671
242.3938131	-0.53580326	4.77971
242.6309895	-0.53834408	4.80109
242.8686305	-0.53956107	4.82047
243.1067375	-0.54001779	4.83766
243.3453118	-0.54027932	4.85266
243.5843548	-0.5408603	4.86564
243.8238679	-0.54218814	4.8769
244.0638525	-0.54456849	4.88685
244.30431	-0.54817484	4.89592
244.5452417	-0.55305399	4.90455
244.7866491	-0.55913112	4.91313
245.0285337	-0.56624404	4.92195
245.2708967	-0.57418231	4.9312
245.5137396	-0.58271658	4.94097
245.7570639	-0.59162095	4.95126
246.000871	-0.6007089	4.96196
246.2451624	-0.60985024	4.97293
246.4899393	-0.61896679	4.98399
246.7352035	-0.62804101	4.99494
246.9809561	-0.63711084	5.00559
247.2271989	-0.64625991	5.01576
247.4739331	-0.65561655	5.02528
247.7211603	-0.66535378	5.034
247.9688819	-0.67568366	5.0418
248.2170995	-0.68687312	5.04856
248.4658146	-0.69923843	5.05425
248.7150285	-0.71313216	5.05888
248.9647429	-0.72894858	5.06255
249.2149592	-0.74709463	5.06549
249.465679	-0.76796107	5.06805
249.7169038	-0.79187592	5.07075
249.968635	-0.81906296	5.07421
250.2208743	-0.84960115	5.07918
250.4736232	-0.88338682	5.08644
250.7268832	-0.9201277	5.09676
250.9806558	-0.95934346	5.11083
251.2349427	-1.00038932	5.12919
251.4897454	-1.04251603	5.15215
251.7450655	-1.08492813	5.17981
252.0009045	-1.12686475	5.21198
252.257264	-1.16766825	5.2483
252.5141456	-1.20683506	5.28821
252.771551	-1.24406385	5.33108
253.0294817	-1.27925417	5.37628
253.2879393	-1.31248109	5.42327
253.5469255	-1.34395202	5.47164
253.8064418	-1.37394624	5.52117
254.0664899	-1.40274445	5.57182
254.3270714	-1.43056314	5.62372
254.5881881	-1.45750284	5.6771
254.8498414	-1.48353528	5.73221
255.1120332	-1.5085043	5.78928
255.3747649	-1.53215757	5.84842
255.6380384	-1.55418964	5.90963
255.9018553	-1.57430348	5.97272
256.1662173	-1.59227324	6.03739
256.431126	-1.60798428	6.10323
256.6965832	-1.621463	6.16981
256.9625906	-1.63287518	6.23673
257.2291499	-1.6425054	6.30369
257.4962627	-1.65072023	6.37052
257.7639309	-1.65792773	6.43721
258.0321562	-1.66451643	6.50394
258.3009402	-1.67080036	6.57103
258.5702848	-1.67699424	6.6389
258.8401917	-1.68319305	6.70805
259.1106627	-1.68935161	6.77902
259.3816995	-1.69529069	6.85232
259.653304	-1.70071548	6.92842
259.9254778	-1.70522299	7.00773
260.1982229	-1.70833013	7.09055
260.4715409	-1.70948568	7.17712
260.7454337	-1.70808123	7.26755
261.0199032	-1.70348237	7.36184
261.2949511	-1.69503452	7.45989
261.5705793	-1.6820889	7.56145
261.8467895	-1.66402778	7.66617
262.1235838	-1.64028406	7.77357
262.4009638	-1.61036035	7.88309
262.6789315	-1.57384702	7.99407
262.9574888	-1.53042383	8.10583
263.2366374	-1.47986304	8.21762
263.5163794	-1.42204218	8.32869
263.7967166	-1.35691574	8.43832
264.0776509	-1.28452661	8.54575
264.3591841	-1.20508073	8.65021
264.6413183	-1.11921333	8.75093
264.9240554	-1.03061147	8.84709
265.2068299	-0.91108839	8.93786
265.4907773	-0.80930386	9.02237
265.7753333	-0.69752521	9.09978
266.0605	-0.57988422	9.16931
266.3462793	-0.45771564	9.23027
266.6326731	-0.33210591	9.28214
266.9196835	-0.20411726	9.32458
267.2073125	-0.07478948	9.35746
267.495562	0.05488567	9.3808
267.7844341	0.18399972	9.39479
268.0739308	0.3117584	9.39969
268.3640541	0.43746932	9.39577
268.6548061	0.56050825	9.38325
268.9461887	0.68026574	9.36227
269.2382041	0.79608147	9.33288
269.5308543	0.90717176	9.29507
269.8241415	1.0125754	9.24886
270.1180675	1.11114442	9.19442
270.4126347	1.20156535	9.13216
270.707845	1.28242216	9.06287
271.0037005	1.35231704	8.98781
271.3002035	1.41001069	8.90873
271.597356	1.45459148	8.82789
271.8951601	1.48562973	8.74791
272.193618	1.50328888	8.67165
272.4927319	1.50841093	8.60201
272.7925039	1.50251712	8.54166
273.0929361	1.48774675	8.49286
273.3940309	1.4667309	8.45721
273.6957903	1.44240614	8.43554
273.9982166	1.41779602	8.4278
274.3013119	1.39578125	8.4331
274.6050786	1.37888307	8.44976
274.9095188	1.36908386	8.4755
275.2146349	1.3676884	8.50759
275.5204289	1.37525778	8.54316
275.8269032	1.39161702	8.57938
276.1340601	1.41590305	8.61371
276.4419019	1.44668519	8.6441
276.7504308	1.48212754	8.66913
277.0596492	1.5201794	8.6881
277.3695593	1.55877376	8.70104
277.6801635	1.59602112	8.70868
277.9914641	1.6303832	8.71234
278.3034635	1.66081947	8.7138
278.616164	1.68687815	8.71507
278.9295681	1.70872108	8.7182
279.2436779	1.72710818	8.72508
279.5584961	1.74332182	8.73723
279.8740248	1.75903927	8.75565
280.1902667	1.77616764	8.7807
280.507224	1.79665451	8.81206
280.8248992	1.82230776	8.84876
281.1432948	1.85461532	8.88922
281.4624132	1.89459428	8.93142
281.7822568	1.94269488	8.97306
282.1028282	1.99875383	9.01177
282.4241298	2.06200464	9.0453
282.7461642	2.13112944	9.0717
283.0689338	2.20436257	9.0895
283.3924411	2.27965062	9.09784
283.7166888	2.35480742	9.09647
284.0416793	2.4276843	9.08583
284.3674151	2.4963394	9.06694
284.693899	2.55916931	9.04134
285.0211333	2.61501814	9.01094
285.3491208	2.66325031	8.97789
285.6778641	2.70376754	8.94437
286.0073656	2.73700422	8.91251
286.3376282	2.76387735	8.88415
286.6686543	2.78569891	8.8608
287.0004468	2.80408218	8.84349
287.3330081	2.82080455	8.83272
287.6663411	2.83768447	8.82846
288.0004483	2.85644845	8.83012
288.3353326	2.87859588	8.83662
288.6709965	2.90528433	8.84646
289.0074429	2.93723703	8.85785
289.3446744	2.97468913	8.86885
289.6826939	3.01736032	8.87751
290.0215041	3.06448372	8.88207
290.3611077	3.1148665	8.88105
290.7015076	3.16698954	8.87343
291.0427066	3.21914127	8.85868
291.3847074	3.26955217	8.83682
291.7275129	3.31655324	8.80841
292.071126	3.35869622	8.77443
292.4155495	3.39484462	8.73622
292.7607863	3.42423738	8.69532
293.1068392	3.44649573	8.65334
293.4537112	3.46160078	8.61185
293.8014052	3.46985339	8.57229
294.1499241	3.47178796	8.53585
294.4992708	3.46808481	8.50351
294.8494483	3.45952347	8.47604
295.2004595	3.44691466	8.45397
295.5523075	3.4310541	8.43769
295.9049952	3.41271744	8.42747
296.2585257	3.39264808	8.42348
296.6129019	3.37156941	8.42585
296.9681269	3.35020078	8.43464
297.3242038	3.32925737	8.44985
297.6811357	3.30945957	8.47142
298.0389255	3.29152497	8.49919
298.3975764	3.27615617	8.53292
298.7570916	3.26402718	8.57226
299.1174741	3.2557643	8.61677
299.4787271	3.25192918	8.66591
299.8408537	3.25299789	8.71906
300.2038571	3.25934864	8.77554
300.5677406	3.2712548	8.83463
300.9325073	3.28887486	8.89558
301.2981604	3.31225714	8.95766
301.6647032	3.34133353	9.02013
302.0321389	3.37592565	9.08233
302.4004707	3.41575613	9.14364
302.7697021	3.46045919	9.20356
303.1398362	3.50961248	9.2617
303.5108764	3.56275812	9.3178
303.882826	3.61943881	9.37175
304.2556883	3.67923076	9.42357
304.6294668	3.7417925	9.47344
305.0041648	3.80689483	9.5216
305.3797857	3.87444383	9.56838
305.7563329	3.94449887	9.61409
306.1338099	4.01727594	9.65902
306.51222	4.09311969	9.7033
306.8915668	4.17247596	9.74696
307.2718538	4.25584332	9.78977
307.6530844	4.34370833	9.83133
308.0352621	4.43648913	9.87098
308.4183905	4.5344596	9.90788
308.8024732	4.63769958	9.94103
309.1875137	4.74605135	9.96935
309.5735156	4.85909189	9.99174
309.9604825	4.97613308	10.0072
310.348418	5.09625211	10.0149
310.7373258	5.2183649	10.0143
311.1272095	5.34129464	10.0051
311.5180729	5.46379551	9.98728
311.9099195	5.58471537	9.96132
312.3027531	5.70310297	9.92784
312.6965776	5.8182156	9.88768
313.0913965	5.92958504	9.84178
313.4872137	6.03701757	9.79104
313.8840329	6.14055606	9.73623
314.281858	6.24039876	9.67787
314.6806929	6.33681436	9.61625
315.0805413	6.43002944	9.55133
315.4814071	6.52012701	9.48289
315.8832943	6.60697004	9.41052
316.2862066	6.69015429	9.33383
316.6901481	6.76901496	9.25251
317.0951228	6.84267377	9.16652
317.5011344	6.9101257	9.07612
317.9081872	6.97034431	8.98198
318.316285	7.02242351	8.88517
318.7254319	7.06568684	8.78708
319.1356319	7.09978244	8.68937
319.5468892	7.12475509	8.59382
319.9592077	7.14104902	8.50217
320.3725917	7.14949471	8.41605
320.7870453	7.15125279	8.33679
321.2025725	7.14771193	8.26538
321.6191777	7.14039049	8.20242
322.0368649	7.13084397	8.14814
322.4556385	7.12056625	8.10238
322.8755026	7.11091706	8.06471
323.2964615	7.10307192	8.03444
323.7185196	7.09800214	8.01077
324.141681	7.09648061	7.99279
324.5659503	7.0990903	7.97958
324.9913316	7.10626151	7.97023
325.4178294	7.11829037	7.96384
325.8454481	7.13537201	7.95957
326.2741921	7.15762581	7.95658
326.7040659	7.18508443	7.95402
327.1350739	7.21769425	7.95105
327.5672206	7.25530535	7.9468
328.0005106	7.29763721	7.94038
328.4349483	7.34426875	7.93094
328.8705385	7.39462343	7.91765
329.3072855	7.4479497	7.89978
329.7451941	7.50335592	7.87679
330.184269	7.55983562	7.8483
330.6245147	7.61630047	7.8142
331.0659359	7.67166241	7.77467
331.5085374	7.72488539	7.73013
331.952324	7.77505881	7.68131
332.3973003	7.82146349	7.62912
332.8434711	7.86361433	7.57466
333.2908414	7.90130373	7.5191
333.7394159	7.934593	7.46359
334.1891995	7.96380937	7.40923
334.640197	7.98950627	7.35692
335.0924135	8.0124063	7.30738
335.5458539	8.03333716	7.26105
336.000523	8.05317109	7.21816
336.4564261	8.07275355	7.17864
336.9135679	8.09284889	7.14227
337.3719537	8.11410449	7.10862
337.8315886	8.1370225	7.0772
338.2924775	8.16196618	7.04745
338.7546257	8.18917591	7.01884
339.2180383	8.21878754	6.99083
339.6827205	8.25085651	6.96296
340.1486776	8.28539471	6.9348
340.6159148	8.3223852	6.90596
341.0844374	8.36178941	6.87605
341.5542507	8.4035406	6.84468
342.02536	8.44753885	6.81145
342.4977707	8.49363679	6.77594
342.9714882	8.54162007	6.73772
343.446518	8.59120529	6.69639
343.9228655	8.64203056	6.65156
344.4005361	8.69366598	6.60294
344.8795355	8.74564152	6.55031
345.3598691	8.79745649	6.49354
345.8415425	8.84860737	6.43261
346.3245615	8.89861725	6.36759
346.8089315	8.94705493	6.29862
347.2946583	8.99353832	6.22587
347.7817475	9.03772723	6.14953
348.2702051	9.0793194	6.0698
348.7600366	9.11804895	5.98688
349.2512479	9.15365197	5.90091
349.7438449	9.18585621	5.81207
350.2378333	9.21436721	5.72049
350.7332192	9.23885744	5.62637
351.2300085	9.25897263	5.52992
351.7282071	9.27433509	5.43145
352.227821	9.28456367	5.33134
352.7288563	9.2893028	5.23011
353.2313191	9.28825126	5.12836
353.7352154	9.28119313	5.02683
354.2405514	9.26804437	4.92634
354.7473333	9.24886731	4.82775
355.2555673	9.22388591	4.73194
355.7652597	9.19350265	4.63976
356.2764167	9.15827328	4.55193
356.7890446	9.11887665	4.46906
357.3031499	9.07608806	4.39158
357.8187388	9.03072916	4.31973
358.3358179	8.98360759	4.25354
358.8543936	8.9354891	4.19292
359.3744725	8.88706863	4.1376
359.896061	8.83893105	4.08722
360.4191657	8.79156242	4.04138
360.9437933	8.745355	3.99963
361.4699504	8.70059972	3.9615
361.9976438	8.65751285	3.92656
362.5268801	8.61624321	3.89435
363.0576662	8.5768722	3.86445
363.5900088	8.53942599	3.83644
364.1239148	8.50387069	3.80992
364.6593912	8.4700976	3.78449
365.1964448	8.43794178	3.75985
365.7350826	8.40718506	3.7357
366.2753117	8.37756136	3.71187
366.8171391	8.34879725	3.68827
367.3605719	8.32063033	3.66491
367.9056172	8.29282419	3.64187
368.4522823	8.26521116	3.61936
369.0005744	8.23770833	3.59758
369.5505007	8.21031352	3.57678
370.1020687	8.18311885	3.55718
370.6552855	8.1562943	3.53895
371.2101587	8.13006303	3.52217
371.7666957	8.10467687	3.50684
372.3249039	8.08039139	3.49285
372.884791	8.05742439	3.47998
373.4463645	8.0359276	3.46794
374.009632	8.01597415	3.45639
374.5746012	7.99753914	3.44495
375.1412799	7.98048447	3.43325
375.7096758	7.96457174	3.42099
376.2797967	7.94948837	3.40796
376.8516505	7.93487158	3.39406
377.4252451	7.92033631	3.37932
378.0005884	7.90552942	3.36394
378.5776885	7.89017276	3.34822
379.1565535	7.87408573	3.33256
379.7371914	7.8572222	3.31743
380.3196104	7.83967651	3.30328
380.9038187	7.82167473	3.29053
381.4898246	7.80356884	3.27951
382.0776364	7.78579228	3.27039
382.6672623	7.76882049	3.26321
383.258711	7.75312725	3.25782
383.8519907	7.73913481	3.25393
384.4471101	7.72718131	3.25111
385.0440776	7.71747238	3.24881
385.642902	7.71007397	3.24647
386.2435919	7.70489715	3.24347
386.846156	7.70169637	3.23928
387.4506031	7.70009928	3.23344
388.0569421	7.69963342	3.22564
388.6651818	7.69975973	3.2157
389.2753312	7.69991371	3.20364
389.8873994	7.69957037	3.18966
390.5013953	7.69827751	3.17409
391.1173281	7.69568788	3.1574
391.735207	7.69159986	3.14015
392.3550411	7.68596999	3.12292
392.9768399	7.67890197	3.10626
393.6006127	7.67063876	3.09067
394.2263688	7.66153447	3.07652
394.8541178	7.65201622	3.06406
395.4838692	7.64254	3.05337
396.1156326	7.63355706	3.04442
396.7494176	7.62548072	3.03702
397.385234	7.61864926	3.03089
398.0230915	7.61331172	3.02567
398.663	7.60962015	3.02097
399.3049694	7.60762945	3.01638
399.9490097	7.60729998	3.01151
400.5951309	7.60851198	3.00601
401.243343	7.61107861	2.99958
401.8936564	7.61475447	2.99198
402.5460812	7.61926129	2.98307
403.2006276	7.62430598	2.97277
403.8573062	7.62959623	2.9611
404.5161272	7.63486369	2.94815
405.1771013	7.63988112	2.93409
405.840239	7.64448818	2.91915
406.5055508	7.64858692	2.90356
407.1730476	7.65215865	2.88761
407.8427401	7.65526159	2.87152
408.5146392	7.65801664	2.85551
409.1887558	7.66059521	2.8397
409.8651008	7.66319742	2.82417
410.5436854	7.66603449	2.80889
411.2245207	7.66929407	2.79376
411.9076179	7.67312919	2.77862
412.5929884	7.67763997	2.76325
413.2806433	7.68286302	2.74741
413.9705943	7.68877186	2.73085
414.6628528	7.69527691	2.71333
415.3574305	7.70222426	2.69463
416.0543389	7.70942016	2.67461
416.7535899	7.71663841	2.65314
417.4551953	7.72362567	2.63018
418.1591669	7.73013298	2.60575
418.8655169	7.73591014	2.5799
419.5742572	7.74072619	2.55278
420.2854	7.74438908	2.52456
420.9989576	7.74673831	2.49545
421.7149422	7.74765888	2.4657
422.4333663	7.74708571	2.43557
423.1542423	7.74500821	2.40534
423.8775829	7.74146945	2.37527
424.6034007	7.73656653	2.34562
425.3317084	7.73044711	2.3166
426.0625189	7.72329425	2.28838
426.7958451	7.7153215	2.26108
427.5317	7.70675748	2.23475
428.2700967	7.69782881	2.20938
429.0110484	7.68875018	2.1849
429.7545685	7.67969691	2.16116
430.5006701	7.67080444	2.13801
431.249367	7.66215532	2.11522
432.0006725	7.65376078	2.09258
432.7546003	7.64558308	2.0699
433.5111643	7.63753443	2.047
434.2703783	7.62948777	2.02376
435.0322561	7.62129541	2.0001
435.796812	7.61279572	1.97599
436.5640599	7.6038376	1.95147
437.3340141	7.59429339	1.9266
438.106689	7.58405167	1.90146
438.8820991	7.57302351	1.87616
439.6602589	7.56115073	1.85082
440.4411829	7.54839355	1.82554
441.2248861	7.53471575	1.80042
442.0113832	7.52009061	1.77558
442.8006893	7.50451186	1.75115
443.5928193	7.48798157	1.72724
444.3877885	7.47051572	1.704
445.1856122	7.45215469	1.68157
445.9863058	7.43297339	1.66012
446.7898847	7.41307702	1.63977
447.5963646	7.39259326	1.62065
448.4057613	7.3716783	1.60285
449.2180906	7.35049974	1.58642
450.0333684	7.32922226	1.57137
450.8516109	7.30800927	1.5577
451.6728342	7.28700755	1.54535
452.4970547	7.26634888	1.53429
453.3242888	7.24616422	1.52446
454.1545531	7.22657076	1.51579
454.9878642	7.20768785	1.50823
455.824239	7.1896422	1.5017
456.6636943	7.17256794	1.49612
457.5062472	7.15661191	1.49137
458.351915	7.14190574	1.48726
459.2007148	7.12856087	1.48359
460.0526642	7.11664999	1.48007
460.9077807	7.10618859	1.47641
461.7660819	7.09712166	1.47226
462.6275858	7.08930633	1.4673
463.4923103	7.08253044	1.46125
464.3602734	7.07651411	1.45387
465.2314934	7.07092108	1.44501
466.1059887	7.0653887	1.43462
466.9837778	7.05954726	1.42274
467.8648792	7.05304947	1.40953
468.7493119	7.04559246	1.39522
469.6370947	7.03694036	1.38014
470.5282467	7.0269426	1.36465
471.4227871	7.0155244	1.34913
472.3207352	7.00271201	1.33401
473.2221107	6.98862267	1.31964
474.1269331	6.97344084	1.30636
475.0352222	6.95743126	1.29446
475.9469981	6.94091665	1.28413
476.8622808	6.92424767	1.27547
477.7810906	6.90779307	1.2685
478.7034479	6.89191631	1.26312
479.6293733	6.87694623	1.25914
480.5588876	6.8631583	1.25628
481.4920117	6.85075399	1.25419
482.4287665	6.83984676	1.25247
483.3691735	6.83044227	1.25068
484.3132539	6.82242945	1.2484
485.2610294	6.81559763	1.24527
486.2125216	6.80964648	1.24099
487.1677525	6.80420352	1.23538
488.1267441	6.79886689	1.2284
489.0895187	6.79323387	1.22013
490.0560988	6.78695292	1.21083
491.0265069	6.77975841	1.20083
492.0007659	6.77150207	1.19059
492.9788986	6.76218098	1.18057
493.9609283	6.75193465	1.17123
494.9468782	6.74103041	1.16293
495.936772	6.72983766	1.15594
496.9306333	6.71878934	1.15035
497.9284859	6.70832172	1.14609
498.9303541	6.69883526	1.14294
499.9362621	6.69064887	1.14053
500.9462343	6.68395661	1.13839
501.9602955	6.67881689	1.13602
502.9784706	6.67514384	1.1329
504.0007846	6.6727194	1.12859
505.0272627	6.67122682	1.12273
506.0579306	6.67026531	1.11506
507.0928139	6.66939887	1.10549
508.1319385	6.66819084	1.09402
509.1753306	6.66623197	1.0808
510.2230165	6.66316282	1.06604
511.2750227	6.65869702	1.05007
512.331376	6.65262612	1.03321
513.3921035	6.64480984	1.01584
514.4572324	6.63519229	0.99834
515.52679	6.62378227	0.98106
516.6008042	6.61064196	0.96434
517.6793027	6.59588219	0.94849
518.7623138	6.57966409	0.93381
519.8498658	6.56219054	0.92054
520.9419874	6.54369856	0.9089
522.0387074	6.5244491	0.89904
523.1400549	6.50473173	0.89111
524.2460592	6.48486451	0.88517
525.35675	6.46517151	0.88123
526.4721571	6.44597679	0.87923
527.5923106	6.42759286	0.87905
528.7172409	6.41030977	0.8805
529.8469786	6.39437498	0.88332
530.9815546	6.37998358	0.88721
532.121	6.36726983	0.89182
533.2653462	6.35629127	0.89677
534.414625	6.34702509	0.90168
535.5688683	6.33936835	0.90618
536.7281082	6.33314236	0.90994
537.8923774	6.32809449	0.91267
539.0617087	6.32391522	0.91418
540.2361351	6.32026157	0.91436
541.41569	6.31678256	0.91322
542.600407	6.31314153	0.91085
543.7903202	6.30904109	0.90746
544.9854637	6.30425252	0.90333
546.1858722	6.29863387	0.89881
547.3915806	6.2921445	0.89427
548.6026239	6.28484853	0.89008
549.8190377	6.27690143	0.88655
551.0408578	6.2685413	0.88395
552.2681203	6.26006241	0.88242
553.5008616	6.25178069	0.88202
554.7391186	6.24401057	0.88269
555.9829283	6.23703949	0.88429
557.2323281	6.23109858	0.88657
558.4873559	6.22634426	0.88925
559.7480497	6.22285897	0.89201
561.014448	6.22063868	0.89452
562.2865896	6.219612	0.8965
563.5645136	6.21964578	0.89767
564.8482597	6.22055358	0.89783
566.1378676	6.22212427	0.89683
567.4333776	6.22412119	0.89456
568.7348303	6.2262966	0.89099
570.0422667	6.22841095	0.88614
571.3557281	6.23023773	0.88008
572.6752564	6.23156516	0.87292
574.0008935	6.23222009	0.86485
575.3326821	6.23206851	0.85605
576.6706651	6.23102656	0.84678
578.0148858	6.22907185	0.83727
579.3653879	6.22624065	0.82778
580.7222155	6.22263094	0.81852
582.0854131	6.21839348	0.80968
583.4550259	6.21371495	0.80136
584.8310991	6.20880815	0.79363
586.2136785	6.20388775	0.78643
587.6028104	6.19913473	0.77965
588.9985416	6.19468874	0.77311
590.400919	6.19062619	0.76658
591.8099905	6.18694268	0.7598
593.2258038	6.18355849	0.75254
594.6484077	6.18032409	0.74458
596.077851	6.17702091	0.73576
597.5141831	6.17338146	0.726
598.9574541	6.1691228	0.71533
600.4077143	6.16396825	0.70385
601.8650146	6.15766321	0.69176
603.3294063	6.15000937	0.67935
604.8009415	6.14088361	0.66696
606.2796724	6.13024185	0.65496
607.765652	6.1181346	0.64375
609.2589337	6.10469868	0.63368
610.7595714	6.09015637	0.6251
612.2676198	6.07480191	0.61825
613.7831337	6.05897771	0.61332
615.3061687	6.04305915	0.61038
616.8367811	6.02742239	0.60941
618.3750274	6.01242496	0.61029
619.920965	5.99838695	0.61282
621.4746516	5.98556063	0.6167
623.0361457	5.97411509	0.62161
624.6055063	5.9641449	0.62721
626.1827929	5.95566191	0.63315
627.7680658	5.94860193	0.63912
629.3613858	5.94283238	0.64484
630.9628142	5.93817733	0.65013
632.5724133	5.93444437	0.65486
634.1902455	5.93143819	0.65898
635.8163744	5.92897755	0.66249
637.4508638	5.9269227	0.66547
639.0937784	5.92517131	0.66797
640.7451835	5.92365228	0.67009
642.4051451	5.92233282	0.6719
644.0737299	5.92120039	0.67346
645.7510052	5.92025148	0.6748
647.4370392	5.91948719	0.67595
649.1319005	5.91890049	0.6769
650.8356588	5.91846783	0.67766
652.5483842	5.91816131	0.67825
654.2701478	5.91795435	0.67871
656.0010212	5.91782415	0.67909
657.7410769	5.91776434	0.67948
659.4903883	5.91780039	0.67998
661.2490293	5.91799633	0.6807
663.0170749	5.91845674	0.68173
664.7946005	5.91932515	0.68314
666.5816828	5.92077961	0.68495
668.3783989	5.92301832	0.68712
670.184827	5.92624548	0.68954
672.0010461	5.93064583	0.69201
673.8271359	5.93635839	0.69426
675.6631771	5.94345947	0.69596
677.5092514	5.95193455	0.69672
679.3654411	5.96166628	0.69616
681.2318297	5.97243929	0.69392
683.1085014	5.98394348	0.6897
684.9955414	5.99578812	0.68329
686.893036	6.00753607	0.67462
688.8010722	6.01874473	0.66375
690.7197382	6.02899492	0.65087
692.6491229	6.03794619	0.63633
694.5893165	6.04535979	0.62052
696.5404101	6.05111886	0.60393
698.5024958	6.05524676	0.58702
700.4756667	6.05789138	0.57022
702.460017	6.05931178	0.55386
704.455642	6.05983407	0.53813
706.4626382	6.05980555	0.52308
708.4811029	6.05955395	0.50862
710.5111347	6.05935153	0.49454
712.5528333	6.05937025	0.48051
714.6062997	6.05966353	0.46618
716.6716358	6.06016017	0.45117
718.7489449	6.06066941	0.43517
720.8383314	6.06090709	0.41794
722.9399009	6.06051933	0.39936
725.0537602	6.05912713	0.37945
727.1800176	6.05636243	0.35835
729.3187824	6.05190253	0.33633
731.4701652	6.04550129	0.31375
733.6342781	6.03701544	0.29105
735.8112344	6.02640899	0.26867
738.0011488	6.01374704	0.24706
740.2041373	5.9992025	0.22664
742.4203174	5.98303206	0.20774
744.6498078	5.96555342	0.19062
746.8927289	5.9471125	0.17541
749.1492024	5.92806104	0.16218
751.4193515	5.90873858	0.15088
753.7033009	5.88943889	0.14139
756.0011768	5.87041039	0.13355
758.313107	5.85183802	0.12713
760.6392209	5.83384165	0.12192
762.9796492	5.81648419	0.11769
765.3345247	5.79977244	0.11425
767.7039814	5.78368778	0.11146
770.0881553	5.76818534	0.10918
772.4871838	5.75320816	0.10735
774.9012063	5.73870685	0.10592
777.3303636	5.72464698	0.10489
779.7747987	5.71101458	0.10425
782.2346562	5.69781256	0.10401
784.7100823	5.68506695	0.10417
787.2012254	5.6728193	0.10471
789.7082357	5.66110736	0.10557
792.2312652	5.64996484	0.1067
794.7704679	5.6394129	0.108
797.326	5.6294547	0.10939
799.8980194	5.62007145	0.11075
802.4866861	5.61120875	0.11198
805.0921623	5.60279466	0.11301
807.7146124	5.59474467	0.11378
810.3542026	5.58695578	0.11425
813.0111016	5.57932538	0.11444
815.6854803	5.57176258	0.11438
818.3775116	5.56419056	0.11414
821.0873709	5.55656054	0.11381
823.8152359	5.54885641	0.11349
826.5612867	5.54109325	0.11327
829.3257057	5.53330704	0.11322
832.1086779	5.5255573	0.11341
834.9103906	5.51792628	0.11387
837.7310338	5.51049513	0.11458
840.5708	5.50333228	0.1155
843.4298844	5.49649548	0.11657
846.3084846	5.49001673	0.11769
849.2068014	5.48389757	0.11877
852.1250378	5.47811255	0.11971
855.0634	5.47260129	0.12042
858.0220969	5.46728718	0.12086
861.0013403	5.46207533	0.12098
864.0013449	5.45687035	0.12082
867.0223287	5.4515872	0.1204
870.0645123	5.4461518	0.11981
873.1281197	5.44052614	0.11915
876.2133781	5.43470075	0.11852
879.3205177	5.42869999	0.11803
882.4497722	5.42257258	0.11775
885.6013786	5.41639148	0.11776
888.7755771	5.41024294	0.11807
891.9726115	5.404214	0.11869
895.1927292	5.39838742	0.11957
898.4361812	5.39282065	0.12064
901.7032218	5.38754731	0.12182
904.9941095	5.38257513	0.12302
908.3091062	5.37788027	0.12415
911.6484779	5.37341517	0.12515
915.0124945	5.3691203	0.12598
918.4014296	5.36492471	0.12662
921.8155613	5.36076218	0.1271
925.2551716	5.3565832	0.12746
928.7205468	5.35235496	0.12776
932.2119774	5.34806919	0.12807
935.7297585	5.34374017	0.12845
939.2741894	5.3393982	0.12895
942.8455741	5.33509716	0.12962
946.4442214	5.33089226	0.13044
950.0704444	5.32683081	0.13141
953.7245615	5.32295904	0.13249
957.4068958	5.31930106	0.13362
961.1177752	5.31586214	0.13475
964.8575331	5.31262928	0.13582
968.6265078	5.3095698	0.13679
972.4250431	5.30664902	0.13765
976.2534882	5.3038277	0.13838
980.1121976	5.30106469	0.139
984.0015317	5.29833112	0.13954
987.9218566	5.29561712	0.14005
991.873544	5.29292849	0.14056
995.8569719	5.29028408	0.14111
999.8725242	5.28771168	0.14171
1003.920591	5.28524819	0.14238
1008.001569	5.28292341	0.14308
1012.115861	5.28075976	0.14381
1016.263877	5.27877531	0.14452
1020.446033	5.27697162	0.14518
1024.662752	5.27533366	0.14574
1028.914465	5.27384064	0.1462
1033.201608	5.27247594	0.14654
1037.524628	5.27121208	0.14675
1041.883975	5.27003122	0.14686
1046.28011	5.26893021	0.14688
1050.7135	5.26790624	0.14682
1055.184621	5.26696974	0.14671
1059.693957	5.26614376	0.14655
1064.242	5.26544224	0.14632
1068.82925	5.26488389	0.14603
1073.456216	5.26448779	0.14564
1078.123417	5.26426379	0.14513
1082.83138	5.26421241	0.14445
1087.58064	5.26432686	0.14358
1092.371744	5.26459242	0.14247
1097.205248	5.26499004	0.14111
1102.081716	5.26550015	0.13946
1107.001723	5.26609392	0.1375
1111.965857	5.26674168	0.13521
1116.974712	5.26741566	0.13258
1122.028896	5.26808252	0.12958
1127.129027	5.26870069	0.1262
1132.275735	5.26922782	0.12243
1137.469661	5.26961454	0.11826
1142.711456	5.26980914	0.1137
1148.001787	5.26976173	0.10876
1153.34133	5.26941611	0.10345
1158.730776	5.26870957	0.0978
1164.170826	5.26759554	0.09188
1169.662198	5.26603274	0.08572
1175.205621	5.26398232	0.0794
1180.801838	5.26142404	0.07299
1186.451608	5.25834467	0.06656
1192.155702	5.25474032	0.06019
1197.914908	5.25062638	0.05397
1203.730029	5.24603454	0.04797
1209.601883	5.24100206	0.04225
1215.531304	5.23557309	0.03687
1221.519143	5.22980744	0.03189
1227.566267	5.22376867	0.02733
1233.673562	5.21751922	0.02322
1239.84193	5.2111274	0.01957
1246.072291	5.20465608	0.01637
1252.365586	5.19816247	0.01361
1258.722772	5.19170217	0.01127
1265.144827	5.18531948	0.00931
1271.632749	5.17905408	0.00771
1278.187557	5.17294049	0.00642
1284.81029	5.16700008	0.0054
1291.50201	5.16124921	0.00461
1298.263801	5.15569204	0.004
1305.096768	5.1503297	0.00355
1312.002042	5.14516401	0.00322
1318.980777	5.14018266	0.00297
1326.03415	5.13537206	0.00279
1333.163366	5.13072366	0.00266
1340.369654	5.12622451	0.00256
1347.654272	5.12186007	0.00248
1355.018503	5.11761581	0.00241
1362.463659	5.11347884	0.00235
1369.991083	5.10944118	0.0023
1377.602144	5.10549145	0.00225
1385.298246	5.10162558	0.00222
1393.08082	5.09784064	0.00219
1400.951333	5.09412884	0.00217
1408.911284	5.0904889	0.00216
1416.962206	5.08691989	0.00216
1425.105667	5.08342352	0.00217
1433.343272	5.07999292	0.00217
1441.676663	5.07662336	0.00218
1450.10752	5.07331792	0.00219
1458.637565	5.07007015	0.00219
1467.268556	5.06687598	0.00219
1476.002298	5.0637322	0.00218
1484.840635	5.06063604	0.00217
1493.785458	5.05758558	0.00215
1502.838703	5.05457226	0.00212
1512.002354	5.05159783	0.0021
1521.278442	5.04866271	0.00207
1530.669049	5.04576009	0.00204
1540.176311	5.04289328	0.00202
1549.802413	5.04006384	0.002
1559.549597	5.037274	0.00199
1569.420165	5.03452131	0.00197
1579.416471	5.03180386	0.00196
1589.540936	5.02912683	0.00195
1599.796039	5.02648519	0.00193
1610.184325	5.02387504	0.00191
1620.708405	5.02129787	0.00189
1631.370961	5.01875549	0.00187
1642.174742	5.01624573	0.00184
1653.122573	5.01376079	0.0018
1664.217356	5.01130355	0.00177
1675.462068	5.00887608	0.00173
1686.859769	5.00647516	0.00169
1698.413603	5.00409738	0.00164
1710.1268	5.00174343	0.0016
1722.002681	4.99941965	0.00156
1734.044657	4.99712176	0.00151
1746.256239	4.99484635	0.00146
1758.641035	4.99259522	0.00141
1771.202757	4.99037024	0.00136
1783.945223	4.98816841	0.0013
1796.872362	4.98598685	0.00124
1809.988219	4.98382848	0.00118
1823.296956	4.98169035	0.00111
1836.802859	4.9795691	0.00104
1850.510343	4.97746741	9.72E-04
1864.423955	4.97538499	9.00E-04
1878.548379	4.97331975	8.27E-04
1892.888443	4.97127137	7.54E-04
1907.449123	4.96923979	6.82E-04
1922.23555	4.96722479	6.11E-04
1937.253016	4.96522593	5.42E-04
1952.506976	4.96324374	4.77E-04
1968.003063	4.96127865	4.15E-04
1983.747088	4.95933066	3.57E-04
1999.745048	4.95739986	3.03E-04
2016.003138	4.95548702	2.55E-04
2032.527754	4.95359264	2.11E-04
2049.325504	4.95171706	1.73E-04
2066.403217	4.94986125	1.40E-04
2083.76795	4.94802521	1.11E-04
2101.427	4.9462092	8.71E-05
2119.387915	4.94441386	6.74E-05
2137.6585	4.94263934	5.13E-05
2156.246835	4.94088573	3.85E-05
2175.161281	4.93915306	2.84E-05
2194.410496	4.93744131	2.07E-05
2214.003446	4.93575036	1.48E-05
2233.949423	4.93408	1.04E-05
2254.258055	4.93243003	7.22E-06
2274.939321	4.93080022	4.92E-06
2296.003574	4.9291903	3.30E-06
2317.461551	4.92760001	2.17E-06
2339.324396	4.92602908	1.41E-06
2361.603676	4.92447726	8.95E-07
2384.311404	4.92294431	5.59E-07
2407.460058	4.92142999	3.44E-07
2431.062608	4.9199341	2.08E-07
2455.132535	4.91845643	1.23E-07
2479.68386	4.9169968	7.19E-08
2504.731172	4.91555502	4.13E-08
2530.289653	4.91413093	2.33E-08
2556.375113	4.91272438	1.30E-08
2583.004021	4.91133523	7.12E-09
2610.193537	4.90996333	3.88E-09
2637.961553	4.90860855	2.11E-09
2666.326731	4.90727078	1.16E-09
2695.308543	4.90594988	6.60E-10
2724.927319	4.90464574	4.05E-10
2755.204289	4.90335827	2.83E-10
2786.16164	4.90208734	2.35E-10
2817.822568	4.90083286	2.32E-10
2850.211333	4.89959472	2.60E-10
2883.353326	4.89837285	3.13E-10
2917.275129	4.89716713	3.90E-10
2952.004595	4.89597748	4.92E-10
2987.570916	4.89480383	6.22E-10
3024.004707	4.89364607	7.86E-10
3061.338099	4.89250413	9.86E-10
3099.604825	4.89137793	1.23E-09
3138.840329	4.8902674	1.52E-09
3179.081872	4.88917245	1.87E-09
3220.368649	4.88809302	2.29E-09
3262.741921	4.88702904	2.77E-09
3306.245147	4.88598043	3.34E-09
3350.924135	4.88494712	3.99E-09
3396.827205	4.88392906	4.74E-09
3444.005361	4.88292617	5.58E-09
3492.512479	4.8819384	6.52E-09
3542.405514	4.88096568	7.56E-09
3593.744725	4.88000796	8.69E-09
3646.593912	4.87906517	9.90E-09
3701.020687	4.87813726	1.12E-08
3757.096758	4.87722418	1.25E-08
3814.898246	4.87632587	1.38E-08
3874.506031	4.87544228	1.51E-08
3936.006127	4.87457335	1.64E-08
3999.490097	4.87371904	1.76E-08
4065.055508	4.8728793	1.87E-08
4132.806433	4.87205408	1.96E-08
4202.854	4.87124334	2.04E-08
4275.317	4.87044702	2.09E-08
4350.322561	4.86966509	2.12E-08
4428.006893	4.8688975	2.13E-08
4508.516109	4.86814421	2.12E-08
4592.007148	4.86740517	2.08E-08
4678.648792	4.86668036	2.03E-08
4768.622808	4.86596972	1.95E-08
4862.125216	4.86527323	1.86E-08
4959.36772	4.86459084	1.75E-08
5060.579306	4.86392252	1.63E-08
5166.008042	4.86326823	1.50E-08
5275.923106	4.86262794	1.37E-08
5390.617087	4.86200161	1.24E-08
5510.408578	4.86138922	1.11E-08
5635.645136	4.86079073	9.78E-09
5766.706651	4.86020611	8.56E-09
5904.00919	4.85963533	7.42E-09
6048.009415	4.85907836	6.37E-09
6199.20965	4.85853517	5.41E-09
6358.163744	4.85800574	4.55E-09
6525.483842	4.85749004	3.78E-09
6701.84827	4.85698804	3.11E-09
6888.010722	4.85649972	2.54E-09
7084.811029	4.85602505	2.04E-09
7293.187824	4.85556402	1.63E-09
7514.193515	4.85511659	1.28E-09
7749.012063	4.85468274	1.00E-09
7998.980194	4.85426247	7.72E-10
8265.612867	4.85385573	5.87E-10
8550.634	4.85346252	4.42E-10
8856.013786	4.85308281	3.28E-10
9184.014296	4.85271659	2.40E-10
9537.245615	4.85236384	1.74E-10
9918.73544	4.85202454	1.24E-10
10332.01608	4.85169867	8.73E-11
10781.23417	4.85138623	6.06E-11
11271.29027	4.85108718	4.14E-11
11808.01838	4.85080153	2.79E-11
12398.4193	4.85052925	1.85E-11
13050.96768	4.85027034	1.21E-11
13776.02144	4.85002478	7.78E-12
14586.37565	4.84979256	4.92E-12
15498.02413	4.84957366	3.06E-12
16531.22573	4.84936809	1.88E-12
17712.02757	4.84917582	1.13E-12
19074.49123	4.84899685	6.69E-13
20664.03217	4.84883117	3.89E-13
22542.58055	4.84867878	2.22E-13
24796.8386	4.84853966	1.25E-13
27552.04289	4.84841381	6.90E-14
30996.04825	4.84830122	3.74E-14
35424.05514	4.84820189	1.99E-14
41328.06433	4.84811582	1.04E-14
49593.6772	4.84804299	5.36E-15
61992.0965	4.84798341	2.70E-15
82656.12867	4.84793707	1.34E-15
123984.193	4.84790398	6.50E-16
247968.386	4.84788412	3.10E-16
123984193	4.8478775	1.45E-16
