123.984317	-0.32129593	0.29923
124.0463402	-0.22785014	0.30059
124.1084255	-0.1814244	0.30181
124.170573	-0.15052131	0.30285
124.2327828	-0.12730839	0.30367
124.2950549	-0.10868971	0.30423
124.3573895	-0.09315093	0.30451
124.4197867	-0.07985346	0.3045
124.4822465	-0.0682988	0.3042
124.544769	-0.05817552	0.30363
124.6073544	-0.0492748	0.30283
124.6700027	-0.04145767	0.30183
124.732714	-0.03462053	0.30071
124.7954885	-0.02867396	0.29953
124.8583261	-0.02353267	0.29838
124.9212271	-0.01911557	0.29731
124.9841915	-0.01533926	0.29641
125.0472194	-0.0120996	0.29574
125.1103109	-0.00930264	0.29531
125.1734661	-0.00685138	0.29517
125.2366851	-0.00464375	0.2953
125.299968	-0.00259173	0.29568
125.3633148	-0.00062471	0.29625
125.4267258	0.00131463	0.29697
125.4902009	0.00325768	0.29774
125.5537403	0.00520706	0.29851
125.6173441	0.00715719	0.29922
125.6810123	0.00908011	0.29981
125.7447452	0.01093051	0.30025
125.8085427	0.01266284	0.30054
125.8724049	0.01423733	0.30069
125.9363321	0.01561713	0.30072
126.0003242	0.0167736	0.30067
126.0643814	0.01769481	0.30059
126.1285037	0.01838146	0.30052
126.1926913	0.01884947	0.30051
126.2569443	0.01911879	0.30057
126.3212627	0.01920911	0.30073
126.3856467	0.01914884	0.301
126.4500963	0.01895399	0.30136
126.5146117	0.01862649	0.30181
126.579193	0.0181711	0.30236
126.6438403	0.01758693	0.303
126.7085536	0.01686283	0.30374
126.7733331	0.01599352	0.30461
126.8381789	0.01497668	0.30563
126.903091	0.0138178	0.30685
126.9680696	0.01253782	0.30831
127.0331148	0.01116663	0.31005
127.0982267	0.00974643	0.31211
127.1634053	0.00833272	0.31452
127.2286508	0.00698697	0.31729
127.2939633	0.00577882	0.32043
127.3593429	0.00477844	0.32391
127.4247897	0.00404979	0.3277
127.4903038	0.00364774	0.33174
127.5558853	0.00361912	0.33598
127.6215344	0.00399499	0.34033
127.687251	0.0047913	0.34473
127.7530353	0.00601125	0.34909
127.8188874	0.00764451	0.35335
127.8848075	0.00967011	0.35743
127.9507956	0.01205736	0.36128
128.0168519	0.01476514	0.36483
128.0829763	0.01774521	0.36805
128.1491691	0.02094413	0.37089
128.2154304	0.02430461	0.37334
128.2817603	0.02776583	0.37537
128.3481587	0.03126938	0.377
128.414626	0.03476027	0.37822
128.4811622	0.03818167	0.37906
128.5477673	0.04148816	0.37955
128.6144415	0.04464253	0.37973
128.6811849	0.04761516	0.37964
128.7479977	0.05039214	0.37934
128.8148798	0.05296844	0.37886
128.8818315	0.05535085	0.37826
128.9488528	0.05755884	0.37756
129.0159438	0.0596095	0.37678
129.0831047	0.06152767	0.37594
129.1503356	0.06333941	0.37503
129.2176365	0.06506018	0.37403
129.2850076	0.06669922	0.37292
129.352449	0.06824712	0.37165
129.4199608	0.0696826	0.37021
129.4875431	0.07097466	0.36856
129.555196	0.0720737	0.36669
129.6229196	0.07292796	0.36461
129.6907141	0.07348493	0.36234
129.7585795	0.0736921	0.35992
129.826516	0.07350958	0.35742
129.8945237	0.07291334	0.35491
129.9626027	0.07189711	0.35248
130.030753	0.07048102	0.35022
130.0989749	0.06870411	0.3482
130.1672684	0.06661668	0.34648
130.2356337	0.06428161	0.34511
130.3040707	0.06177341	0.34412
130.3725798	0.05916157	0.3435
130.4411609	0.05651047	0.34325
130.5098142	0.05388405	0.34334
130.5785398	0.05132357	0.34371
130.6473379	0.04885483	0.34433
130.7162085	0.04650265	0.34516
130.7851517	0.04427316	0.34614
130.8541677	0.0421627	0.34725
130.9232565	0.04016961	0.34846
130.9924184	0.03828988	0.34975
131.0616533	0.03651361	0.35109
131.1309615	0.03483325	0.35248
131.2003431	0.03324051	0.35389
131.2697981	0.03172369	0.35532
131.3393266	0.03027882	0.35676
131.4089289	0.02889136	0.35818
131.478605	0.02753938	0.35958
131.548355	0.02620577	0.36096
131.618179	0.02487314	0.36232
131.6880772	0.0235186	0.36366
131.7580497	0.02212451	0.36501
131.8280966	0.02068536	0.36639
131.898218	0.01919342	0.36781
131.968414	0.01764165	0.3693
132.0386848	0.01603871	0.3709
132.1090305	0.01439751	0.37262
132.1794512	0.01273214	0.37449
132.2499469	0.01105945	0.37652
132.320518	0.00939929	0.37874
132.3911643	0.00778145	0.38117
132.4618862	0.0062435	0.38383
132.5326836	0.0048243	0.38672
132.6035568	0.00356997	0.38986
132.6745058	0.00253524	0.39324
132.7455308	0.00178289	0.39686
132.8166318	0.00138249	0.40068
132.8878091	0.00139246	0.40464
132.9590627	0.00187304	0.40869
133.0303927	0.00287641	0.41272
133.1017994	0.00443233	0.41662
133.1732827	0.00654025	0.42024
133.2448428	0.00917059	0.42346
133.3164799	0.01227286	0.42614
133.3881941	0.01575236	0.42813
133.4599854	0.01948548	0.42934
133.5318541	0.0233245	0.42967
133.6038002	0.02709465	0.42908
133.6758239	0.03061414	0.42757
133.7479253	0.0336965	0.42518
133.8201045	0.03617016	0.42202
133.8923617	0.03788865	0.41822
133.9646969	0.03873495	0.41396
134.0371103	0.03863296	0.40944
134.1096021	0.03755746	0.40489
134.1821723	0.03553419	0.40052
134.2548211	0.03263708	0.39654
134.3275486	0.02898128	0.39311
134.4003549	0.0247082	0.39036
134.4732402	0.01998491	0.38838
134.5462046	0.0149859	0.38719
134.6192482	0.00987012	0.38676
134.6923712	0.0047769	0.38703
134.7655737	-0.00018777	0.38789
134.8388557	-0.00495021	0.38924
134.9122175	-0.00948054	0.39093
134.9856592	-0.01378861	0.39287
135.0591809	-0.01789972	0.39497
135.1327827	-0.02187512	0.39714
135.2064648	-0.02578539	0.39938
135.2802273	-0.02969381	0.40168
135.3540703	-0.03366108	0.40408
135.4279939	-0.03772748	0.40664
135.5019984	-0.04191488	0.40943
135.5760837	-0.04621378	0.41255
135.6502502	-0.05059135	0.41606
135.7244978	-0.05499871	0.42004
135.7988267	-0.05936033	0.42455
135.8732371	-0.06358732	0.42962
135.9477291	-0.06758654	0.43526
136.0223028	-0.07125607	0.44147
136.0969584	-0.07449759	0.4482
136.171696	-0.07722325	0.4554
136.2465157	-0.07935296	0.46299
136.3214176	-0.08082763	0.47087
136.396402	-0.08160278	0.47895
136.4714689	-0.08164479	0.48712
136.5466184	-0.08094859	0.49525
136.6218508	-0.07952395	0.50325
136.6971661	-0.07739954	0.51099
136.7725646	-0.07461735	0.5184
136.8480462	-0.07122839	0.52537
136.9236112	-0.0673026	0.53183
136.9992597	-0.0629181	0.53771
137.0749918	-0.058151	0.54298
137.1508077	-0.05308777	0.54757
137.2267075	-0.04782046	0.55148
137.3026914	-0.0424363	0.55468
137.3787594	-0.03703129	0.55717
137.4549118	-0.03170012	0.55896
137.5311487	-0.02654197	0.56007
137.6074702	-0.02164157	0.56057
137.6838764	-0.01707869	0.56049
137.7603675	-0.0129319	0.55992
137.8369437	-0.00925111	0.55896
137.913605	-0.00607368	0.55769
137.9903517	-0.0034243	0.55622
138.0671838	-0.00130017	0.55466
138.1441016	0.00031925	0.5531
138.221105	0.00147639	0.55164
138.2981944	0.00221932	0.55032
138.3753698	0.00260596	0.54922
138.4526314	0.00269685	0.54834
138.5299794	0.00254825	0.54772
138.6074138	0.00220922	0.54733
138.6849348	0.00171332	0.54718
138.7625425	0.00109034	0.54725
138.8402372	0.00035563	0.54753
138.918019	-0.00048766	0.54801
138.9958879	-0.0014328	0.54872
139.0738442	-0.00247242	0.54966
139.1518879	-0.00359455	0.55088
139.2300193	-0.00476999	0.55241
139.3082385	-0.00596738	0.55428
139.3865457	-0.00713463	0.55655
139.4649409	-0.00819787	0.55924
139.5434244	-0.00908475	0.56235
139.6219962	-0.00970925	0.5659
139.7006566	-0.00996977	0.56986
139.7794056	-0.00977844	0.57416
139.8582435	-0.00905543	0.57874
139.9371704	-0.0077253	0.5835
140.0161864	-0.00573834	0.58831
140.0952916	-0.00306505	0.59305
140.1744863	0.00029785	0.59756
140.2537706	0.00431358	0.60169
140.3331447	0.00892559	0.60532
140.4126086	0.01404683	0.6083
140.4921626	0.01956086	0.61054
140.5718068	0.02533257	0.61195
140.6515413	0.03121255	0.6125
140.7313663	0.03705157	0.61218
140.811282	0.04269463	0.61101
140.8912885	0.04800607	0.60908
140.971386	0.05286769	0.60646
141.0515746	0.05718234	0.60329
141.1318544	0.06089049	0.5997
141.2122258	0.06395919	0.59583
141.2926887	0.0663856	0.59182
141.3732433	0.06820313	0.58781
141.4538899	0.06945901	0.58388
141.5346285	0.07022067	0.58015
141.6154593	0.07057492	0.57666
141.6963825	0.07059988	0.57344
141.7773983	0.07037035	0.5705
141.8585067	0.06995931	0.56784
141.939708	0.069426	0.56542
142.0210023	0.06881131	0.56321
142.1023898	0.0681451	0.56117
142.1838706	0.06744325	0.55926
142.2654449	0.06670663	0.55744
142.3471129	0.06592789	0.55569
142.4288747	0.06509608	0.55399
142.5107305	0.06419484	0.55233
142.5926804	0.06320585	0.55071
142.6747246	0.06211108	0.54914
142.7568633	0.0608939	0.54764
142.8390966	0.05955449	0.54626
142.9214247	0.05809849	0.54501
143.0038478	0.05654022	0.54395
143.0863659	0.05491515	0.54311
143.1689794	0.05326721	0.54252
143.2516883	0.05165362	0.5422
143.3344929	0.05014213	0.54215
143.4173932	0.04880084	0.54234
143.5003895	0.04768855	0.54272
143.5834819	0.0468633	0.54324
143.6666705	0.04635969	0.54378
143.7499557	0.04618525	0.54426
143.8333374	0.04632719	0.54456
143.9168159	0.04673916	0.54458
144.0003914	0.04734965	0.54423
144.084064	0.04806723	0.54345
144.1678339	0.04878585	0.5422
144.2517013	0.04939073	0.54048
144.3356663	0.04977291	0.53833
144.4197291	0.04984689	0.53583
144.5038899	0.04954515	0.53305
144.5881488	0.04882637	0.53011
144.672506	0.04767937	0.5271
144.7569618	0.04611856	0.52413
144.8415162	0.04418289	0.52127
144.9261694	0.04192448	0.51858
145.0109217	0.03939494	0.51607
145.0957731	0.03663443	0.51375
145.1807239	0.03368057	0.51162
145.2657742	0.03055537	0.50965
145.3509242	0.0272575	0.50782
145.4361741	0.02377492	0.50613
145.5215241	0.02009113	0.50459
145.6069743	0.01618902	0.50323
145.6925249	0.01206037	0.5021
145.7781761	0.00771093	0.50126
145.8639281	0.00317182	0.50079
145.949781	-0.00150373	0.50074
146.035735	-0.00625463	0.50115
146.1217904	-0.01100426	0.50206
146.2079472	-0.01566672	0.50347
146.2942057	-0.02016305	0.50536
146.380566	-0.02441369	0.50771
146.4670283	-0.02835139	0.51045
146.5535929	-0.03192575	0.51353
146.6402598	-0.03509484	0.51688
146.7270293	-0.03783374	0.52043
146.8139015	-0.04012164	0.52413
146.9008767	-0.04194169	0.52791
146.9879549	-0.04328671	0.53171
147.0751365	-0.04414567	0.53548
147.1624216	-0.0445113	0.53914
147.2498103	-0.04439318	0.54261
147.3373028	-0.04380218	0.54583
147.4248994	-0.04275873	0.5487
147.5126003	-0.04130007	0.55114
147.6004055	-0.03948536	0.55304
147.6883153	-0.0373954	0.55433
147.7763299	-0.03512523	0.55493
147.8644495	-0.03279468	0.55478
147.9526742	-0.03053379	0.55386
148.0410042	-0.02848707	0.55215
148.1294398	-0.02679601	0.54971
148.2179811	-0.02560208	0.54657
148.3066284	-0.02503911	0.54286
148.3953817	-0.02521268	0.5387
148.4842413	-0.02620516	0.53426
148.5732074	-0.02806129	0.52972
148.6622802	-0.03079173	0.52527
148.7514598	-0.03436159	0.52112
148.8407465	-0.03868435	0.51746
148.9301405	-0.04363798	0.51444
149.0196419	-0.04907081	0.51219
149.1092509	-0.05479906	0.5108
149.1989677	-0.06062502	0.51029
149.2887926	-0.06635619	0.51063
149.3787258	-0.07181344	0.51174
149.4687673	-0.07684332	0.51349
149.5589174	-0.08133088	0.51571
149.6491764	-0.08521209	0.5182
149.7395444	-0.08847066	0.52077
149.8300215	-0.09113622	0.52322
149.9206081	-0.09329018	0.52537
150.0113043	-0.09504847	0.52709
150.1021103	-0.09655496	0.52827
150.1930263	-0.09796864	0.52887
150.2840525	-0.0994541	0.52887
150.3751891	-0.10117384	0.52832
150.4664362	-0.10326572	0.52731
150.5577942	-0.10584382	0.52595
150.6492632	-0.10899854	0.52438
150.7408435	-0.11277818	0.52278
150.8325351	-0.11719004	0.52131
150.9243383	-0.1222087	0.52014
151.0162534	-0.12776979	0.51943
151.1082804	-0.13377248	0.51932
151.2004198	-0.14008997	0.51991
151.2926715	-0.14657965	0.52127
151.3850359	-0.15309164	0.52343
151.4775131	-0.15946227	0.52641
151.5701034	-0.16553448	0.53014
151.6628069	-0.1711735	0.53455
151.7556239	-0.17626599	0.53952
151.8485546	-0.18072016	0.54494
151.9415992	-0.18447002	0.55065
152.0347579	-0.18748677	0.5565
152.1280308	-0.18976887	0.56234
152.2214183	-0.19133905	0.56803
152.3149205	-0.19224554	0.57343
152.4085377	-0.19256344	0.57842
152.50227	-0.19237618	0.58292
152.5961177	-0.19178264	0.58683
152.6900809	-0.19089347	0.59011
152.7841599	-0.18982369	0.59271
152.878355	-0.18869295	0.59463
152.9726662	-0.18761219	0.59588
153.0670939	-0.18669375	0.59648
153.1616382	-0.18604356	0.59649
153.2562995	-0.18574578	0.59599
153.3510777	-0.18587332	0.59505
153.4459733	-0.18648301	0.59378
153.5409864	-0.18759971	0.59229
153.6361173	-0.18923591	0.59066
153.7313661	-0.1913893	0.589
153.826733	-0.19403082	0.5874
153.9222184	-0.197123	0.58592
154.0178224	-0.20062265	0.58462
154.1135452	-0.20448449	0.58353
154.2093871	-0.20866602	0.58268
154.3053482	-0.21312854	0.58208
154.4014289	-0.21784133	0.58174
154.4976293	-0.22277628	0.58167
154.5939496	-0.22791835	0.58186
154.6903901	-0.23325631	0.58234
154.786951	-0.23877631	0.58312
154.8836326	-0.24446966	0.58423
154.980435	-0.25031001	0.58573
155.0773584	-0.25625652	0.58765
155.1744032	-0.26226471	0.59003
155.2715695	-0.2682711	0.59292
155.3688576	-0.27419028	0.59635
155.4662677	-0.27992715	0.60032
155.5638	-0.28538515	0.60481
155.6614547	-0.29045947	0.60979
155.7592321	-0.2950504	0.61517
155.8571324	-0.2990824	0.62084
155.9551559	-0.30249678	0.62668
156.0533028	-0.30526738	0.63252
156.1515732	-0.30741224	0.6382
156.2499675	-0.30898754	0.64356
156.3484859	-0.31008768	0.64846
156.4471286	-0.3108445	0.65278
156.5458959	-0.3114219	0.65645
156.6447879	-0.31199	0.65947
156.743805	-0.31272275	0.66186
156.8429473	-0.31377938	0.66374
156.9422151	-0.31527554	0.66526
157.0416087	-0.3172862	0.6666
157.1411282	-0.319828	0.66798
157.2407739	-0.3228557	0.6696
157.3405461	-0.32626239	0.67166
157.440445	-0.3298901	0.67429
157.5404708	-0.33354134	0.67759
157.6406238	-0.33699456	0.68156
157.7409043	-0.3400279	0.68614
157.8413123	-0.34244714	0.69116
157.9418483	-0.34410209	0.69642
158.0425125	-0.34490147	0.70163
158.143305	-0.34484739	0.70647
158.2442262	-0.34402311	0.71065
158.3452763	-0.342596	0.71387
158.4464555	-0.34081641	0.71591
158.5477641	-0.33899501	0.71662
158.6492024	-0.33747844	0.71597
158.7507705	-0.33661305	0.71404
158.8524687	-0.33671631	0.71102
158.9542974	-0.33805378	0.70719
159.0562566	-0.34079965	0.70294
159.1583468	-0.345025	0.69866
159.2605681	-0.35069586	0.69478
159.3629208	-0.35766761	0.69168
159.4654051	-0.36570744	0.68968
159.5680213	-0.37451181	0.68901
159.6707697	-0.38374048	0.68978
159.7736505	-0.39304522	0.692
159.8766639	-0.4021042	0.69555
159.9798103	-0.41065563	0.70023
160.0830898	-0.41850996	0.70578
160.1865028	-0.42556478	0.7119
160.2900495	-0.431798	0.71831
160.3937301	-0.43727	0.72472
160.497545	-0.4421087	0.73093
160.6014943	-0.44647689	0.73679
160.7055784	-0.45056923	0.74221
160.8097974	-0.45457745	0.74721
160.9141517	-0.45867174	0.75184
161.0186416	-0.4629902	0.75623
161.1232672	-0.46762828	0.76052
161.2280289	-0.47263392	0.7649
161.3329269	-0.47799146	0.76956
161.4379615	-0.48364321	0.77465
161.543133	-0.48948406	0.78034
161.6484415	-0.49536739	0.78672
161.7538875	-0.50113082	0.79385
161.8594711	-0.50659019	0.80175
161.9651926	-0.51156565	0.81035
162.0710524	-0.5159031	0.81955
162.1770506	-0.51946567	0.82922
162.2831875	-0.52215594	0.83916
162.3894635	-0.52393152	0.84917
162.4958788	-0.5247869	0.85906
162.6024336	-0.52476709	0.86861
162.7091282	-0.5239573	0.87767
162.815963	-0.52246431	0.88609
162.9229381	-0.52042152	0.89376
163.030054	-0.5179729	0.90061
163.1373107	-0.51526472	0.9066
163.2447087	-0.51244045	0.91172
163.3522482	-0.50963865	0.91598
163.4599294	-0.50698706	0.91942
163.5677527	-0.50460489	0.92208
163.6757184	-0.50260988	0.92402
163.7838267	-0.5011086	0.92533
163.8920778	-0.50019279	0.92611
164.0004722	-0.49994026	0.92648
164.1090101	-0.50040871	0.92658
164.2176917	-0.50162748	0.92657
164.3265173	-0.50358834	0.92662
164.4354873	-0.50625144	0.92688
164.5446019	-0.5095422	0.92751
164.6538614	-0.51335098	0.92863
164.7632661	-0.51753934	0.93034
164.8728163	-0.52195452	0.93267
164.9825123	-0.52644516	0.93562
165.0923543	-0.53087186	0.93913
165.2023427	-0.53511495	0.94312
165.3124777	-0.53908743	0.94745
165.4227597	-0.54275324	0.95197
165.533189	-0.54611879	0.95654
165.6437657	-0.54923458	0.96102
165.7544903	-0.5521859	0.96532
165.865363	-0.55508354	0.96937
165.9763842	-0.5580518	0.97317
166.087554	-0.56120144	0.97677
166.1988729	-0.56462298	0.98025
166.3103411	-0.56837789	0.98373
166.421959	-0.57248658	0.98735
166.5337267	-0.57691969	0.99126
166.6456447	-0.58160888	0.99557
166.7577132	-0.58645662	1.00038
166.8699325	-0.59133498	1.00575
166.982303	-0.5961135	1.01167
167.0948249	-0.60066764	1.01812
167.2074986	-0.60487715	1.02503
167.3203243	-0.60865185	1.03228
167.4333024	-0.61193605	1.03975
167.5464332	-0.61470003	1.04731
167.6597169	-0.61694542	1.05482
167.773154	-0.61870547	1.06215
167.8867446	-0.6200412	1.06918
168.0004892	-0.62103849	1.07581
168.114388	-0.62180533	1.08196
168.2284413	-0.62246108	1.08759
168.3426495	-0.62314201	1.09266
168.4570128	-0.62399451	1.0972
168.5715317	-0.6251543	1.10127
168.6862064	-0.6267512	1.10496
168.8010372	-0.62888874	1.10843
168.9160244	-0.63163251	1.11185
169.0311684	-0.63500128	1.11544
169.1464695	-0.63895821	1.11941
169.261928	-0.64340514	1.12399
169.3775442	-0.64817423	1.12937
169.4933185	-0.65305314	1.13567
169.6092512	-0.65779421	1.14297
169.7253425	-0.66212347	1.15126
169.8415929	-0.66576999	1.16044
169.9580027	-0.66849372	1.17032
170.0745721	-0.67009601	1.18066
170.1913016	-0.67044077	1.19113
170.3081914	-0.66948305	1.20137
170.4252418	-0.66724789	1.21105
170.5424533	-0.66384336	1.21979
170.6598261	-0.65945854	1.2273
170.7773606	-0.65433258	1.23332
170.8950571	-0.64875491	1.23765
171.0129159	-0.64305013	1.24016
171.1309374	-0.63755808	1.2408
171.2491219	-0.63262126	1.23958
171.3674698	-0.62857643	1.23658
171.4859813	-0.62574343	1.23194
171.6046569	-0.62441579	1.22586
171.7234968	-0.62485958	1.21858
171.8425015	-0.62729545	1.21042
171.9616712	-0.63189055	1.20171
172.0810064	-0.63876705	1.19282
172.2005072	-0.64797097	1.18418
172.3201742	-0.65947475	1.17618
172.4400076	-0.67318735	1.16923
172.5600077	-0.68893601	1.16372
172.680175	-0.70648366	1.15997
172.8005098	-0.72554728	1.15825
172.9210124	-0.745805	1.15876
173.0416832	-0.76692032	1.16161
173.1625226	-0.78855676	1.16685
173.2835308	-0.81040297	1.17443
173.4047083	-0.83218374	1.18428
173.5260553	-0.85366715	1.19626
173.6475723	-0.87467715	1.21023
173.7692597	-0.89508264	1.22605
173.8911177	-0.91479238	1.2436
174.0131467	-0.93373856	1.2628
174.1353471	-0.95186309	1.2836
174.2577193	-0.96910173	1.306
174.3802635	-0.98535978	1.33004
174.5029803	-1.00049467	1.35578
174.6258699	-1.01431025	1.38327
174.7489327	-1.02655409	1.41254
174.8721691	-1.03691487	1.44357
174.9955794	-1.04503473	1.47625
175.119164	-1.05053767	1.51035
175.2429233	-1.05307185	1.5455
175.3668577	-1.05234239	1.58122
175.4909674	-1.04814537	1.6169
175.615253	-1.0404151	1.65183
175.7397147	-1.02925203	1.68526
175.864353	-1.01493942	1.71644
175.9891682	-0.99793768	1.74471
176.1141607	-0.97885541	1.76954
176.2393308	-0.95841467	1.79058
176.364679	-0.93739177	1.80771
176.4902057	-0.91655092	1.82103
176.6159111	-0.8965925	1.83084
176.7417958	-0.8780883	1.83764
176.86786	-0.86145286	1.842
176.9941042	-0.84692618	1.84458
177.1205287	-0.83457647	1.84598
177.247134	-0.82433362	1.84675
177.3739204	-0.81601338	1.84732
177.5008883	-0.8093858	1.84795
177.6280381	-0.80421788	1.84881
177.7553703	-0.80030263	1.84994
177.8828851	-0.79749771	1.85131
178.0105829	-0.79573497	1.85286
178.1384643	-0.79501827	1.85454
178.2665295	-0.79540569	1.85635
178.394779	-0.79697943	1.85836
178.5232131	-0.79981327	1.86071
178.6518324	-0.8039564	1.86358
178.780637	-0.80940564	1.86722
178.9096276	-0.81609349	1.87186
179.0388044	-0.82390007	1.87772
179.1681679	-0.83265329	1.88498
179.2977184	-0.84215912	1.89373
179.4274565	-0.85222723	1.90401
179.5573824	-0.86269915	1.91577
179.6874966	-0.87347182	1.92894
179.8177996	-0.88450672	1.94342
179.9482917	-0.89584478	1.95913
180.0789732	-0.90758757	1.97607
180.2098448	-0.91988002	1.99431
180.3409067	-0.9328832	2.01406
180.4721593	-0.94672175	2.03567
180.6036032	-0.96144752	2.05961
180.7352387	-0.97698538	2.0865
180.8670662	-0.9930871	2.11702
180.9990861	-1.009308	2.15189
181.131299	-1.02497564	2.19181
181.2637051	-1.03918833	2.23736
181.3963049	-1.05083827	2.28894
181.5290989	-1.0586352	2.34671
181.6620874	-1.06117231	2.41047
181.795271	-1.05700458	2.47967
181.9286499	-1.04473597	2.55333
182.0622248	-1.02312863	2.63007
182.1959959	-0.9911947	2.70814
182.3299637	-0.94830182	2.78545
182.4641287	-0.89424923	2.85972
182.5984913	-0.82931517	2.92855
182.7330519	-0.75429426	2.98957
182.867811	-0.67047375	3.04061
183.002769	-0.57959843	3.07977
183.1379263	-0.48378893	3.10563
183.2732835	-0.38542936	3.11726
183.4088408	-0.28704968	3.11434
183.5445989	-0.19117873	3.09715
183.680558	-0.10021596	3.06655
183.8167188	-0.01630077	3.02394
183.9530815	0.05879504	2.97114
184.0896468	0.12373115	2.91027
184.2264149	0.17764802	2.84365
184.3633864	0.22017336	2.77362
184.5005618	0.25139749	2.70246
184.6379414	0.27182522	2.63224
184.7755257	0.28228895	2.56475
184.9133153	0.28387677	2.50148
185.0513105	0.27783548	2.44353
185.1895119	0.26548942	2.3917
185.3279198	0.24817623	2.34644
185.4665347	0.22718353	2.30794
185.6053572	0.20371078	2.27614
185.7443876	0.17884345	2.25081
185.8836265	0.15354761	2.23157
186.0230743	0.1286596	2.21792
186.1627315	0.10488139	2.20927
186.3025985	0.0827776	2.20496
186.4426759	0.06277781	2.20429
186.582964	0.04516725	2.20651
186.7234634	0.03008165	2.21088
186.8641746	0.01750819	2.21667
187.005098	0.00728925	2.22322
187.1462342	-0.00085955	2.22996
187.2875835	-0.00732838	2.23645
187.4291465	-0.01257007	2.24242
187.5709237	-0.01706899	2.24774
187.7129155	-0.02129372	2.25249
187.8551225	-0.02563515	2.2569
187.9975451	-0.03038568	2.2613
188.1401838	-0.03572167	2.26611
188.2830392	-0.04167282	2.27181
188.4261116	-0.04812439	2.27884
188.5694016	-0.05484814	2.28758
188.7129098	-0.06151923	2.29834
188.8566365	-0.06773197	2.31133
189.0005823	-0.07304638	2.32661
189.1447477	-0.07701078	2.34417
189.2891333	-0.0791744	2.36387
189.4337394	-0.0791177	2.38548
189.5785666	-0.07645468	2.4087
189.7236155	-0.07084485	2.43314
189.8688865	-0.06199973	2.45836
190.0143801	-0.04968833	2.48384
190.1600969	-0.03376073	2.50899
190.3060373	-0.01415749	2.53318
190.4522019	0.00907997	2.55573
190.5985912	0.03579022	2.57593
190.7452058	0.06566729	2.59305
190.892046	0.09825754	2.60642
191.0391125	0.13295969	2.61542
191.1864058	0.16903852	2.61958
191.3339264	0.2056547	2.61857
191.4816749	0.24189115	2.61226
191.6296517	0.27680069	2.60074
191.7778574	0.30946198	2.58434
191.9262925	0.33903664	2.56361
192.0749575	0.36482074	2.5393
192.2238531	0.38628828	2.51231
192.3729796	0.40312081	2.48364
192.5223378	0.41522709	2.45433
192.671928	0.42274016	2.42538
192.8217509	0.42599743	2.3977
192.971807	0.4255103	2.37205
193.1220968	0.42191271	2.34899
193.2726208	0.4159116	2.32888
193.4233798	0.40822183	2.31183
193.574374	0.39950925	2.29777
193.7256043	0.39034091	2.28643
193.877071	0.38115288	2.27745
194.0287747	0.37222572	2.27036
194.180716	0.36367973	2.26472
194.3328955	0.3554892	2.2601
194.4853137	0.3475094	2.2562
194.6379712	0.33951404	2.25281
194.7908685	0.33124559	2.24991
194.9440062	0.32245921	2.24757
195.0973849	0.31295675	2.24602
195.2510051	0.30262321	2.24555
195.4048675	0.29143741	2.24652
195.5589725	0.27947899	2.24929
195.7133208	0.26692415	2.25422
195.8679129	0.25403324	2.26161
196.0227494	0.24112955	2.27171
196.177831	0.22857698	2.28469
196.3331581	0.21677246	2.30069
196.4887314	0.20614539	2.31978
196.6445514	0.19714586	2.34198
196.8006187	0.19025355	2.36727
196.956934	0.18598128	2.39556
197.1134978	0.18486648	2.42668
197.2703107	0.18747164	2.46038
197.4273733	0.19437345	2.49628
197.5846862	0.20612855	2.53385
197.74225	0.22323746	2.57241
197.9000653	0.24611448	2.61114
198.0581327	0.27504881	2.64907
198.2164528	0.31016437	2.68512
198.3750262	0.35138919	2.71813
198.5338535	0.39843493	2.74692
198.6929354	0.45080132	2.77035
198.8522724	0.50776749	2.78732
199.0118652	0.56840453	2.79689
199.1717143	0.63161138	2.79828
199.3318205	0.69613866	2.79092
199.4921842	0.76063267	2.77449
199.6528062	0.82367555	2.74892
199.813687	0.88382846	2.71443
199.9748274	0.93969999	2.67155
200.1362278	0.99000048	2.62107
200.297889	1.03359007	2.56405
200.4598116	1.06953879	2.50178
200.6219962	1.09716272	2.43571
200.7844434	1.11606824	2.36744
200.9471539	1.12617595	2.29858
201.1101283	1.12769985	2.23069
201.2733673	1.12113182	2.16523
201.4368715	1.10721253	2.10348
201.6006416	1.08687606	2.04648
201.7646782	1.06118175	1.995
201.928982	1.03125501	1.94955
202.0935535	0.99823273	1.91037
202.2583936	0.96319743	1.87744
202.4235027	0.92713828	1.85056
202.5888817	0.89093002	1.82936
202.7545311	0.85530938	1.81335
202.9204516	0.82086445	1.80196
203.0866439	0.78804266	1.7946
203.2531086	0.75716536	1.79067
203.4198465	0.72843841	1.78959
203.5868581	0.70197072	1.79082
203.7541442	0.67778608	1.79386
203.9217055	0.65585289	1.7983
204.0895425	0.63610402	1.80376
204.2576561	0.61844024	1.80992
204.4260469	0.60274938	1.81651
204.5947155	0.58891365	1.82329
204.7636627	0.57680733	1.83004
204.9328891	0.56630196	1.83657
205.1023955	0.55726018	1.84268
205.2721826	0.54951937	1.84818
205.4422509	0.5428958	1.85291
205.6126013	0.53718314	1.85672
205.7832345	0.53214351	1.85949
205.9541511	0.52751785	1.86116
206.1253518	0.52303797	1.86172
206.2968374	0.51843821	1.86123
206.4686086	0.51347745	1.85982
206.6406661	0.50795376	1.85767
206.8130105	0.5017173	1.85501
206.9856427	0.49467931	1.85209
207.1585633	0.48682122	1.84918
207.3317731	0.47818831	1.84651
207.5052728	0.46887809	1.84429
207.6790631	0.45903205	1.84267
207.8531448	0.44881385	1.84174
208.0275185	0.43840059	1.84154
208.2021851	0.42795642	1.84202
208.3771452	0.41762703	1.84312
208.5523996	0.40752784	1.84469
208.727949	0.39772171	1.84657
208.9037943	0.38823326	1.84859
209.0799361	0.37903362	1.85054
209.2563751	0.3700304	1.85223
209.4331122	0.36108499	1.8535
209.6101481	0.3520056	1.85419
209.7874836	0.34253792	1.85419
209.9651193	0.33238566	1.85347
210.1430562	0.32122193	1.85206
210.3212949	0.30868613	1.85007
210.4998362	0.29441156	1.84775
210.6786808	0.27805675	1.84546
210.8578297	0.25933836	1.84371
211.0372835	0.23806135	1.84311
211.217043	0.21416144	1.84442
211.3971089	0.18774196	1.84845
211.5774822	0.15909913	1.85608
211.7581635	0.12875447	1.86817
211.9391537	0.09745761	1.8855
212.1204536	0.06617322	1.90869
212.3020639	0.03604346	1.93813
212.4839854	0.00834432	1.97394
212.666219	-0.01557886	2.01589
212.8487654	-0.03440786	2.06337
213.0316255	-0.04693935	2.11542
213.2148	-0.0521732	2.17073
213.3982898	-0.04939605	2.22772
213.5820957	-0.03825709	2.28459
213.7662186	-0.01880555	2.33949
213.9506591	0.00850405	2.39058
214.1354182	0.04281682	2.43617
214.3204967	0.08292346	2.47483
214.5058953	0.12734726	2.50551
214.6916151	0.17443796	2.52755
214.8776566	0.22247016	2.54075
215.0640209	0.26975819	2.54535
215.2507088	0.31475063	2.54199
215.437721	0.35612354	2.53167
215.6250585	0.39283349	2.51561
215.812722	0.42415769	2.49523
216.0007125	0.44971018	2.47198
216.1890308	0.4694221	2.4473
216.3776778	0.48351514	2.42251
216.5666543	0.49244754	2.39876
216.7559611	0.49685778	2.37699
216.9455992	0.49751181	2.35792
217.1355694	0.49524509	2.34202
217.3258726	0.49090069	2.32953
217.5165097	0.48529047	2.3205
217.7074815	0.47916377	2.3148
217.8987889	0.47317957	2.31216
218.0904329	0.46789087	2.3122
218.2824142	0.46373356	2.31446
218.4747339	0.4610195	2.31843
218.6673927	0.45994	2.32359
218.8603916	0.46057712	2.32943
219.0537315	0.46290857	2.33546
219.2474133	0.46682027	2.34125
219.4414379	0.47213084	2.34644
219.6358063	0.47860372	2.35073
219.8305192	0.4859622	2.35391
220.0255777	0.49391714	2.35586
220.2209826	0.50218427	2.35653
220.416735	0.51049611	2.35594
220.6128356	0.51861794	2.35417
220.8092855	0.52635103	2.35133
221.0060856	0.53354434	2.34758
221.2032368	0.54009166	2.34306
221.40074	0.54591753	2.33792
221.5985962	0.55098596	2.33231
221.7968064	0.55528168	2.32633
221.9953715	0.55879594	2.32008
222.1942925	0.56153086	2.31364
222.3935702	0.56347714	2.30705
222.5932057	0.56460814	2.30037
222.7932	0.56489354	2.29367
222.9935539	0.56430068	2.28703
223.1942686	0.56279098	2.28054
223.3953449	0.56033408	2.27434
223.5967838	0.5569262	2.26859
223.7985863	0.55259567	2.26347
224.0007534	0.54741191	2.25917
224.2032861	0.54148807	2.25587
224.4061854	0.53497955	2.25373
224.6094522	0.52806967	2.25286
224.8130876	0.52097089	2.25336
225.0170926	0.51390895	2.25524
225.2214682	0.50710312	2.25849
225.4262153	0.50077576	2.26306
225.6313351	0.49512944	2.26883
225.8368285	0.49034462	2.27568
226.0426965	0.48657563	2.28343
226.2489402	0.48395335	2.29192
226.4555606	0.48258532	2.30093
226.6625588	0.4825398	2.31024
226.8699357	0.48385494	2.31962
227.0776924	0.48652882	2.32882
227.28583	0.49052164	2.33761
227.4943495	0.4957574	2.34575
227.703252	0.50211016	2.35301
227.9125384	0.50942226	2.35922
228.12221	0.51750727	2.36421
228.3322676	0.52615265	2.36788
228.5427125	0.53513366	2.37016
228.7535457	0.54423118	2.37106
228.9647682	0.55323338	2.37059
229.1763811	0.56194747	2.36885
229.3883855	0.57021161	2.36593
229.6007826	0.57789112	2.36197
229.8135733	0.58489139	2.35711
230.0267589	0.5911436	2.35148
230.2403403	0.59661245	2.34523
230.4543187	0.60127954	2.33845
230.6686952	0.6051431	2.33127
230.8834709	0.60822207	2.32376
231.098647	0.61052504	2.31597
231.3142245	0.61206476	2.30797
231.5302045	0.61285841	2.29979
231.7465883	0.61290941	2.29145
231.9633769	0.61221664	2.28298
232.1805715	0.61076688	2.27438
232.3981732	0.60853611	2.26568
232.6161831	0.60549373	2.25689
232.8346025	0.60159054	2.24803
233.0534324	0.59677291	2.23915
233.2726741	0.59097369	2.23028
233.4923286	0.58411584	2.22151
233.7123972	0.57612059	2.21293
233.932881	0.5669159	2.2047
234.1537812	0.55645695	2.197
234.375099	0.54471684	2.19003
234.5968356	0.5317167	2.18407
234.8189921	0.51754136	2.17938
235.0415697	0.50232716	2.17623
235.2645698	0.48629207	2.17491
235.4879933	0.46972146	2.17561
235.7118417	0.45294519	2.17849
235.936116	0.43634399	2.18363
236.1608174	0.42031681	2.19099
236.3859474	0.405253	2.20044
236.6115069	0.3915028	2.21173
236.8374973	0.37935449	2.22455
237.0639198	0.36902497	2.23852
237.2907757	0.36064164	2.25322
237.5180661	0.35423454	2.26822
237.7457924	0.3497559	2.28314
237.9739558	0.34709131	2.29761
238.2025575	0.34606882	2.31133
238.4315989	0.34648291	2.32405
238.6610812	0.34810258	2.33557
238.8910056	0.35068815	2.34575
239.1213734	0.35398809	2.35446
239.352186	0.35773831	2.36163
239.5834446	0.3616674	2.36721
239.8151505	0.36548551	2.37119
240.047305	0.36889518	2.37363
240.2799095	0.37160449	2.37465
240.5129651	0.37334792	2.37446
240.7464733	0.37390125	2.37332
240.9804353	0.37310885	2.37159
241.2148526	0.3709174	2.36966
241.4497263	0.36737159	2.36791
241.6850579	0.36262687	2.36672
241.9208486	0.35693299	2.36635
242.1570999	0.35058938	2.36696
242.3938131	0.34392088	2.36859
242.6309895	0.33723098	2.37113
242.8686305	0.33075519	2.37436
243.1067375	0.32461767	2.37796
243.3453118	0.31882494	2.38163
243.5843548	0.31326759	2.38506
243.8238679	0.30772978	2.38805
244.0638525	0.30194468	2.39053
244.30431	0.29563207	2.39255
244.5452417	0.28854878	2.39432
244.7866491	0.28054686	2.39616
245.0285337	0.27159908	2.39844
245.2708967	0.26181813	2.40155
245.5137396	0.25145183	2.4058
245.7570639	0.24084688	2.41138
246.000871	0.23040713	2.41832
246.2451624	0.22052845	2.42645
246.4899393	0.21153711	2.43544
246.7352035	0.20363187	2.4448
246.9809561	0.19682901	2.45396
247.2271989	0.19096054	2.46238
247.4739331	0.1856693	2.46955
247.7211603	0.18043711	2.47516
247.9688819	0.17465469	2.4791
248.2170995	0.16768744	2.48152
248.4658146	0.15896556	2.48283
248.7150285	0.14805263	2.48364
248.9647429	0.13471445	2.48475
249.2149592	0.11897181	2.48702
249.465679	0.10109283	2.49126
249.7169038	0.08157456	2.49818
249.968635	0.06110595	2.50828
250.2208743	0.04049569	2.52179
250.4736232	0.02056934	2.53861
250.7268832	0.00208678	2.55839
250.9806558	-0.01433042	2.5805
251.2349427	-0.02828891	2.60411
251.4897454	-0.03965261	2.62833
251.7450655	-0.04856322	2.65223
252.0009045	-0.05543363	2.67502
252.257264	-0.06088552	2.69611
252.5141456	-0.06569484	2.71516
252.771551	-0.07070681	2.73217
253.0294817	-0.07672429	2.74748
253.2879393	-0.08441312	2.76173
253.5469255	-0.09421445	2.77582
253.8064418	-0.1062712	2.79081
254.0664899	-0.12039293	2.8078
254.3270714	-0.13604164	2.82783
254.5881881	-0.15237007	2.8517
254.8498414	-0.16829681	2.87991
255.1120332	-0.18260597	2.91254
255.3747649	-0.1940662	2.94925
255.6380384	-0.2015654	2.98923
255.9018553	-0.20424051	3.03131
256.1662173	-0.20156456	3.07404
256.431126	-0.19342379	3.1158
256.6965832	-0.18014883	3.15498
256.9625906	-0.16248005	3.19014
257.2291499	-0.14150374	3.22011
257.4962627	-0.11856756	3.2441
257.7639309	-0.09514966	3.26179
258.0321562	-0.072738	3.27328
258.3009402	-0.05272152	3.27911
258.5702848	-0.03628213	3.28017
258.8401917	-0.02432995	3.2776
259.1106627	-0.0174682	3.27269
259.3816995	-0.01599699	3.26676
259.653304	-0.01993248	3.26111
259.9254778	-0.02904995	3.25691
260.1982229	-0.04293238	3.25521
260.4715409	-0.06101989	3.25687
260.7454337	-0.08266015	3.2626
261.0199032	-0.10714535	3.27294
261.2949511	-0.13373408	3.28832
261.5705793	-0.161659	3.30904
261.8467895	-0.190143	3.33529
262.1235838	-0.21840435	3.36716
262.4009638	-0.24565358	3.40465
262.6789315	-0.27109953	3.44764
262.9574888	-0.29396777	3.49589
263.2366374	-0.31351506	3.54904
263.5163794	-0.32905643	3.60659
263.7967166	-0.3399851	3.66794
264.0776509	-0.34581271	3.73234
264.3591841	-0.34623007	3.79897
264.6413183	-0.34123408	3.86696
264.9240554	-0.33230843	3.93541
265.2068299	-0.30674392	4.00342
265.4907773	-0.28642325	4.07019
265.7753333	-0.25904428	4.13501
266.0605	-0.2265867	4.19728
266.3462793	-0.1897803	4.25658
266.6326731	-0.14920003	4.31262
266.9196835	-0.10536104	4.36524
267.2073125	-0.05870058	4.41441
267.495562	-0.00955927	4.46015
267.7844341	0.04181848	4.5025
268.0739308	0.0952673	4.54145
268.3640541	0.15068708	4.57695
268.6548061	0.20799313	4.60879
268.9461887	0.26707087	4.6367
269.2382041	0.32772883	4.66025
269.5308543	0.38963348	4.67896
269.8241415	0.45229739	4.69235
270.1180675	0.51505853	4.69997
270.4126347	0.57708646	4.70152
270.707845	0.63742559	4.6969
271.0037005	0.69504797	4.68627
271.3002035	0.74894196	4.67011
271.597356	0.7981972	4.64917
271.8951601	0.84208628	4.62448
272.193618	0.88014368	4.59725
272.4927319	0.9122003	4.56877
272.7925039	0.9384029	4.54033
273.0929361	0.95919398	4.51307
273.3940309	0.97525309	4.48791
273.6957903	0.98741781	4.46546
273.9982166	0.99657971	4.44599
274.3013119	1.00358182	4.42944
274.6050786	1.00911598	4.41545
274.9095188	1.01365338	4.40348
275.2146349	1.01739399	4.39286
275.5204289	1.02025487	4.38297
275.8269032	1.0219078	4.37331
276.1340601	1.02182089	4.36359
276.4419019	1.01934638	4.35384
276.7504308	1.01382916	4.34441
277.0596492	1.00469173	4.33595
277.3695593	0.99153282	4.32942
277.6801635	0.97420797	4.32597
277.9914641	0.952883	4.32689
278.3034635	0.9280596	4.33346
278.616164	0.90056589	4.34688
278.9295681	0.87154326	4.36817
279.2436779	0.84237893	4.39803
279.5584961	0.81463503	4.43685
279.8740248	0.7899716	4.4846
280.1902667	0.77003315	4.54083
280.507224	0.75636045	4.60471
280.8248992	0.75030653	4.67504
281.1432948	0.75295229	4.75032
281.4624132	0.76504521	4.82884
281.7822568	0.78698142	4.90881
282.1028282	0.81879488	4.9884
282.4241298	0.860178	5.06591
282.7461642	0.91054292	5.13981
283.0689338	0.96908273	5.20881
283.3924411	1.03485211	5.27189
283.7166888	1.10684618	5.32829
284.0416793	1.18406352	5.37747
284.3674151	1.26555227	5.41906
284.693899	1.35042427	5.45277
285.0211333	1.43782455	5.47832
285.3491208	1.52689656	5.49544
285.6778641	1.61672647	5.50381
286.0073656	1.70628891	5.50314
286.3376282	1.79439982	5.49317
286.6686543	1.87970498	5.47384
287.0004468	1.96070053	5.44531
287.3330081	2.03579718	5.40815
287.6663411	2.10342755	5.36333
288.0004483	2.16216121	5.3123
288.3353326	2.21084491	5.25694
288.6709965	2.24872205	5.19949
289.0074429	2.2755425	5.14244
289.3446744	2.29160906	5.08831
289.6826939	2.29777126	5.03953
290.0215041	2.29540619	4.99828
290.3611077	2.28631422	4.96627
290.7015076	2.27259803	4.94474
291.0427066	2.25653173	4.93432
291.3847074	2.24041353	4.93509
291.7275129	2.22644532	4.94658
292.071126	2.21662628	4.96787
292.4155495	2.21269382	4.99768
292.7607863	2.21607061	5.03442
293.1068392	2.22783882	5.07632
293.4537112	2.24873835	5.12147
293.8014052	2.27915961	5.16789
294.1499241	2.31915906	5.2136
294.4992708	2.36844749	5.2566
294.8494483	2.42638455	5.295
295.2004595	2.49198976	5.32703
295.5523075	2.56395925	5.35116
295.9049952	2.64069805	5.36613
296.2585257	2.7203638	5.37107
296.6129019	2.80096506	5.36559
296.9681269	2.88046845	5.34979
297.3242038	2.95690611	5.32429
297.6811357	3.02851557	5.29024
298.0389255	3.09386031	5.2492
298.3975764	3.15192038	5.20307
298.7570916	3.20217953	5.15396
299.1174741	3.24464946	5.10398
299.4787271	3.2798488	5.05512
299.8408537	3.30875672	5.00908
300.2038571	3.33270798	4.96712
300.5677406	3.35326131	4.92999
300.9325073	3.372048	4.89786
301.2981604	3.39060657	4.87034
301.6647032	3.41024602	4.84656
302.0321389	3.4319098	4.82522
302.4004707	3.45607612	4.8048
302.7697021	3.48273063	4.78372
303.1398362	3.5113615	4.76049
303.5108764	3.54102113	4.73394
303.882826	3.57044396	4.70332
304.2556883	3.59817023	4.66839
304.6294668	3.62271296	4.62951
305.0041648	3.64273674	4.58759
305.3797857	3.6571871	4.54399
305.7563329	3.66542985	4.50049
306.1338099	3.66733722	4.45902
306.51222	3.66330398	4.42156
306.8915668	3.65425652	4.38996
307.2718538	3.64159152	4.36574
307.6530844	3.6270693	4.34998
308.0352621	3.61270374	4.34324
308.4183905	3.60061354	4.34545
308.8024732	3.5928581	4.35594
309.1875137	3.59131084	4.37349
309.5735156	3.59751961	4.39634
309.9604825	3.61258448	4.42235
310.348418	3.63707609	4.44911
310.7373258	3.67100253	4.47415
311.1272095	3.71379622	4.49502
311.5180729	3.76434779	4.50955
311.9099195	3.82108835	4.51592
312.3027531	3.88210764	4.51286
312.6965776	3.94529693	4.49964
313.0913965	4.0084895	4.47616
313.4872137	4.06963431	4.44292
313.8840329	4.12692288	4.4009
314.281858	4.17890106	4.35151
314.6806929	4.22454182	4.29638
315.0805413	4.26326199	4.23725
315.4814071	4.29490434	4.17579
315.8832943	4.31966292	4.11348
316.2862066	4.33800472	4.05156
316.6901481	4.35055882	3.99092
317.0951228	4.3580071	3.93217
317.5011344	4.36099747	3.87563
317.9081872	4.36008045	3.82145
318.316285	4.35566694	3.76963
318.7254319	4.34802654	3.72019
319.1356319	4.3373261	3.67318
319.5468892	4.32366335	3.62875
319.9592077	4.30712741	3.58718
320.3725917	4.28786781	3.54888
320.7870453	4.26614648	3.51433
321.2025725	4.24236342	3.48403
321.6191777	4.21707381	3.45845
322.0368649	4.19098633	3.43795
322.4556385	4.16492652	3.4227
322.8755026	4.13977117	3.41263
323.2964615	4.1163864	3.40744
323.7185196	4.09556808	3.40658
324.141681	4.07795701	3.40925
324.5659503	4.06398267	3.41451
324.9913316	4.05381904	3.42129
325.4178294	4.04735374	3.42853
325.8454481	4.04420379	3.43526
326.2741921	4.04374203	3.44068
326.7040659	4.04514907	3.44425
327.1350739	4.04748438	3.44574
327.5672206	4.04977779	3.44529
328.0005106	4.05113956	3.44341
328.4349483	4.05085609	3.44093
328.8705385	4.04846956	3.43895
329.3072855	4.04386175	3.43878
329.7451941	4.03730001	3.44178
330.184269	4.02945967	3.44929
330.6245147	4.02139923	3.46242
331.0659359	4.01451586	3.48203
331.5085374	4.01047125	3.50852
331.952324	4.01106599	3.54181
332.3973003	4.01812903	3.58129
332.8434711	4.03337426	3.62578
333.2908414	4.05826596	3.67361
333.7394159	4.0938938	3.72265
334.1891995	4.14087573	3.77048
334.640197	4.19929961	3.81448
335.0924135	4.26867092	3.85198
335.5458539	4.34792753	3.88047
336.000523	4.43548709	3.89769
336.4564261	4.52931102	3.90179
336.9135679	4.62700189	3.89142
337.3719537	4.7259353	3.86585
337.8315886	4.82339606	3.82495
338.2924775	4.91670626	3.76923
338.7546257	5.00335995	3.69979
339.2180383	5.08115025	3.61828
339.6827205	5.14826866	3.52676
340.1486776	5.20337156	3.42761
340.6159148	5.24561453	3.32337
341.0844374	5.27467419	3.21667
341.5542507	5.29072226	3.11001
342.02536	5.29436339	3.00573
342.4977707	5.2865918	2.90591
342.9714882	5.26869828	2.81226
343.446518	5.24218249	2.72615
343.9228655	5.20868023	2.64856
344.4005361	5.16988701	2.58011
344.8795355	5.1274936	2.52106
345.3598691	5.08312432	2.47135
345.8415425	5.03829937	2.43065
346.3245615	4.99439785	2.39837
346.8089315	4.95262401	2.37372
347.2946583	4.9139912	2.35575
347.7817475	4.87931193	2.34339
348.2702051	4.84918355	2.33547
348.7600366	4.82397979	2.33078
349.2512479	4.80386034	2.32811
349.7438449	4.78877032	2.32626
350.2378333	4.77843988	2.3241
350.7332192	4.77242209	2.32064
351.2300085	4.77010161	2.31497
351.7282071	4.77071162	2.30639
352.227821	4.77338484	2.29439
352.7288563	4.77718658	2.27868
353.2313191	4.7811578	2.2592
353.7352154	4.78436276	2.23613
354.2405514	4.78594031	2.20988
354.7473333	4.7851539	2.18107
355.2555673	4.78143642	2.15049
355.7652597	4.77441636	2.11904
356.2764167	4.7639452	2.08771
356.7890446	4.75011717	2.05749
357.3031499	4.73324988	2.02929
357.8187388	4.71386435	2.00392
358.3358179	4.69266636	1.98202
358.8543936	4.67048781	1.96398
359.3744725	4.64822152	1.94995
359.896061	4.62677509	1.93983
360.4191657	4.60699125	1.93322
360.9437933	4.58958909	1.92953
361.4699504	4.57511332	1.92794
361.9976438	4.56388085	1.92752
362.5268801	4.55596663	1.92728
363.0576662	4.55118847	1.92624
363.5900088	4.54913318	1.92355
364.1239148	4.54919341	1.9185
364.6593912	4.55060703	1.91061
365.1964448	4.55253859	1.89968
365.7350826	4.55414508	1.88575
366.2753117	4.55464423	1.86914
366.8171391	4.55338166	1.85037
367.3605719	4.549866	1.83012
367.9056172	4.54380075	1.80918
368.4522823	4.53510999	1.78839
369.0005744	4.52391146	1.76851
369.5505007	4.51050306	1.75028
370.1020687	4.49534299	1.73427
370.6552855	4.47898857	1.7209
371.2101587	4.46207925	1.71045
371.7666957	4.44528567	1.70297
372.3249039	4.42927219	1.69838
372.884791	4.41466227	1.69638
373.4463645	4.40199977	1.69655
374.009632	4.39171727	1.69829
374.5746012	4.3840943	1.70091
375.1412799	4.37924598	1.70365
375.7096758	4.37709889	1.70571
376.2797967	4.37737656	1.70632
376.8516505	4.37961793	1.70482
377.4252451	4.38320767	1.70069
378.0005884	4.38740823	1.6936
378.5776885	4.39141456	1.68346
379.1565535	4.3944141	1.67042
379.7371914	4.39566119	1.6549
380.3196104	4.39452445	1.63749
380.9038187	4.39054226	1.61901
381.4898246	4.38346476	1.60035
382.0776364	4.37326176	1.58248
382.6672623	4.36014533	1.56636
383.258711	4.34454648	1.55285
383.8519907	4.32709888	1.54271
384.4471101	4.30860478	1.53648
385.0440776	4.28998067	1.53449
385.642902	4.27220575	1.5368
386.2435919	4.25626519	1.54322
386.846156	4.2430879	1.55327
387.4506031	4.23348157	1.56623
388.0569421	4.22806291	1.58113
388.6651818	4.227211	1.59688
389.2753312	4.23104257	1.61228
389.8873994	4.23938001	1.62612
390.5013953	4.25176516	1.63729
391.1173281	4.26748658	1.64483
391.735207	4.28563631	1.64805
392.3550411	4.30518208	1.64653
392.9768399	4.32504641	1.64019
393.6006127	4.34420213	1.62926
394.2263688	4.36173835	1.61423
394.8541178	4.37692588	1.59583
395.4838692	4.38926413	1.57492
396.1156326	4.39849135	1.55242
396.7494176	4.40458653	1.52924
397.385234	4.40773239	1.50617
398.0230915	4.40827585	1.48389
398.663	4.40668242	1.46288
399.3049694	4.4034739	1.44344
399.9490097	4.39917972	1.42568
400.5951309	4.3942907	1.40955
401.243343	4.38922942	1.39487
401.8936564	4.38431475	1.38134
402.5460812	4.37975778	1.36864
403.2006276	4.37565764	1.35639
403.8573062	4.37199826	1.34425
404.5161272	4.36867319	1.33192
405.1771013	4.3654947	1.31916
405.840239	4.36221685	1.30583
406.5055508	4.35857343	1.2919
407.1730476	4.35429972	1.27742
407.8427401	4.34915026	1.26254
408.5146392	4.34292962	1.2475
409.1887558	4.33551453	1.2326
409.8651008	4.32685486	1.21816
410.5436854	4.31698491	1.20454
411.2245207	4.30602037	1.19206
411.9076179	4.29415255	1.18104
412.5929884	4.28164497	1.17173
413.2806433	4.26880957	1.16432
413.9705943	4.25600031	1.15894
414.6628528	4.24361098	1.15565
415.3574305	4.23204643	1.15439
416.0543389	4.22171974	1.15506
416.7535899	4.21303066	1.1574
417.4551953	4.20634112	1.1611
418.1591669	4.20196302	1.16571
418.8655169	4.20011547	1.17069
419.5742572	4.20090308	1.17542
420.2854	4.20429299	1.17923
420.9989576	4.21008773	1.18142
421.7149422	4.21791922	1.18135
422.4333663	4.22726545	1.17847
423.1542423	4.23746757	1.17237
423.8775829	4.24776239	1.16283
424.6034007	4.25734467	1.14988
425.3317084	4.26542829	1.13377
426.0625189	4.27130888	1.115
426.7958451	4.27442352	1.09425
427.5317	4.27439515	1.07236
428.2700967	4.27106414	1.05024
429.0110484	4.26450548	1.02883
429.7545685	4.25501066	1.00897
430.5006701	4.24306649	0.99142
431.249367	4.22931675	0.97672
432.0006725	4.21450006	0.96522
432.7546003	4.19939394	0.95702
433.5111643	4.18475817	0.95202
434.2703783	4.17128734	0.9499
435.0322561	4.15955718	0.95017
435.796812	4.15000099	0.95223
436.5640599	4.14289106	0.95539
437.3340141	4.13832977	0.95894
438.106689	4.13624834	0.96217
438.8820991	4.13641785	0.96445
439.6602589	4.13849278	0.96527
440.4411829	4.14202356	0.9642
441.2248861	4.14649372	0.96101
442.0113832	4.15137378	0.9556
442.8006893	4.15613739	0.94801
443.5928193	4.16030206	0.93844
444.3877885	4.16346629	0.9272
445.1856122	4.16532317	0.91468
445.9863058	4.16568071	0.90134
446.7898847	4.16446016	0.88763
447.5963646	4.16168901	0.87401
448.4057613	4.15750653	0.8609
449.2180906	4.15213096	0.84862
450.0333684	4.14583492	0.83743
450.8516109	4.13893129	0.82749
451.6728342	4.13174686	0.81887
452.4970547	4.12460333	0.81155
453.3242888	4.1177916	0.80542
454.1545531	4.11156435	0.80033
454.9878642	4.10613435	0.79607
455.824239	4.10166222	0.79239
456.6636943	4.09825036	0.78901
457.5062472	4.09594087	0.78564
458.351915	4.09471778	0.78199
459.2007148	4.09450969	0.77778
460.0526642	4.09518653	0.77274
460.9077807	4.09656915	0.76665
461.7660819	4.09842625	0.7593
462.6275858	4.10048064	0.75057
463.4923103	4.10243904	0.74041
464.3602734	4.1040049	0.72884
465.2314934	4.10488478	0.71594
466.1059887	4.10480496	0.70188
466.9837778	4.10354486	0.68691
467.8648792	4.10094107	0.6713
468.7493119	4.09689678	0.65538
469.6370947	4.09138375	0.63946
470.5282467	4.08444253	0.62388
471.4227871	4.07618982	0.60894
472.3207352	4.06679489	0.59489
473.2221107	4.0564758	0.58195
474.1269331	4.04549442	0.57027
475.0352222	4.0341387	0.55993
475.9469981	4.02270774	0.55093
476.8622808	4.01149614	0.54319
477.7810906	4.00076662	0.53653
478.7034479	3.99073539	0.53072
479.6293733	3.98155315	0.52544
480.5588876	3.97328175	0.52034
481.4920117	3.9658832	0.51504
482.4287665	3.9592143	0.50919
483.3691735	3.95303807	0.50249
484.3132539	3.94703505	0.49472
485.2610294	3.94082241	0.48577
486.2125216	3.93399948	0.47569
487.1677525	3.92618474	0.46464
488.1267441	3.91704404	0.45292
489.0895187	3.90633265	0.44094
490.0560988	3.89391953	0.42918
491.0265069	3.8798049	0.41816
492.0007659	3.86411582	0.40837
492.9788986	3.84709474	0.40027
493.9609283	3.82910546	0.39426
494.9468782	3.81058602	0.39057
495.936772	3.79202389	0.38937
496.9306333	3.77393814	0.39065
497.9284859	3.75683247	0.39428
498.9303541	3.74117022	0.39999
499.9362621	3.72735117	0.40741
500.9462343	3.71567861	0.41604
501.9602955	3.70633902	0.42534
502.9784706	3.69939454	0.43471
504.0007846	3.69476667	0.44355
505.0272627	3.69224585	0.4513
506.0579306	3.69148741	0.45744
507.0928139	3.69203675	0.4616
508.1319385	3.69336424	0.46352
509.1753306	3.69489548	0.46312
510.2230165	3.69605175	0.46047
511.2750227	3.69629964	0.45584
512.331376	3.69518729	0.44961
513.3921035	3.6923868	0.44233
514.4572324	3.68771879	0.43457
515.52679	3.68115221	0.42696
516.6008042	3.67282691	0.42011
517.6793027	3.6630197	0.41452
518.7623138	3.65212988	0.41063
519.8498658	3.64064536	0.40868
520.9419874	3.62908396	0.40877
522.0387074	3.61796898	0.41084
523.1400549	3.60777954	0.41465
524.2460592	3.59889843	0.41982
525.35675	3.59159872	0.4259
526.4721571	3.5860128	0.43233
527.5923106	3.58211176	0.43857
528.7172409	3.579734	0.44413
529.8469786	3.57858841	0.44857
530.9815546	3.57827923	0.4516
532.121	3.57835953	0.45308
533.2653462	3.57836744	0.45302
534.414625	3.57787186	0.4516
535.5688683	3.57651497	0.44913
536.7281082	3.57405518	0.44605
537.8923774	3.57038682	0.44283
539.0617087	3.56555135	0.43998
540.2361351	3.55973017	0.43793
541.41569	3.55321383	0.43704
542.600407	3.54639053	0.43756
543.7903202	3.53969796	0.43956
544.9854637	3.53356748	0.44296
546.1858722	3.52839141	0.44754
547.3915806	3.52447429	0.45293
548.6026239	3.52201288	0.45871
549.8190377	3.52107196	0.46436
551.0408578	3.52156615	0.46939
552.2681203	3.523281	0.47335
553.5008616	3.52588108	0.47587
554.7391186	3.528942	0.47672
555.9829283	3.53198902	0.47581
557.2323281	3.53454404	0.47323
558.4873559	3.53616436	0.4692
559.7480497	3.53647637	0.4641
561.014448	3.53523811	0.45845
562.2865896	3.53234807	0.45278
563.5645136	3.52785697	0.44769
564.8482597	3.52197836	0.44371
566.1378676	3.5150641	0.4413
567.4333776	3.50757743	0.44077
568.7348303	3.50004507	0.44227
570.0422667	3.49301983	0.44578
571.3557281	3.48702053	0.45107
572.6752564	3.48248056	0.45777
574.0008935	3.47971105	0.46537
575.3326821	3.47887265	0.4733
576.6706651	3.47996724	0.48096
578.0148858	3.48283287	0.48778
579.3653879	3.48716557	0.49329
580.7222155	3.49256432	0.49716
582.0854131	3.49856451	0.49919
583.4550259	3.50468567	0.49937
584.8310991	3.51048516	0.49783
586.2136785	3.51558414	0.49482
587.6028104	3.51970128	0.4907
588.9985416	3.52267157	0.48587
590.400919	3.52444346	0.48074
591.8099905	3.52507088	0.47569
593.2258038	3.52469428	0.47104
594.6484077	3.52351643	0.46703
596.077851	3.52176776	0.4638
597.5141831	3.51968752	0.46143
598.9574541	3.51750064	0.4599
600.4077143	3.51539544	0.45915
601.8650146	3.51351999	0.45908
603.3294063	3.51198409	0.45959
604.8009415	3.51087297	0.46058
606.2796724	3.51023924	0.46193
607.765652	3.51011672	0.46357
609.2589337	3.51054463	0.46543
610.7595714	3.51155432	0.46742
612.2676198	3.51317383	0.46947
613.7831337	3.51542362	0.47147
615.3061687	3.51830013	0.47331
616.8367811	3.5217797	0.47488
618.3750274	3.52580881	0.47606
619.920965	3.53030232	0.47676
621.4746516	3.53515244	0.47692
623.0361457	3.54024517	0.47654
624.6055063	3.54547807	0.47566
626.1827929	3.55078179	0.47438
627.7680658	3.55612662	0.4728
629.3613858	3.561546	0.47108
630.9628142	3.56713536	0.4693
632.5724133	3.57303475	0.46753
634.1902455	3.57941461	0.46573
635.8163744	3.5864453	0.4638
637.4508638	3.59427402	0.46153
639.0937784	3.60297708	0.45862
640.7451835	3.61254776	0.45475
642.4051451	3.62288052	0.44955
644.0737299	3.63375806	0.44269
645.7510052	3.64487599	0.43391
647.4370392	3.6558545	0.42302
649.1319005	3.66626095	0.40996
650.8356588	3.67565759	0.39481
652.5483842	3.68363489	0.37776
654.2701478	3.68982936	0.3591
656.0010212	3.6939568	0.33923
657.7410769	3.69582444	0.31858
659.4903883	3.69533899	0.29764
661.2490293	3.69252022	0.27689
663.0170749	3.68747752	0.25676
664.7946005	3.68039862	0.23765
666.5816828	3.67153696	0.21988
668.3783989	3.6611956	0.20371
670.184827	3.64970283	0.18929
672.0010461	3.63738979	0.17671
673.8271359	3.62458335	0.16598
675.6631771	3.611588	0.15704
677.5092514	3.59866386	0.14976
679.3654411	3.5860329	0.14401
681.2318297	3.57387155	0.13959
683.1085014	3.56230915	0.13633
684.9955414	3.55143177	0.13402
686.893036	3.54128619	0.1325
688.8010722	3.53189429	0.1316
690.7197382	3.52324922	0.13118
692.6491229	3.51533187	0.13113
694.5893165	3.5081211	0.13136
696.5404101	3.50158796	0.13178
698.5024958	3.4957109	0.13235
700.4756667	3.49047863	0.133
702.460017	3.48587343	0.13367
704.455642	3.4818876	0.13432
706.4626382	3.47852002	0.13488
708.4811029	3.4757596	0.13527
710.5111347	3.47358562	0.13541
712.5528333	3.47197298	0.13522
714.6062997	3.47087942	0.13459
716.6716358	3.47023376	0.13342
718.7489449	3.4699537	0.13164
720.8383314	3.46993357	0.12915
722.9399009	3.47005198	0.12592
725.0537602	3.47017333	0.12189
727.1800176	3.47014983	0.11708
729.3187824	3.46983806	0.11151
731.4701652	3.46909518	0.10525
733.6342781	3.46780112	0.09841
735.8112344	3.4658536	0.0911
738.0011488	3.46318145	0.08349
740.2041373	3.45974695	0.07572
742.4203174	3.45554522	0.06797
744.6498078	3.4506075	0.06038
746.8927289	3.44498842	0.05309
749.1492024	3.43876584	0.04621
751.4193515	3.43203192	0.03983
753.7033009	3.4248944	0.03402
756.0011768	3.41746239	0.0288
758.313107	3.40983753	0.02418
760.6392209	3.40211312	0.02014
762.9796492	3.39436779	0.01665
765.3345247	3.38667415	0.01368
767.7039814	3.37908536	0.01116
770.0881553	3.37164133	0.00906
772.4871838	3.36437817	0.00732
774.9012063	3.35731095	0.00588
777.3303636	3.35044958	0.00471
779.7747987	3.34380032	0.00376
782.2346562	3.3373616	0.003
784.7100823	3.33113224	0.0024
787.2012254	3.32510803	0.00193
789.7082357	3.31927823	0.00156
792.2312652	3.31363284	0.00128
794.7704679	3.30816463	0.00107
797.326	3.30286441	9.16E-04
799.8980194	3.29772204	8.03E-04
802.4866861	3.29272692	7.22E-04
805.0921623	3.28786901	6.64E-04
807.7146124	3.28313916	6.24E-04
810.3542026	3.27852871	5.95E-04
813.0111016	3.27402876	5.73E-04
815.6854803	3.26963106	5.55E-04
818.3775116	3.26532856	5.40E-04
821.0873709	3.26111446	5.25E-04
823.8152359	3.25698246	5.11E-04
826.5612867	3.25292806	4.98E-04
829.3257057	3.24894623	4.84E-04
832.1086779	3.24503296	4.72E-04
834.9103906	3.2411849	4.60E-04
837.7310338	3.23739925	4.51E-04
840.5708	3.23367388	4.43E-04
843.4298844	3.2300062	4.37E-04
846.3084846	3.22639441	4.33E-04
849.2068014	3.22283687	4.31E-04
852.1250378	3.2193324	4.31E-04
855.0634	3.21587934	4.31E-04
858.0220969	3.21247555	4.31E-04
861.0013403	3.20911953	4.31E-04
864.0013449	3.20580973	4.30E-04
867.0223287	3.20254395	4.27E-04
870.0645123	3.19932028	4.23E-04
873.1281197	3.1961375	4.18E-04
876.2133781	3.19299384	4.11E-04
879.3205177	3.18988743	4.03E-04
882.4497722	3.18681724	3.95E-04
885.6013786	3.18378245	3.87E-04
888.7755771	3.1807819	3.79E-04
891.9726115	3.17781468	3.72E-04
895.1927292	3.17488067	3.67E-04
898.4361812	3.17197961	3.63E-04
901.7032218	3.1691107	3.60E-04
904.9941095	3.16627381	3.59E-04
908.3091062	3.1634684	3.58E-04
911.6484779	3.16069421	3.59E-04
915.0124945	3.15795085	3.59E-04
918.4014296	3.15523723	3.59E-04
921.8155613	3.15255268	3.58E-04
925.2551716	3.14989618	3.56E-04
928.7205468	3.14726684	3.53E-04
932.2119774	3.14466376	3.49E-04
935.7297585	3.14208657	3.45E-04
939.2741894	3.13953421	3.39E-04
942.8455741	3.13700603	3.34E-04
946.4442214	3.13450169	3.28E-04
950.0704444	3.13202047	3.23E-04
953.7245615	3.12956251	3.19E-04
957.4068958	3.12712776	3.16E-04
961.1177752	3.12471612	3.14E-04
964.8575331	3.1223276	3.13E-04
968.6265078	3.1199618	3.12E-04
972.4250431	3.11761851	3.12E-04
976.2534882	3.1152978	3.12E-04
980.1121976	3.11299885	3.11E-04
984.0015317	3.11072104	3.10E-04
987.9218566	3.10846448	3.09E-04
991.873544	3.10622828	3.06E-04
995.8569719	3.10401154	3.03E-04
999.8725242	3.10181441	3.00E-04
1003.920591	3.09963638	2.96E-04
1008.001569	3.09747683	2.92E-04
1012.115861	3.0953355	2.88E-04
1016.263877	3.09321246	2.85E-04
1020.446033	3.09110768	2.82E-04
1024.662752	3.08902106	2.80E-04
1028.914465	3.08695264	2.78E-04
1033.201608	3.08490189	2.76E-04
1037.524628	3.08286891	2.75E-04
1041.883975	3.08085395	2.74E-04
1046.28011	3.07885634	2.72E-04
1050.7135	3.07687556	2.70E-04
1055.184621	3.07491172	2.68E-04
1059.693957	3.07296437	2.65E-04
1064.242	3.07103317	2.62E-04
1068.82925	3.06911774	2.58E-04
1073.456216	3.06721753	2.54E-04
1078.123417	3.06533301	2.51E-04
1082.83138	3.06346405	2.47E-04
1087.58064	3.06160994	2.43E-04
1092.371744	3.05977108	2.40E-04
1097.205248	3.05794727	2.36E-04
1102.081716	3.05613838	2.33E-04
1107.001723	3.0543444	2.29E-04
1111.965857	3.05256478	2.25E-04
1116.974712	3.05079955	2.21E-04
1122.028896	3.04904878	2.17E-04
1127.129027	3.04731207	2.12E-04
1132.275735	3.04558903	2.07E-04
1137.469661	3.04387986	2.02E-04
1142.711456	3.04218418	1.96E-04
1148.001787	3.04050163	1.90E-04
1153.34133	3.0388324	1.84E-04
1158.730776	3.03717601	1.77E-04
1164.170826	3.03553256	1.71E-04
1169.662198	3.03390215	1.64E-04
1175.205621	3.03228442	1.57E-04
1180.801838	3.03067907	1.49E-04
1186.451608	3.02908572	1.41E-04
1192.155702	3.02750446	1.33E-04
1197.914908	3.02593527	1.25E-04
1203.730029	3.0243782	1.17E-04
1209.601883	3.02283277	1.08E-04
1215.531304	3.02129871	9.95E-05
1221.519143	3.01977613	9.08E-05
1227.566267	3.01826481	8.22E-05
1233.673562	3.01676468	7.38E-05
1239.84193	3.01527569	6.57E-05
1246.072291	3.01379774	5.78E-05
1252.365586	3.01233075	5.04E-05
1258.722772	3.01087476	4.35E-05
1265.144827	3.00942973	3.71E-05
1271.632749	3.00799559	3.12E-05
1278.187557	3.00657237	2.60E-05
1284.81029	3.00516009	2.14E-05
1291.50201	3.00375871	1.73E-05
1298.263801	3.00236824	1.39E-05
1305.096768	3.00098866	1.09E-05
1312.002042	2.99961991	8.49E-06
1318.980777	2.998262	6.50E-06
1326.03415	2.99691488	4.91E-06
1333.163366	2.99557849	3.64E-06
1340.369654	2.99425277	2.66E-06
1347.654272	2.99293765	1.92E-06
1355.018503	2.99163306	1.36E-06
1362.463659	2.99033891	9.46E-07
1369.991083	2.98905513	6.48E-07
1377.602144	2.98778164	4.37E-07
1385.298246	2.98651833	2.90E-07
1393.08082	2.98526515	1.89E-07
1400.951333	2.98402199	1.21E-07
1408.911284	2.98278879	7.60E-08
1416.962206	2.98156547	4.70E-08
1425.105667	2.98035194	2.85E-08
1433.343272	2.97914814	1.70E-08
1441.676663	2.97795399	9.97E-09
1450.10752	2.97676943	5.73E-09
1458.637565	2.97559439	3.24E-09
1467.268556	2.97442881	1.80E-09
1476.002298	2.97327262	9.78E-10
1484.840635	2.97212575	5.22E-10
1493.785458	2.97098816	2.74E-10
1502.838703	2.96985977	1.41E-10
1512.002354	2.96874054	7.12E-11
1521.278442	2.96763041	3.53E-11
1530.669049	2.96652932	1.71E-11
1540.176311	2.96543721	8.18E-12
1549.802413	2.96435403	3.83E-12
1559.549597	2.96327974	1.76E-12
1569.420165	2.96221427	7.91E-13
1579.416471	2.96115758	3.49E-13
1589.540936	2.96010962	1.51E-13
1599.796039	2.95907034	6.45E-14
1610.184325	2.95803969	2.70E-14
1620.708405	2.95701762	1.13E-14
1631.370961	2.95600409	4.93E-15
1642.174742	2.95499905	2.52E-15
1653.122573	2.95400246	1.83E-15
1664.217356	2.95301426	1.94E-15
1675.462068	2.95203442	2.53E-15
1686.859769	2.9510629	3.50E-15
1698.413603	2.95009965	4.88E-15
1710.1268	2.94914462	6.77E-15
1722.002681	2.94819779	9.31E-15
1734.044657	2.9472591	1.27E-14
1746.256239	2.94632852	1.71E-14
1758.641035	2.945406	2.27E-14
1771.202757	2.94449151	2.99E-14
1783.945223	2.94358502	3.91E-14
1796.872362	2.94268647	5.04E-14
1809.988219	2.94179584	6.44E-14
1823.296956	2.94091309	8.15E-14
1836.802859	2.94003818	1.02E-13
1850.510343	2.93917108	1.26E-13
1864.423955	2.93831175	1.55E-13
1878.548379	2.93746015	1.88E-13
1892.888443	2.93661625	2.26E-13
1907.449123	2.93578003	2.68E-13
1922.23555	2.93495144	3.15E-13
1937.253016	2.93413045	3.67E-13
1952.506976	2.93331703	4.22E-13
1968.003063	2.93251115	4.80E-13
1983.747088	2.93171277	5.40E-13
1999.745048	2.93092187	6.00E-13
2016.003138	2.93013841	6.59E-13
2032.527754	2.92936237	7.15E-13
2049.325504	2.92859372	7.65E-13
2066.403217	2.92783242	8.09E-13
2083.76795	2.92707845	8.43E-13
2101.427	2.92633177	8.66E-13
2119.387915	2.92559237	8.77E-13
2137.6585	2.9248602	8.75E-13
2156.246835	2.92413526	8.60E-13
2175.161281	2.9234175	8.32E-13
2194.410496	2.9227069	7.92E-13
2214.003446	2.92200344	7.42E-13
2233.949423	2.92130708	6.84E-13
2254.258055	2.92061781	6.20E-13
2274.939321	2.9199356	5.52E-13
2296.003574	2.91926043	4.83E-13
2317.461551	2.91859226	4.16E-13
2339.324396	2.91793108	3.52E-13
2361.603676	2.91727686	2.92E-13
2384.311404	2.91662958	2.38E-13
2407.460058	2.91598922	1.91E-13
2431.062608	2.91535575	1.50E-13
2455.132535	2.91472914	1.16E-13
2479.68386	2.91410939	8.79E-14
2504.731172	2.91349646	6.54E-14
2530.289653	2.91289034	4.78E-14
2556.375113	2.912291	3.42E-14
2583.004021	2.91169842	2.41E-14
2610.193537	2.91111259	1.66E-14
2637.961553	2.91053348	1.13E-14
2666.326731	2.90996107	7.48E-15
2695.308543	2.90939534	4.88E-15
2724.927319	2.90883628	3.12E-15
2755.204289	2.90828386	1.96E-15
2786.16164	2.90773806	1.20E-15
2817.822568	2.90719887	7.28E-16
2850.211333	2.90666627	4.31E-16
2883.353326	2.90614024	2.50E-16
2917.275129	2.90562076	1.43E-16
2952.004595	2.90510782	7.97E-17
2987.570916	2.9046014	4.37E-17
3024.004707	2.90410147	2.35E-17
3061.338099	2.90360803	1.24E-17
3099.604825	2.90312106	6.40E-18
3138.840329	2.90264054	3.24E-18
3179.081872	2.90216646	1.61E-18
3220.368649	2.9016988	7.86E-19
3262.741921	2.90123754	3.76E-19
3306.245147	2.90078267	1.76E-19
3350.924135	2.90033418	8.10E-20
3396.827205	2.89989204	3.65E-20
3444.005361	2.89945626	1.61E-20
3492.512479	2.8990268	6.99E-21
3542.405514	2.89860366	2.97E-21
3593.744725	2.89818683	1.24E-21
3646.593912	2.89777629	5.06E-22
3701.020687	2.89737202	2.02E-22
3757.096758	2.89697402	7.95E-23
3814.898246	2.89658227	3.06E-23
3874.506031	2.89619676	1.16E-23
3936.006127	2.89581748	4.28E-24
3999.490097	2.89544441	1.55E-24
4065.055508	2.89507755	5.52E-25
4132.806433	2.89471687	1.93E-25
4202.854	2.89436238	6.59E-26
4275.317	2.89401405	2.21E-26
4350.322561	2.89367189	7.26E-27
4428.006893	2.89333586	2.34E-27
4508.516109	2.89300598	7.39E-28
4592.007148	2.89268222	2.29E-28
4678.648792	2.89236458	6.95E-29
4768.622808	2.89205304	2.07E-29
4862.125216	2.8917476	6.04E-30
4959.36772	2.89144824	1.73E-30
5060.579306	2.89115496	4.85E-31
5166.008042	2.89086775	1.33E-31
5275.923106	2.8905866	3.59E-32
5390.617087	2.8903115	9.49E-33
5510.408578	2.89004244	2.46E-33
5635.645136	2.88977941	6.25E-34
5766.706651	2.88952241	1.55E-34
5904.00919	2.88927143	3.80E-35
6048.009415	2.88902646	9.08E-36
6199.20965	2.88878749	2.13E-36
6358.163744	2.88855451	4.90E-37
6525.483842	2.88832752	1.10E-37
6701.84827	2.88810651	2.44E-38
6888.010722	2.88789148	5.29E-39
7084.811029	2.88768241	1.12E-39
7293.187824	2.88747931	2.34E-40
7514.193515	2.88728216	4.77E-41
7749.012063	2.88709095	9.54E-42
7998.980194	2.88690569	1.87E-42
8265.612867	2.88672637	3.60E-43
8550.634	2.88655298	6.78E-44
8856.013786	2.88638552	1.25E-44
9184.014296	2.88622397	2.27E-45
9537.245615	2.88606835	4.03E-46
9918.73544	2.88591863	7.01E-47
10332.01608	2.88577483	1.20E-47
10781.23417	2.88563692	2.00E-48
11271.29027	2.88550492	3.28E-49
11808.01838	2.88537881	5.27E-50
12398.4193	2.88525859	8.29E-51
13050.96768	2.88514425	1.28E-51
13776.02144	2.88503581	1.94E-52
14586.37565	2.88493324	2.88E-53
15498.02413	2.88483655	4.18E-54
16531.22573	2.88474573	5.97E-55
17712.02757	2.88466079	8.34E-56
19074.49123	2.88458171	1.14E-56
20664.03217	2.88450851	1.53E-57
22542.58055	2.88444116	2.02E-58
24796.8386	2.88437968	2.61E-59
27552.04289	2.88432406	3.30E-60
30996.04825	2.8842743	4.09E-61
35424.05514	2.8842304	4.97E-62
41328.06433	2.88419235	5.93E-63
49593.6772	2.88416016	6.92E-64
61992.0965	2.88413383	7.93E-65
82656.12867	2.88411334	8.90E-66
123984.193	2.88409871	9.79E-67
247968.386	2.88408993	1.06E-67
123984193	2.88408701	1.12E-68
