123.984317	-3.72055824	1.4879
124.0463402	-3.24430419	1.48496
124.1084255	-3.00557847	1.48159
124.170573	-2.8462001	1.47782
124.2327828	-2.72662524	1.47365
124.2950549	-2.63105957	1.46906
124.3573895	-2.55164562	1.46403
124.4197867	-2.48393181	1.45857
124.4822465	-2.4251691	1.4527
124.544769	-2.37355363	1.44647
124.6073544	-2.32784284	1.43995
124.6700027	-2.28713625	1.43325
124.732714	-2.25075682	1.42647
124.7954885	-2.21816727	1.41976
124.8583261	-2.18891715	1.41324
124.9212271	-2.16262159	1.40704
124.9841915	-2.13893795	1.40127
125.0472194	-2.11754993	1.39604
125.1103109	-2.09816184	1.39142
125.1734661	-2.08049644	1.38747
125.2366851	-2.06429825	1.3842
125.299968	-2.04933157	1.38162
125.3633148	-2.03538729	1.37968
125.4267258	-2.02228118	1.37835
125.4902009	-2.00985759	1.37754
125.5537403	-1.99798577	1.3772
125.6173441	-1.98656077	1.37722
125.6810123	-1.97551133	1.37753
125.7447452	-1.96477664	1.37806
125.8085427	-1.95431637	1.37873
125.8724049	-1.94410285	1.37949
125.9363321	-1.93412239	1.38027
126.0003242	-1.92436485	1.38105
126.0643814	-1.91482407	1.38177
126.1285037	-1.90550339	1.38241
126.1926913	-1.89640154	1.38294
126.2569443	-1.88752771	1.38332
126.3212627	-1.87889902	1.38353
126.3856467	-1.87053446	1.38355
126.4500963	-1.86245443	1.38337
126.5146117	-1.85468587	1.38297
126.579193	-1.84725551	1.38236
126.6438403	-1.84019583	1.38152
126.7085536	-1.83354789	1.38047
126.7733331	-1.8273407	1.37924
126.8381789	-1.82160452	1.37784
126.903091	-1.81637919	1.3763
126.9680696	-1.81168786	1.37469
127.0331148	-1.80755222	1.37303
127.0982267	-1.803987	1.37141
127.1634053	-1.8009937	1.36987
127.2286508	-1.79857196	1.36849
127.2939633	-1.7966974	1.36735
127.3593429	-1.79533854	1.3665
127.4247897	-1.79445072	1.36602
127.4903038	-1.79398032	1.36594
127.5558853	-1.7938659	1.36632
127.6215344	-1.7940435	1.36716
127.687251	-1.79445194	1.36849
127.7530353	-1.79503351	1.37029
127.8188874	-1.79573717	1.37257
127.8848075	-1.79651741	1.3753
127.9507956	-1.79734361	1.37847
128.0168519	-1.79819041	1.38207
128.0829763	-1.79903206	1.38611
128.1491691	-1.79983527	1.3906
128.2154304	-1.80057021	1.39554
128.2817603	-1.80118977	1.40098
128.3481587	-1.8016364	1.40691
128.414626	-1.80183665	1.41338
128.4811622	-1.8017017	1.42036
128.5477673	-1.801142	1.42785
128.6144415	-1.80005389	1.43581
128.6811849	-1.79833244	1.44418
128.7479977	-1.79587981	1.45286
128.8148798	-1.79261503	1.46173
128.8818315	-1.78847545	1.47065
128.9488528	-1.78341418	1.47947
129.0159438	-1.7774184	1.48799
129.0831047	-1.77051021	1.49604
129.1503356	-1.76274399	1.50342
129.2176365	-1.75421234	1.50996
129.2850076	-1.74503402	1.5155
129.352449	-1.73536899	1.51988
129.4199608	-1.72539956	1.52302
129.4875431	-1.715325	1.52483
129.555196	-1.70536084	1.5253
129.6229196	-1.69571661	1.52445
129.6907141	-1.6865982	1.52234
129.7585795	-1.67819646	1.51908
129.826516	-1.6706722	1.51482
129.8945237	-1.66415902	1.50972
129.9626027	-1.65875192	1.50399
130.030753	-1.65450508	1.49782
130.0989749	-1.6514382	1.49142
130.1672684	-1.6495265	1.48499
130.2356337	-1.64871814	1.47869
130.3040707	-1.64893986	1.47268
130.3725798	-1.65008549	1.4671
130.4411609	-1.65204098	1.46202
130.5098142	-1.65468955	1.45752
130.5785398	-1.65790493	1.45363
130.6473379	-1.66157505	1.45034
130.7162085	-1.66560603	1.44763
130.7851517	-1.66991553	1.44547
130.8541677	-1.6744355	1.44381
130.9232565	-1.67912586	1.44258
130.9924184	-1.6839666	1.44174
131.0616533	-1.68894283	1.44125
131.1309615	-1.6940637	1.44105
131.2003431	-1.69934283	1.44115
131.2697981	-1.70479332	1.44152
131.3393266	-1.71043463	1.44218
131.4089289	-1.71627438	1.44315
131.478605	-1.72231126	1.44446
131.548355	-1.7285401	1.44613
131.618179	-1.7349429	1.44821
131.6880772	-1.74148694	1.45072
131.7580497	-1.74814444	1.45367
131.8280966	-1.75487464	1.4571
131.898218	-1.76163522	1.46099
131.968414	-1.7683856	1.46536
132.0386848	-1.7750852	1.47018
132.1090305	-1.7816986	1.47545
132.1794512	-1.78819666	1.48113
132.2499469	-1.79455454	1.48722
132.320518	-1.80074325	1.49369
132.3911643	-1.80674612	1.50051
132.4618862	-1.81254697	1.50767
132.5326836	-1.81812541	1.51515
132.6035568	-1.82346258	1.52293
132.6745058	-1.82853154	1.531
132.7455308	-1.83330988	1.53931
132.8166318	-1.83777973	1.54784
132.8878091	-1.84192229	1.55654
132.9590627	-1.84572235	1.56537
133.0303927	-1.84917843	1.57425
133.1017994	-1.85230432	1.58313
133.1732827	-1.85512166	1.59194
133.2448428	-1.85767409	1.60061
133.3164799	-1.86002237	1.60909
133.3881941	-1.86224058	1.61734
133.4599854	-1.86441046	1.62535
133.5318541	-1.86661868	1.63312
133.6038002	-1.86895056	1.64069
133.6758239	-1.87147692	1.64812
133.7479253	-1.87425563	1.65548
133.8201045	-1.87732962	1.66286
133.8923617	-1.88071415	1.67037
133.9646969	-1.88439986	1.6781
134.0371103	-1.88836803	1.68613
134.1096021	-1.89257889	1.69456
134.1821723	-1.89697374	1.70345
134.2548211	-1.90149059	1.71285
134.3275486	-1.90606041	1.7228
134.4003549	-1.91061712	1.73331
134.4732402	-1.91509767	1.7444
134.5462046	-1.9194386	1.75607
134.6192482	-1.9235794	1.76832
134.6923712	-1.92746823	1.78113
134.7655737	-1.93105207	1.79451
134.8388557	-1.93428068	1.80843
134.9122175	-1.93710578	1.8229
134.9856592	-1.93946764	1.83791
135.0591809	-1.94130252	1.85345
135.1327827	-1.94254855	1.86949
135.2064648	-1.94313357	1.88603
135.2802273	-1.9429699	1.90303
135.3540703	-1.94197332	1.92043
135.4279939	-1.94006181	1.93816
135.5019984	-1.93715454	1.95613
135.5760837	-1.93317318	1.97423
135.6502502	-1.92805889	1.9923
135.7244978	-1.92177965	2.01018
135.7988267	-1.91433204	2.02768
135.8732371	-1.90574247	2.04462
135.9477291	-1.89607398	2.06079
136.0223028	-1.88543676	2.076
136.0969584	-1.87397414	2.09009
136.171696	-1.86185695	2.10292
136.2465157	-1.84929098	2.11437
136.3214176	-1.83650306	2.12439
136.396402	-1.82372828	2.13296
136.4714689	-1.81119823	2.14013
136.5466184	-1.79914033	2.14596
136.6218508	-1.78777222	2.15059
136.6971661	-1.77727581	2.1542
136.7725646	-1.76780015	2.15699
136.8480462	-1.75946282	2.15919
136.9236112	-1.75233275	2.16107
136.9992597	-1.7464344	2.16288
137.0749918	-1.74174878	2.1649
137.1508077	-1.7382062	2.16739
137.2267075	-1.73568679	2.17061
137.3026914	-1.73402759	2.17477
137.3787594	-1.73302567	2.18007
137.4549118	-1.7324438	2.18664
137.5311487	-1.73202666	2.19457
137.6074702	-1.73150652	2.20389
137.6838764	-1.73061165	2.21458
137.7603675	-1.7290858	2.22654
137.8369437	-1.72669931	2.23964
137.913605	-1.72325609	2.25369
137.9903517	-1.71860523	2.26848
138.0671838	-1.7126324	2.28379
138.1441016	-1.7052755	2.29936
138.221105	-1.69650895	2.31499
138.2981944	-1.68633602	2.33044
138.3753698	-1.67479964	2.34551
138.4526314	-1.66195491	2.36003
138.5299794	-1.64787261	2.37382
138.6074138	-1.63263902	2.38673
138.6849348	-1.61635498	2.3986
138.7625425	-1.59914103	2.40929
138.8402372	-1.58113884	2.41866
138.918019	-1.5625103	2.4266
138.9958879	-1.5434416	2.433
139.0738442	-1.52414283	2.4378
139.1518879	-1.50483763	2.44097
139.2300193	-1.48576151	2.44253
139.3082385	-1.46713338	2.44258
139.3865457	-1.44914867	2.44123
139.4649409	-1.43197834	2.43865
139.5434244	-1.41574913	2.43504
139.6219962	-1.40053576	2.43062
139.7006566	-1.38636665	2.42559
139.7794056	-1.37323457	2.42014
139.8582435	-1.36109694	2.41444
139.9371704	-1.3498929	2.40861
140.0161864	-1.33955813	2.40275
140.0952916	-1.33002374	2.39694
140.1744863	-1.32123267	2.39122
140.2537706	-1.31313165	2.38566
140.3331447	-1.30567614	2.38028
140.4126086	-1.29882978	2.37515
140.4921626	-1.29254367	2.37033
140.5718068	-1.28675845	2.36589
140.6515413	-1.28140211	2.36189
140.7313663	-1.27638372	2.3584
140.811282	-1.27159261	2.35546
140.8912885	-1.26690057	2.3531
140.971386	-1.26217463	2.35129
141.0515746	-1.25728692	2.34999
141.1318544	-1.25210963	2.34912
141.2122258	-1.24654658	2.34853
141.2926887	-1.2405341	2.34809
141.3732433	-1.23404681	2.34761
141.4538899	-1.22710178	2.34694
141.5346285	-1.21975528	2.3459
141.6154593	-1.21211375	2.34435
141.6963825	-1.2043105	2.3422
141.7773983	-1.19649116	2.3394
141.8585067	-1.18881509	2.33593
141.939708	-1.18143596	2.33185
142.0210023	-1.17448106	2.32725
142.1023898	-1.16804605	2.32226
142.1838706	-1.16219069	2.31702
142.2654449	-1.15693656	2.31169
142.3471129	-1.1522587	2.30643
142.4288747	-1.14809325	2.30137
142.5107305	-1.14435137	2.29661
142.5926804	-1.140927	2.29222
142.6747246	-1.13770136	2.28824
142.7568633	-1.13454932	2.28467
142.8390966	-1.13136485	2.28145
142.9214247	-1.12805581	2.27854
143.0038478	-1.12454448	2.27584
143.0863659	-1.12078698	2.27325
143.1689794	-1.1167505	2.27069
143.2516883	-1.11242614	2.26803
143.3344929	-1.10782632	2.26519
143.4173932	-1.10298131	2.26205
143.5003895	-1.09793883	2.25854
143.5834819	-1.09275831	2.25456
143.6666705	-1.08752678	2.25003
143.7499557	-1.08234264	2.2449
143.8333374	-1.0773225	2.23911
143.9168159	-1.07260024	2.23265
144.0003914	-1.06832145	2.22552
144.084064	-1.06463141	2.21779
144.1678339	-1.0616643	2.20954
144.2517013	-1.05954535	2.2009
144.3356663	-1.05836759	2.19205
144.4197291	-1.05818097	2.18319
144.5038899	-1.05898688	2.17454
144.5881488	-1.06073753	2.16631
144.672506	-1.06333288	2.15871
144.7569618	-1.06662691	2.1519
144.8415162	-1.07043771	2.14601
144.9261694	-1.07455788	2.1411
145.0109217	-1.07877506	2.13717
145.0957731	-1.08289033	2.13415
145.1807239	-1.08673635	2.13192
145.2657742	-1.09018017	2.13033
145.3509242	-1.09313651	2.12918
145.4361741	-1.09558407	2.12826
145.5215241	-1.09755173	2.12739
145.6069743	-1.09912317	2.12638
145.6925249	-1.10042047	2.12513
145.7781761	-1.1015866	2.12355
145.8639281	-1.10278933	2.12162
145.949781	-1.10418201	2.11941
146.035735	-1.1058845	2.11702
146.1217904	-1.10798917	2.11458
146.2079472	-1.11054532	2.11227
146.2942057	-1.11354307	2.11028
146.380566	-1.11692236	2.10878
146.4670283	-1.12056935	2.10794
146.5535929	-1.12433401	2.10785
146.6402598	-1.12804207	2.10859
146.7270293	-1.13150702	2.11015
146.8139015	-1.13454608	2.1125
146.9008767	-1.13698364	2.11554
146.9879549	-1.13867695	2.11912
147.0751365	-1.13952044	2.12307
147.1624216	-1.13944294	2.1272
147.2498103	-1.13842175	2.13129
147.3373028	-1.13647072	2.13516
147.4248994	-1.13364449	2.13859
147.5126003	-1.13004105	2.14142
147.6004055	-1.12577592	2.14351
147.6883153	-1.12099917	2.14472
147.7763299	-1.11587539	2.145
147.8644495	-1.11057458	2.14429
147.9526742	-1.10526995	2.14261
148.0410042	-1.10012359	2.13999
148.1294398	-1.09527457	2.13653
148.2179811	-1.09083785	2.13231
148.3066284	-1.08690203	2.12747
148.3953817	-1.08351907	2.12213
148.4842413	-1.08070688	2.11643
148.5732074	-1.07845921	2.11046
148.6622802	-1.07675592	2.10432
148.7514598	-1.07555665	2.09808
148.8407465	-1.07482185	2.09177
148.9301405	-1.07451481	2.08542
149.0196419	-1.07461461	2.07901
149.1092509	-1.07511848	2.07255
149.1989677	-1.07603308	2.06603
149.2887926	-1.07738449	2.05945
149.3787258	-1.07921076	2.05283
149.4687673	-1.08155644	2.04621
149.5589174	-1.08445832	2.03967
149.6491764	-1.08794426	2.03329
149.7395444	-1.09201802	2.02721
149.8300215	-1.09665048	2.02155
149.9206081	-1.10178099	2.01646
150.0113043	-1.10730149	2.01208
150.1021103	-1.11306264	2.00852
150.1930263	-1.11888271	2.00585
150.2840525	-1.12455718	2.00409
150.3751891	-1.12986293	2.00321
150.4664362	-1.13459133	2.00307
150.5577942	-1.13856313	2.00351
150.6492632	-1.1416371	2.00428
150.7408435	-1.14374046	2.00509
150.8325351	-1.14488146	2.00562
150.9243383	-1.14515232	2.00557
151.0162534	-1.14471463	2.00468
151.1082804	-1.14380302	2.00272
151.2004198	-1.14269631	1.99959
151.2926715	-1.14168486	1.99525
151.3850359	-1.14106253	1.98976
151.4775131	-1.14108058	1.9833
151.5701034	-1.14192607	1.97609
151.6628069	-1.14370611	1.96842
151.7556239	-1.14644797	1.96055
151.8485546	-1.15009535	1.95277
151.9415992	-1.15451815	1.94527
152.0347579	-1.1595462	1.93819
152.1280308	-1.1649874	1.93157
152.2214183	-1.17066547	1.92536
152.3149205	-1.17644566	1.91944
152.4085377	-1.1822524	1.91364
152.50227	-1.18808529	1.90776
152.5961177	-1.19402794	1.90161
152.6900809	-1.20022635	1.89507
152.7841599	-1.20688156	1.88805
152.878355	-1.21421993	1.8806
152.9726662	-1.22246444	1.87282
153.0670939	-1.23180224	1.86496
153.1616382	-1.24234757	1.85731
153.2562995	-1.25413375	1.85023
153.3510777	-1.2670832	1.84411
153.4459733	-1.28101193	1.8393
153.5409864	-1.29562603	1.83613
153.6361173	-1.31054921	1.83478
153.7313661	-1.32535043	1.83536
153.826733	-1.33957434	1.83779
153.9222184	-1.35279094	1.84187
154.0178224	-1.36463543	1.84723
154.1135452	-1.37485631	1.8534
154.2093871	-1.38332779	1.85985
154.3053482	-1.39007815	1.86599
154.4014289	-1.39529975	1.87128
154.4976293	-1.39932074	1.87527
154.5939496	-1.40257212	1.87764
154.6903901	-1.40556531	1.8782
154.786951	-1.40882717	1.877
154.8836326	-1.41284753	1.87421
154.980435	-1.4180458	1.87019
155.0773584	-1.42471963	1.86541
155.1744032	-1.43301622	1.86043
155.2715695	-1.44292814	1.8558
155.3688576	-1.45429469	1.85207
155.4662677	-1.46681734	1.84968
155.5638	-1.48008816	1.84898
155.6614547	-1.49361953	1.85015
155.7592321	-1.50689887	1.8532
155.8571324	-1.51943602	1.85797
155.9551559	-1.53079289	1.86417
156.0533028	-1.54062889	1.87134
156.1515732	-1.54873788	1.87895
156.2499675	-1.55506526	1.8864
156.3484859	-1.5597099	1.89312
156.4471286	-1.56292304	1.89855
156.5458959	-1.56510042	1.90225
156.6447879	-1.5667325	1.90393
156.743805	-1.56836555	1.90345
156.8429473	-1.57057423	1.90083
156.9422151	-1.5738992	1.89631
157.0416087	-1.57879965	1.89025
157.1411282	-1.58562966	1.88315
157.2407739	-1.59460621	1.87559
157.3405461	-1.60579288	1.8682
157.440445	-1.61909988	1.86159
157.5404708	-1.63428804	1.85634
157.6406238	-1.65099166	1.85291
157.7409043	-1.6687495	1.85166
157.8413123	-1.68702687	1.8528
157.9418483	-1.70526104	1.85637
158.0425125	-1.72290551	1.86225
158.143305	-1.73945389	1.87019
158.2442262	-1.75448072	1.87977
158.3452763	-1.76768708	1.89047
158.4464555	-1.77890875	1.90172
158.5477641	-1.78812827	1.91291
158.6492024	-1.79547931	1.92346
158.7507705	-1.80124195	1.93284
158.8524687	-1.80580896	1.94067
158.9542974	-1.80964189	1.94669
159.0562566	-1.81324779	1.95079
159.1583468	-1.81712294	1.95305
159.2605681	-1.82170993	1.95367
159.3629208	-1.82737203	1.95298
159.4654051	-1.83435571	1.9514
159.5680213	-1.84278838	1.94936
159.6707697	-1.85268659	1.9473
159.7736505	-1.86395325	1.94563
159.8766639	-1.87641047	1.94466
159.9798103	-1.88982967	1.94464
160.0830898	-1.90394631	1.94573
160.1865028	-1.91848315	1.94801
160.2900495	-1.93317609	1.95147
160.3937301	-1.94777814	1.95607
160.497545	-1.96207469	1.96168
160.6014943	-1.97587774	1.96819
160.7055784	-1.9890345	1.97539
160.8097974	-2.0014306	1.98311
160.9141517	-2.01298719	1.9911
161.0186416	-2.02367677	1.99913
161.1232672	-2.03352409	2.00693
161.2280289	-2.04260729	2.01427
161.3329269	-2.05105895	2.0209
161.4379615	-2.05907003	2.02663
161.543133	-2.06687329	2.03131
161.6484415	-2.07473451	2.03486
161.7538875	-2.08293547	2.03727
161.8594711	-2.09174955	2.03862
161.9651926	-2.10142672	2.03904
162.0710524	-2.11218408	2.03873
162.1770506	-2.12418591	2.03794
162.2831875	-2.13753953	2.03694
162.3894635	-2.15229967	2.03601
162.4958788	-2.16846595	2.03544
162.6024336	-2.18598721	2.0355
162.7091282	-2.20476877	2.03645
162.815963	-2.22466416	2.03854
162.9229381	-2.24549553	2.04195
163.030054	-2.26705031	2.04688
163.1373107	-2.2890701	2.05346
163.2447087	-2.31127763	2.06176
163.3522482	-2.3333691	2.07182
163.4599294	-2.35503409	2.08356
163.5677527	-2.37598132	2.09685
163.6757184	-2.39594599	2.11147
163.7838267	-2.41471995	2.12712
163.8920778	-2.43217609	2.14344
164.0004722	-2.44827933	2.16005
164.1090101	-2.46308701	2.17657
164.2176917	-2.47676073	2.19263
164.3265173	-2.4895414	2.20797
164.4354873	-2.50173324	2.22237
164.5446019	-2.5136769	2.23577
164.6538614	-2.52570846	2.24819
164.7632661	-2.53813476	2.25978
164.8728163	-2.55120953	2.27075
164.9825123	-2.56510999	2.28141
165.0923543	-2.5799249	2.29207
165.2023427	-2.59565759	2.30307
165.3124777	-2.61222604	2.31471
165.4227597	-2.62948224	2.32725
165.533189	-2.64722521	2.34089
165.6437657	-2.66522063	2.35576
165.7544903	-2.68322168	2.37192
165.865363	-2.70097	2.38939
165.9763842	-2.71822222	2.40808
166.087554	-2.73475745	2.4279
166.1988729	-2.75037242	2.44868
166.3103411	-2.76490646	2.47021
166.421959	-2.77823674	2.49226
166.5337267	-2.79028812	2.51455
166.6456447	-2.80104739	2.53679
166.7577132	-2.81055354	2.5587
166.8699325	-2.81890723	2.57998
166.982303	-2.8262686	2.60038
167.0948249	-2.83286006	2.61965
167.2074986	-2.83895075	2.63765
167.3203243	-2.84482767	2.65428
167.4333024	-2.85080414	2.6695
167.5464332	-2.8571913	2.68338
167.6597169	-2.86427	2.69605
167.773154	-2.87228246	2.7077
167.8867446	-2.88142921	2.71855
168.0004892	-2.89186152	2.72887
168.114388	-2.90366457	2.73895
168.2284413	-2.91687925	2.74904
168.3426495	-2.93150718	2.75942
168.4570128	-2.94750319	2.77034
168.5715317	-2.96479117	2.78203
168.6862064	-2.98327013	2.7947
168.8010372	-3.00280689	2.80856
168.9160244	-3.02324399	2.82377
169.0311684	-3.04439817	2.8405
169.1464695	-3.06605276	2.85887
169.261928	-3.08797219	2.87896
169.3775442	-3.10990218	2.90081
169.4933185	-3.13158078	2.92439
169.6092512	-3.15275583	2.94961
169.7253425	-3.17320213	2.97631
169.8415929	-3.19273025	3.00429
169.9580027	-3.21120919	3.03327
170.0745721	-3.22858671	3.06296
170.1913016	-3.24488385	3.09307
170.3081914	-3.26019329	3.12333
170.4252418	-3.27468119	3.1535
170.5424533	-3.2885695	3.18343
170.6598261	-3.30210471	3.21305
170.7773606	-3.31554792	3.24236
170.8950571	-3.32914229	3.27148
171.0129159	-3.34309403	3.30057
171.1309374	-3.35755959	3.32988
171.2491219	-3.37262908	3.35968
171.3674698	-3.38832825	3.39027
171.4859813	-3.40461475	3.42195
171.6046569	-3.42138292	3.45501
171.7234968	-3.43846596	3.48972
171.8425015	-3.45564264	3.52631
171.9616712	-3.47265228	3.56496
172.0810064	-3.48919772	3.60582
172.2005072	-3.50494176	3.64899
172.3201742	-3.51951793	3.6945
172.4400076	-3.53254427	3.74231
172.5600077	-3.54363102	3.79231
172.680175	-3.55238755	3.84431
172.8005098	-3.55844729	3.89801
172.9210124	-3.56149225	3.95303
173.0416832	-3.56126549	4.00891
173.1625226	-3.5576019	4.0651
173.2835308	-3.55044173	4.12103
173.4047083	-3.53983977	4.17609
173.5260553	-3.52597375	4.2297
173.6475723	-3.50913674	4.28132
173.7692597	-3.48971874	4.33051
173.8911177	-3.46818361	4.37692
174.0131467	-3.44503994	4.42034
174.1353471	-3.4208087	4.46067
174.2577193	-3.39599657	4.49794
174.3802635	-3.37106487	4.53228
174.5029803	-3.34641707	4.56389
174.6258699	-3.32238715	4.59303
174.7489327	-3.29924896	4.61996
174.8721691	-3.27721149	4.64499
174.9955794	-3.25643323	4.66837
175.119164	-3.23705177	4.69036
175.2429233	-3.21917658	4.71122
175.3668577	-3.20290408	4.73119
175.4909674	-3.18832088	4.75054
175.615253	-3.17549184	4.76956
175.7397147	-3.16444666	4.78858
175.864353	-3.15517157	4.80794
175.9891682	-3.1475972	4.82802
176.1141607	-3.14156786	4.84922
176.2393308	-3.1368423	4.87189
176.364679	-3.13310314	4.89634
176.4902057	-3.12996589	4.92279
176.6159111	-3.12700304	4.95136
176.7417958	-3.12376197	4.98206
176.86786	-3.11980855	5.01474
176.9941042	-3.11476689	5.04915
177.1205287	-3.10834575	5.08493
177.247134	-3.10036092	5.12167
177.3739204	-3.09074735	5.15892
177.5008883	-3.07956621	5.19625
177.6280381	-3.06699916	5.23328
177.7553703	-3.05331616	5.26976
177.8828851	-3.03883728	5.30555
178.0105829	-3.02389267	5.34067
178.1384643	-3.00877986	5.37526
178.2665295	-2.9937238	5.4096
178.394779	-2.97882883	5.44406
178.5232131	-2.96406126	5.47903
178.6518324	-2.94925531	5.51487
178.780637	-2.93411002	5.55189
178.9096276	-2.91823504	5.59021
179.0388044	-2.90119409	5.62984
179.1681679	-2.8825646	5.67054
179.2977184	-2.86200448	5.71195
179.4274565	-2.83929145	5.75354
179.5573824	-2.81438749	5.79469
179.6874966	-2.78744957	5.8348
179.8177996	-2.75881356	5.87334
179.9482917	-2.72897798	5.90991
180.0789732	-2.69854317	5.94435
180.2098448	-2.66813596	5.97672
180.3409067	-2.63834213	6.00733
180.4721593	-2.60962636	6.03671
180.6036032	-2.5822741	6.06554
180.7352387	-2.55635825	6.09458
180.8670662	-2.53172498	6.12459
180.9990861	-2.50800589	6.15624
181.131299	-2.48466876	6.19002
181.2637051	-2.46107677	6.22623
181.3963049	-2.43654783	6.26494
181.5290989	-2.41042279	6.306
181.6620874	-2.38212913	6.34906
181.795271	-2.35122613	6.39364
181.9286499	-2.31742113	6.43919
182.0622248	-2.28057308	6.48514
182.1959959	-2.24067337	6.53097
182.3299637	-2.19782067	6.57622
182.4641287	-2.15217557	6.62056
182.5984913	-2.10392751	6.66372
182.7330519	-2.05326707	6.70555
182.867811	-2.00034284	6.74596
183.002769	-1.94527274	6.78485
183.1379263	-1.88815085	6.82215
183.2732835	-1.82904308	6.85777
183.4088408	-1.76801818	6.89157
183.5445989	-1.70516989	6.9234
183.680558	-1.64063334	6.95309
183.8167188	-1.57457713	6.98053
183.9530815	-1.50720242	7.00561
184.0896468	-1.43873185	7.02833
184.2264149	-1.3693553	7.04878
184.3633864	-1.29921544	7.06709
184.5005618	-1.22837761	7.08348
184.6379414	-1.15679639	7.09817
184.7755257	-1.08432086	7.11134
184.9133153	-1.01070263	7.12309
185.0513105	-0.93562804	7.13337
185.1895119	-0.85878041	7.14195
185.3279198	-0.77988495	7.14846
185.4665347	-0.69876066	7.15235
185.6053572	-0.61538004	7.15296
185.7443876	-0.52989669	7.14958
185.8836265	-0.44265419	7.14152
186.0230743	-0.35417252	7.12818
186.1627315	-0.26511391	7.10911
186.3025985	-0.17622632	7.08406
186.4426759	-0.08828795	7.05297
186.582964	-0.00204977	7.01599
186.7234634	0.08182055	6.97343
186.8641746	0.16277072	6.92571
187.005098	0.24036142	6.87328
187.1462342	0.31427126	6.81664
187.2875835	0.38427394	6.75621
187.4291465	0.45020283	6.69239
187.5709237	0.51191782	6.62548
187.7129155	0.56926036	6.55575
187.8551225	0.62205799	6.48348
187.9975451	0.67010456	6.40892
188.1401838	0.71316794	6.33242
188.2830392	0.751028	6.25439
188.4261116	0.78349493	6.17533
188.5694016	0.81045179	6.09584
188.7129098	0.83188577	6.01657
188.8566365	0.84791227	5.93821
189.0005823	0.85877636	5.8614
189.1447477	0.86483785	5.78673
189.2891333	0.86656973	5.7147
189.4337394	0.86451145	5.64563
189.5785666	0.8592177	5.57971
189.7236155	0.8512348	5.51699
189.8688865	0.84104988	5.45736
190.0143801	0.82905142	5.40063
190.1600969	0.8155398	5.34659
190.3060373	0.80070729	5.29496
190.4522019	0.78464722	5.24555
190.5985912	0.76739701	5.19821
190.7452058	0.74894673	5.15286
190.892046	0.72928512	5.10954
191.0391125	0.70843514	5.06834
191.1864058	0.686469	5.02941
191.3339264	0.66351963	4.99291
191.4816749	0.63979922	4.95903
191.6296517	0.61558656	4.92787
191.7778574	0.59120213	4.8995
191.9262925	0.56701415	4.87392
192.0749575	0.54340756	4.85101
192.2238531	0.52074395	4.83055
192.3729796	0.49935539	4.81226
192.5223378	0.47952792	4.79575
192.671928	0.46146565	4.78055
192.8217509	0.4452745	4.76614
192.971807	0.4309516	4.75197
193.1220968	0.41837953	4.73749
193.2726208	0.4073157	4.72216
193.4233798	0.39739605	4.70552
193.574374	0.38815889	4.68721
193.7256043	0.37906232	4.66699
193.877071	0.36951963	4.64479
194.0287747	0.35894322	4.6207
194.180716	0.34677809	4.59497
194.3328955	0.33255737	4.56803
194.4853137	0.31592607	4.54038
194.6379712	0.2966683	4.51265
194.7908685	0.27472774	4.48546
194.9440062	0.25018733	4.45942
195.0973849	0.22327377	4.4351
195.2510051	0.19431939	4.41293
195.4048675	0.16373398	4.39327
195.5589725	0.1319828	4.37632
195.7133208	0.09953686	4.36215
195.8679129	0.06685103	4.35072
196.0227494	0.03434279	4.34188
196.177831	0.00237636	4.3354
196.3331581	-0.02875742	4.33096
196.4887314	-0.05885182	4.32821
196.6445514	-0.08778051	4.32677
196.8006187	-0.11550092	4.32625
196.956934	-0.14205782	4.32626
197.1134978	-0.16758471	4.32644
197.2703107	-0.19228369	4.3265
197.4273733	-0.21642512	4.32618
197.5846862	-0.24032094	4.32536
197.74225	-0.26430398	4.32396
197.9000653	-0.2887138	4.32204
198.0581327	-0.31385925	4.31974
198.2164528	-0.33999744	4.3173
198.3750262	-0.36731202	4.31501
198.5338535	-0.39591193	4.31319
198.6929354	-0.4258249	4.31218
198.8522724	-0.45699761	4.3123
199.0118652	-0.48930856	4.31383
199.1717143	-0.5225858	4.31699
199.3318205	-0.55662362	4.32194
199.4921842	-0.59120484	4.32876
199.6528062	-0.62611584	4.33748
199.813687	-0.66116653	4.34805
199.9748274	-0.69620133	4.3604
200.1362278	-0.73110383	4.37441
200.297889	-0.76580822	4.38995
200.4598116	-0.80030099	4.40688
200.6219962	-0.83462034	4.42508
200.7844434	-0.8688599	4.44444
200.9471539	-0.90316033	4.46492
201.1101283	-0.93770142	4.48652
201.2733673	-0.97268895	4.50935
201.4368715	-1.00831937	4.53362
201.6006416	-1.04476531	4.55963
201.7646782	-1.08213916	4.58782
201.928982	-1.12045814	4.61871
202.0935535	-1.159603	4.65294
202.2583936	-1.19929454	4.69115
202.4235027	-1.23907214	4.73403
202.5888817	-1.27826912	4.78219
202.7545311	-1.31603048	4.83612
202.9204516	-1.35133549	4.89612
203.0866439	-1.38303721	4.96225
203.2531086	-1.40991235	5.03428
203.4198465	-1.43073987	5.11163
203.5868581	-1.44438604	5.19339
203.7541442	-1.44989188	5.27831
203.9217055	-1.44655226	5.36488
204.0895425	-1.4339869	5.45136
204.2576561	-1.41219684	5.53591
204.4260469	-1.38158238	5.61669
204.5947155	-1.34293754	5.69198
204.7636627	-1.29741449	5.76029
204.9328891	-1.24645558	5.82047
205.1023955	-1.19169695	5.87178
205.2721826	-1.13487256	5.91391
205.4422509	-1.0776857	5.94705
205.6126013	-1.0217026	5.97176
205.7832345	-0.9682722	5.98898
205.9541511	-0.91844027	5.99991
206.1253518	-0.87291565	6.00589
206.2968374	-0.83206473	6.0083
206.4686086	-0.79593944	6.00844
206.6406661	-0.76431989	6.00748
206.8130105	-0.73677577	6.00636
206.9856427	-0.71275917	6.00576
207.1585633	-0.69167482	6.00614
207.3317731	-0.67293359	6.00774
207.5052728	-0.65601175	6.01061
207.6790631	-0.64049072	6.01468
207.8531448	-0.6260575	6.01984
208.0275185	-0.61249244	6.02596
208.2021851	-0.59965315	6.03294
208.3771452	-0.58743546	6.04074
208.5523996	-0.57575271	6.04934
208.727949	-0.56450865	6.05879
208.9037943	-0.5535709	6.06914
209.0799361	-0.5427722	6.08043
209.2563751	-0.53191121	6.09266
209.4331122	-0.52078319	6.10574
209.6101481	-0.50919404	6.11955
209.7874836	-0.49698448	6.13386
209.9651193	-0.48406184	6.14841
210.1430562	-0.47040615	6.1629
210.3212949	-0.45608819	6.17702
210.4998362	-0.4412663	6.1905
210.6786808	-0.42617646	6.20312
210.8578297	-0.41111068	6.21476
211.0372835	-0.39639583	6.22538
211.217043	-0.38237481	6.23506
211.3971089	-0.36935586	6.24402
211.5774822	-0.35759742	6.25253
211.7581635	-0.34729125	6.26098
211.9391537	-0.33852632	6.26981
212.1204536	-0.33129329	6.27947
212.3020639	-0.32547906	6.29043
212.4839854	-0.32086497	6.30312
212.666219	-0.31713971	6.31792
212.8487654	-0.3139189	6.33512
213.0316255	-0.31076805	6.35493
213.2148	-0.30720083	6.37749
213.3982898	-0.30271584	6.40278
213.5820957	-0.29681816	6.43073
213.7662186	-0.28901822	6.46115
213.9506591	-0.27886304	6.49375
214.1354182	-0.26594729	6.52816
214.3204967	-0.24992671	6.56392
214.5058953	-0.23054302	6.60049
214.6916151	-0.20762824	6.6373
214.8776566	-0.18111449	6.67372
215.0640209	-0.1510518	6.70911
215.2507088	-0.11760959	6.74284
215.437721	-0.08107061	6.77433
215.6250585	-0.04182217	6.80306
215.812722	-0.00033486	6.82862
216.0007125	0.04284968	6.85068
216.1890308	0.0871507	6.86908
216.3776778	0.13198505	6.88376
216.5666543	0.17678211	6.89479
216.7559611	0.22100529	6.90234
216.9455992	0.26417737	6.9067
217.1355694	0.3058996	6.90822
217.3258726	0.34584878	6.9073
217.5165097	0.38378779	6.90439
217.7074815	0.41957197	6.89995
217.8987889	0.45314078	6.89443
218.0904329	0.48451093	6.88826
218.2824142	0.51376728	6.88183
218.4747339	0.54104751	6.87548
218.6673927	0.56654519	6.86952
218.8603916	0.59048126	6.86414
219.0537315	0.61307984	6.8595
219.2474133	0.63456579	6.85568
219.4414379	0.65513795	6.8527
219.6358063	0.67495472	6.85054
219.8305192	0.6941393	6.84918
220.0255777	0.7127675	6.84856
220.2209826	0.73087116	6.84868
220.416735	0.74847306	6.84958
220.6128356	0.76558793	6.85132
220.8092855	0.78224284	6.85404
221.0060856	0.79851877	6.85793
221.2032368	0.81455274	6.86317
221.40074	0.83054957	6.86997
221.5985962	0.84678714	6.87848
221.7968064	0.86360672	6.88881
221.9953715	0.88139303	6.90095
222.1942925	0.90054214	6.9148
222.3935702	0.92143872	6.93014
222.5932057	0.94442154	6.94664
222.7932	0.96975102	6.96387
222.9935539	0.99759353	6.98135
223.1942686	1.02799616	6.99853
223.3953449	1.06088062	7.0149
223.5967838	1.09606833	7.02999
223.7985863	1.13328124	7.04338
224.0007534	1.17216375	7.05477
224.2032861	1.21232561	7.06398
224.4061854	1.25337073	7.07094
224.6094522	1.2949227	7.07569
224.8130876	1.33665452	7.07837
225.0170926	1.3783058	7.07918
225.2214682	1.41969224	7.07837
225.4262153	1.46071639	7.07621
225.6313351	1.50136436	7.07295
225.8368285	1.54168645	7.06879
226.0426965	1.58177759	7.06388
226.2489402	1.62176999	7.05832
226.4555606	1.66181083	7.05212
226.6625588	1.7020382	7.04523
226.8699357	1.74255761	7.03752
227.0776924	1.78343756	7.02885
227.28583	1.82469864	7.01901
227.4943495	1.86629909	7.0078
227.703252	1.90814466	6.99502
227.9125384	1.95009566	6.9805
228.12221	1.99196083	6.96407
228.3322676	2.03351437	6.94565
228.5427125	2.07451667	6.92518
228.7535457	2.11471567	6.90266
228.9647682	2.15385476	6.87812
229.1763811	2.19167196	6.85164
229.3883855	2.22792352	6.82337
229.6007826	2.2623803	6.79346
229.8135733	2.29482713	6.76213
230.0267589	2.325074	6.72962
230.2403403	2.35296182	6.69623
230.4543187	2.3783714	6.66228
230.6686952	2.40122986	6.62814
230.8834709	2.4215317	6.59421
231.098647	2.43933594	6.56088
231.3142245	2.4547716	6.52856
231.5302045	2.46804728	6.49763
231.7465883	2.47944551	6.46843
231.9633769	2.4893002	6.44121
232.1805715	2.49798706	6.41618
232.3981732	2.50591154	6.39344
232.6161831	2.51348593	6.37302
232.8346025	2.5211076	6.35484
233.0534324	2.5291431	6.33877
233.2726741	2.53792195	6.3246
233.4923286	2.54771122	6.31206
233.7123972	2.55872241	6.30088
233.932881	2.57111593	6.29075
234.1537812	2.5849866	6.28135
234.375099	2.60037776	6.27239
234.5968356	2.6172892	6.26358
234.8189921	2.63568533	6.25467
235.0415697	2.65549201	6.2454
235.2645698	2.6766048	6.23558
235.4879933	2.69890446	6.22503
235.7118417	2.72225935	6.21362
235.936116	2.74653629	6.20124
236.1608174	2.7715934	6.1878
236.3859474	2.79729829	6.17327
236.6115069	2.82353105	6.15761
236.8374973	2.85018783	6.14083
237.0639198	2.87718606	6.12292
237.2907757	2.90446046	6.10389
237.5180661	2.93195434	6.08371
237.7457924	2.95961423	6.06237
237.9739558	2.98739436	6.03983
238.2025575	3.01523256	6.01602
238.4315989	3.04304747	5.99088
238.6610812	3.0707333	5.96433
238.8910056	3.09815791	5.93632
239.1213734	3.1251624	5.9068
239.352186	3.15156757	5.87578
239.5834446	3.17718184	5.84329
239.8151505	3.20182035	5.80945
240.047305	3.22531531	5.77439
240.2799095	3.24753502	5.73834
240.5129651	3.26839842	5.70152
240.7464733	3.28788419	5.66422
240.9804353	3.3060457	5.6267
241.2148526	3.32300523	5.58922
241.4497263	3.3389542	5.55198
241.6850579	3.3541339	5.51511
241.9208486	3.36881056	5.47864
242.1570999	3.38324744	5.44251
242.3938131	3.39768539	5.40657
242.6309895	3.41230482	5.37056
242.8686305	3.42719995	5.33418
243.1067375	3.44237459	5.2971
243.3453118	3.45772344	5.25898
243.5843548	3.47304305	5.21956
243.8238679	3.48806096	5.17866
244.0638525	3.50247012	5.13623
244.30431	3.51596226	5.09232
244.5452417	3.52826408	5.04712
244.7866491	3.53919178	5.00093
245.0285337	3.5486743	4.95409
245.2708967	3.55677142	4.90697
245.5137396	3.56366696	4.85986
245.7570639	3.56964828	4.81298
246.000871	3.57508027	4.76639
246.2451624	3.58034395	4.71997
246.4899393	3.58579162	4.67344
246.7352035	3.59168003	4.62631
246.9809561	3.59811483	4.57799
247.2271989	3.60502445	4.5278
247.4739331	3.61212544	4.47504
247.7211603	3.61892459	4.41909
247.9688819	3.62475039	4.35947
248.2170995	3.62877774	4.29587
248.4658146	3.63009223	4.22827
248.7150285	3.62777092	4.1569
248.9647429	3.62093646	4.08225
249.2149592	3.60882782	4.00507
249.465679	3.59087181	3.92632
249.7169038	3.56671609	3.84707
249.968635	3.5362537	3.76848
250.2208743	3.49963337	3.69168
250.4736232	3.45723129	3.61771
250.7268832	3.40961892	3.54747
250.9806558	3.35752021	3.48167
251.2349427	3.30174998	3.42079
251.4897454	3.24315673	3.3651
251.7450655	3.18257666	3.31466
252.0009045	3.1207849	3.26934
252.257264	3.05846239	3.22887
252.5141456	2.99617521	3.19287
252.771551	2.93436946	3.16091
253.0294817	2.87337894	3.13253
253.2879393	2.81342474	3.10726
253.5469255	2.75464361	3.08469
253.8064418	2.69709809	3.0644
254.0664899	2.64078592	3.04605
254.3270714	2.58567302	3.02934
254.5881881	2.53168895	3.01399
254.8498414	2.47873479	2.99978
255.1120332	2.4266949	2.98652
255.3747649	2.37544298	2.97407
255.6380384	2.32485088	2.96232
255.9018553	2.27478769	2.95119
256.1662173	2.22512591	2.94064
256.431126	2.17575705	2.93067
256.6965832	2.12658974	2.92128
256.9625906	2.07754879	2.9125
257.2291499	2.02858854	2.90437
257.4962627	1.97967092	2.89689
257.7639309	1.93077344	2.89011
258.0321562	1.88188162	2.88401
258.3009402	1.83297642	2.87861
258.5702848	1.78404585	2.8739
258.8401917	1.73506329	2.86986
259.1106627	1.68599806	2.8665
259.3816995	1.63682203	2.86382
259.653304	1.58750386	2.86183
259.9254778	1.53801521	2.86055
260.1982229	1.48833011	2.86
260.4715409	1.4384321	2.86022
260.7454337	1.38831274	2.86123
261.0199032	1.33796776	2.86306
261.2949511	1.28739561	2.86572
261.5705793	1.23659063	2.86922
261.8467895	1.18554122	2.87356
262.1235838	1.13422466	2.87874
262.4009638	1.0826102	2.88477
262.6789315	1.03065863	2.89166
262.9574888	0.97831699	2.89943
263.2366374	0.92553337	2.90814
263.5163794	0.87225008	2.91783
263.7967166	0.81841293	2.92861
264.0776509	0.76397218	2.94056
264.3591841	0.70885334	2.9538
264.6413183	0.65288309	2.96846
264.9240554	0.5948982	2.98465
265.2068299	0.54467947	3.00252
265.4907773	0.48566428	3.02218
265.7753333	0.427611	3.04378
266.0605	0.36941957	3.06746
266.3462793	0.31099607	3.09338
266.6326731	0.25239236	3.12171
266.9196835	0.19371713	3.15263
267.2073125	0.13513547	3.18635
267.495562	0.07686802	3.22305
267.7844341	0.01919045	3.26291
268.0739308	-0.03756822	3.30605
268.3640541	-0.09302688	3.35256
268.6548061	-0.14677136	3.40241
268.9461887	-0.19837791	3.45551
269.2382041	-0.24743014	3.51165
269.5308543	-0.2935401	3.57055
269.8241415	-0.33638003	3.6318
270.1180675	-0.37570667	3.69496
270.4126347	-0.41135219	3.75955
270.707845	-0.44324324	3.82505
271.0037005	-0.47139297	3.89098
271.3002035	-0.49589028	3.95686
271.597356	-0.51689322	4.02227
271.8951601	-0.53461013	4.08683
272.193618	-0.54928667	4.15022
272.4927319	-0.56119951	4.21215
272.7925039	-0.57065707	4.27238
273.0929361	-0.57798985	4.33072
273.3940309	-0.58354856	4.38702
273.6957903	-0.58770342	4.44118
273.9982166	-0.59084923	4.49314
274.3013119	-0.59339519	4.54293
274.6050786	-0.59575143	4.59064
274.9095188	-0.59832257	4.63645
275.2146349	-0.60148071	4.68064
275.5204289	-0.60555774	4.72355
275.8269032	-0.61081529	4.76565
276.1340601	-0.61742183	4.80744
276.4419019	-0.62544121	4.8495
276.7504308	-0.63481603	4.89241
277.0596492	-0.64536	4.93677
277.3695593	-0.65675376	4.98312
277.6801635	-0.66855361	5.03194
277.9914641	-0.68021387	5.08357
278.3034635	-0.69111804	5.13823
278.616164	-0.70060102	5.19598
278.9295681	-0.70798612	5.25671
279.2436779	-0.7126339	5.32012
279.5584961	-0.71398131	5.38577
279.8740248	-0.7115703	5.45308
280.1902667	-0.70508162	5.52137
280.507224	-0.6943437	5.58992
280.8248992	-0.67934605	5.65797
281.1432948	-0.66023547	5.72482
281.4624132	-0.63729342	5.78983
281.7822568	-0.61092021	5.85247
282.1028282	-0.58159371	5.91236
282.4241298	-0.54983496	5.96925
282.7461642	-0.5161765	6.02305
283.0689338	-0.48111777	6.07382
283.3924411	-0.44509326	6.12174
283.7166888	-0.40844218	6.1671
284.0416793	-0.37138189	6.21025
284.3674151	-0.33400835	6.25154
284.693899	-0.29630725	6.2913
285.0211333	-0.25814642	6.32983
285.3491208	-0.2193108	6.36728
285.6778641	-0.17953845	6.40372
286.0073656	-0.13855253	6.43905
286.3376282	-0.09610723	6.47306
286.6686543	-0.05201569	6.50541
287.0004468	-0.00619034	6.53566
287.3330081	0.04133747	6.56332
287.6663411	0.09040456	6.58787
288.0004483	0.14071356	6.60882
288.3353326	0.19183228	6.62572
288.6709965	0.24321938	6.63826
289.0074429	0.29426122	6.64624
289.3446744	0.34428477	6.6496
289.6826939	0.39260885	6.64848
290.0215041	0.4385836	6.64315
290.3611077	0.48161812	6.63405
290.7015076	0.52122317	6.62175
291.0427066	0.55704411	6.60693
291.3847074	0.58886958	6.5903
291.7275129	0.61664458	6.57262
292.071126	0.64046549	6.55458
292.4155495	0.66055459	6.53682
292.7607863	0.67724432	6.51987
293.1068392	0.69093847	6.50413
293.4537112	0.7020771	6.48987
293.8014052	0.71109637	6.47722
294.1499241	0.71841002	6.46623
294.4992708	0.72437975	6.45682
294.8494483	0.72930427	6.4489
295.2004595	0.733433	6.44233
295.5523075	0.73695987	6.43696
295.9049952	0.74003839	6.43265
296.2585257	0.74279903	6.42927
296.6129019	0.74535195	6.42668
296.9681269	0.74780561	6.42477
297.3242038	0.75026435	6.42337
297.6811357	0.75281074	6.4223
298.0389255	0.75550475	6.42134
298.3975764	0.7583647	6.42023
298.7570916	0.76135806	6.41869
299.1174741	0.7643744	6.41639
299.4787271	0.76722878	6.41306
299.8408537	0.76966318	6.40841
300.2038571	0.77133952	6.40223
300.5677406	0.77185985	6.39437
300.9325073	0.77078049	6.38478
301.2981604	0.76762403	6.37349
301.6647032	0.76191275	6.36068
302.0321389	0.75318094	6.34658
302.4004707	0.74099587	6.33158
302.7697021	0.72497958	6.31611
303.1398362	0.7048082	6.30071
303.5108764	0.68024851	6.286
303.882826	0.65114933	6.27261
304.2556883	0.61744144	6.26124
304.6294668	0.57916268	6.25262
305.0041648	0.53644331	6.24746
305.3797857	0.48951987	6.24652
305.7563329	0.43873444	6.25049
306.1338099	0.38452579	6.26007
306.51222	0.32744371	6.2759
306.8915668	0.26813384	6.29855
307.2718538	0.20732976	6.32851
307.6530844	0.14584242	6.36617
308.0352621	0.08455487	6.41182
308.4183905	0.02438944	6.46558
308.8024732	-0.0337106	6.52748
309.1875137	-0.08879704	6.59738
309.5735156	-0.1399396	6.67504
309.9604825	-0.18624088	6.76007
310.348418	-0.2268549	6.85199
310.7373258	-0.26098455	6.95022
311.1272095	-0.28789214	7.05408
311.5180729	-0.30691733	7.16279
311.9099195	-0.31746579	7.27553
312.3027531	-0.31902682	7.39134
312.6965776	-0.31118138	7.50924
313.0913965	-0.29361503	7.62811
313.4872137	-0.26614625	7.7468
313.8840329	-0.22873327	7.86408
314.281858	-0.18149553	7.9787
314.6806929	-0.1247229	8.08939
315.0805413	-0.05889295	8.1949
315.4814071	0.01534325	8.29407
315.8832943	0.09716444	8.3858
316.2862066	0.18559198	8.46915
316.6901481	0.27951351	8.54331
317.0951228	0.37770225	8.60767
317.5011344	0.47885656	8.66182
317.9081872	0.5816232	8.70555
318.316285	0.68462708	8.73888
318.7254319	0.78651096	8.76206
319.1356319	0.88596625	8.77556
319.5468892	0.98178129	8.7801
319.9592077	1.07287148	8.77657
320.3725917	1.15832391	8.7661
320.7870453	1.23744346	8.74994
321.2025725	1.30977734	8.72947
321.6191777	1.37514072	8.7061
322.0368649	1.43362058	8.68123
322.4556385	1.48556103	8.65615
322.8755026	1.53153991	8.63202
323.2964615	1.57232548	8.60976
323.7185196	1.60881366	8.59005
324.141681	1.64195659	8.57327
324.5659503	1.67270392	8.55957
324.9913316	1.70194686	8.54882
325.4178294	1.73045462	8.54069
325.8454481	1.75884174	8.53469
326.2741921	1.78755163	8.53024
326.7040659	1.81684251	8.52669
327.1350739	1.84679342	8.52342
327.5672206	1.87732061	8.51984
328.0005106	1.90820627	8.51548
328.4349483	1.93912305	8.50995
328.8705385	1.96967586	8.50305
329.3072855	1.99944276	8.49468
329.7451941	2.02799243	8.4849
330.184269	2.05494261	8.47393
330.6245147	2.07997913	8.46206
331.0659359	2.10287497	8.4497
331.5085374	2.12351201	8.43729
331.952324	2.14188655	8.42531
332.3973003	2.15810857	8.4142
332.8434711	2.17237012	8.40434
333.2908414	2.18494283	8.39608
333.7394159	2.19614839	8.38964
334.1891995	2.20633887	8.38521
334.640197	2.21587813	8.38285
335.0924135	2.22512358	8.3826
335.5458539	2.23443877	8.38443
336.000523	2.24417094	8.38824
336.4564261	2.25466248	8.39392
336.9135679	2.26624983	8.40127
337.3719537	2.27926341	8.41007
337.8315886	2.29401256	8.41997
338.2924775	2.31076505	8.43058
338.7546257	2.32972966	8.44138
339.2180383	2.35101402	8.45178
339.6827205	2.3746087	8.46113
340.1486776	2.40036307	8.46874
340.6159148	2.42796244	8.47392
341.0844374	2.45693348	8.47606
341.5542507	2.48665782	8.47464
342.02536	2.51639764	8.46931
342.4977707	2.54533402	8.45989
342.9714882	2.57260934	8.44642
343.446518	2.59738007	8.42915
343.9228655	2.61887226	8.40855
344.4005361	2.63641899	8.38524
344.8795355	2.6494888	8.36
345.3598691	2.65772636	8.33372
345.8415425	2.66095953	8.30732
346.3245615	2.65919308	8.28173
346.8089315	2.65260975	8.25785
347.2946583	2.64155286	8.23649
347.7817475	2.62649982	8.21835
348.2702051	2.60802256	8.20397
348.7600366	2.58675309	8.19376
349.2512479	2.56335713	8.18797
349.7438449	2.53849743	8.1867
350.2378333	2.51279475	8.1899
350.7332192	2.48680364	8.19743
351.2300085	2.46101887	8.20909
351.7282071	2.43585207	8.22458
352.227821	2.41163962	8.24363
352.7288563	2.38865254	8.26591
353.2313191	2.36710166	8.29114
353.7352154	2.34716439	8.31903
354.2405514	2.32897722	8.34929
354.7473333	2.31265301	8.38166
355.2555673	2.29828312	8.41585
355.7652597	2.28592615	8.45157
356.2764167	2.27560369	8.48851
356.7890446	2.26729322	8.52636
357.3031499	2.26091433	8.56479
357.8187388	2.25631843	8.6035
358.3358179	2.25330333	8.64224
358.8543936	2.25161021	8.68079
359.3744725	2.25093236	8.71903
359.896061	2.2509404	8.75693
360.4191657	2.25132072	8.7946
360.9437933	2.25180365	8.83222
361.4699504	2.25218434	8.87008
361.9976438	2.25235701	8.90853
362.5268801	2.25232997	8.94795
363.0576662	2.25223917	8.98871
363.5900088	2.25231895	9.03107
364.1239148	2.25288576	9.07524
364.6593912	2.25430292	9.12124
365.1964448	2.25691909	9.16897
365.7350826	2.26103464	9.21819
366.2753117	2.2668617	9.26856
366.8171391	2.27449814	9.31967
367.3605719	2.2839026	9.37108
367.9056172	2.29490675	9.42242
368.4522823	2.30723548	9.47338
369.0005744	2.32054636	9.52381
369.5505007	2.33447224	9.57366
370.1020687	2.34865884	9.62304
370.6552855	2.36279827	9.67214
371.2101587	2.3766564	9.72127
371.7666957	2.39010079	9.77077
372.3249039	2.40307727	9.82096
372.884791	2.41560977	9.87218
373.4463645	2.42778699	9.92469
374.009632	2.43972187	9.9787
374.5746012	2.45155699	10.0344
375.1412799	2.46337715	10.0918
375.7096758	2.47529669	10.1512
376.2797967	2.48739983	10.2125
376.8516505	2.49973149	10.276
377.4252451	2.51239795	10.3418
378.0005884	2.52548475	10.4101
378.5776885	2.53908931	10.4811
379.1565535	2.55341481	10.5552
379.7371914	2.56870569	10.6325
380.3196104	2.58526496	10.7134
380.9038187	2.60349497	10.798
381.4898246	2.62376756	10.8864
382.0776364	2.64655146	10.9788
382.6672623	2.6723123	11.075
383.258711	2.70140306	11.1749
383.8519907	2.73423171	11.2785
384.4471101	2.7711919	11.3855
385.0440776	2.8125253	11.4956
385.642902	2.85843262	11.6087
386.2435919	2.90916017	11.7247
386.846156	2.96491798	11.8434
387.4506031	3.02582906	11.9647
388.0569421	3.09215095	12.0889
388.6651818	3.16428214	12.216
389.2753312	3.24269847	12.3462
389.8873994	3.32804742	12.4796
390.5013953	3.42109403	12.6162
391.1173281	3.52278093	12.756
391.735207	3.63424219	12.8987
392.3550411	3.75665421	13.0436
392.9768399	3.8911965	13.1898
393.6006127	4.03897407	13.3359
394.2263688	4.20088048	13.4802
394.8541178	4.37755439	13.6207
395.4838692	4.56928644	13.7551
396.1156326	4.77590849	13.8809
396.7494176	4.99683005	13.9957
397.385234	5.2308847	14.0968
398.0230915	5.47645663	14.1823
398.663	5.73161261	14.2502
399.3049694	5.99402394	14.2991
399.9490097	6.26116499	14.3281
400.5951309	6.53045106	14.3369
401.243343	6.7993093	14.3256
401.8936564	7.06532685	14.295
402.5460812	7.32640539	14.2462
403.2006276	7.58070865	14.1805
403.8573062	7.82668446	14.0995
404.5161272	8.06323612	14.0051
405.1771013	8.28958942	13.8988
405.840239	8.50518775	13.7823
406.5055508	8.70975705	13.6571
407.1730476	8.90316936	13.5245
407.8427401	9.08539432	13.3857
408.5146392	9.25643634	13.2417
409.1887558	9.41630239	13.0935
409.8651008	9.56498298	12.942
410.5436854	9.70251636	12.7883
411.2245207	9.82896213	12.6333
411.9076179	9.94448251	12.4783
412.5929884	10.04936077	12.3243
413.2806433	10.14403514	12.1727
413.9705943	10.22916507	12.0246
414.6628528	10.30562834	11.8813
415.3574305	10.37451983	11.7437
416.0543389	10.4371545	11.6128
416.7535899	10.4950222	11.489
417.4551953	10.54967462	11.3726
418.1591669	10.6027026	11.2634
418.8655169	10.65567343	11.161
419.5742572	10.71002474	11.0644
420.2854	10.76693803	10.9724
420.9989576	10.82727486	10.8834
421.7149422	10.89147156	10.7957
422.4333663	10.95963648	10.7077
423.1542423	11.03150243	10.6176
423.8775829	11.10634004	10.5238
424.6034007	11.18311277	10.4251
425.3317084	11.26052883	10.3205
426.0625189	11.33715375	10.2096
426.7958451	11.41156016	10.0923
427.5317	11.48234238	9.96887
428.2700967	11.5482587	9.84005
429.0110484	11.60832191	9.70678
429.7545685	11.66182672	9.57022
430.5006701	11.70836325	9.43155
431.249367	11.74779853	9.29197
432.0006725	11.78024962	9.15255
432.7546003	11.8060141	9.0142
433.5111643	11.82549818	8.87763
434.2703783	11.8391711	8.74341
435.0322561	11.84751	8.6119
435.796812	11.85094694	8.48336
436.5640599	11.84987354	8.35799
437.3340141	11.84462171	8.23591
438.106689	11.83547861	8.11729
438.8820991	11.82271964	8.00229
439.6602589	11.80661822	7.8911
440.4411829	11.78747448	7.78393
441.2248861	11.76562162	7.68097
442.0113832	11.74143571	7.58241
442.8006893	11.71532568	7.48836
443.5928193	11.68771855	7.3989
444.3877885	11.65905286	7.31403
445.1856122	11.62975736	7.23369
445.9863058	11.60024026	7.15776
446.7898847	11.57087689	7.08607
447.5963646	11.54200517	7.01842
448.4057613	11.51392722	6.95459
449.2180906	11.48692216	6.89436
450.0333684	11.46123676	6.83746
450.8516109	11.43709112	6.78365
451.6728342	11.41468095	6.73264
452.4970547	11.39417906	6.68417
453.3242888	11.37573901	6.63793
454.1545531	11.35947267	6.5936
454.9878642	11.34546666	6.55088
455.824239	11.33377733	6.50943
456.6636943	11.32441676	6.46892
457.5062472	11.31736171	6.42903
458.351915	11.31255563	6.38945
459.2007148	11.30991424	6.34989
460.0526642	11.30931533	6.31005
460.9077807	11.31060754	6.26969
461.7660819	11.31361511	6.22856
462.6275858	11.31812524	6.18645
463.4923103	11.32390537	6.1432
464.3602734	11.33070194	6.09867
465.2314934	11.33823807	6.05278
466.1059887	11.34623177	6.00552
466.9837778	11.35441329	5.95695
467.8648792	11.36254217	5.9072
468.7493119	11.37042073	5.85646
469.6370947	11.37792945	5.80501
470.5282467	11.3850389	5.75312
471.4227871	11.39182672	5.70111
472.3207352	11.39848264	5.64921
473.2221107	11.4052779	5.59758
474.1269331	11.41256499	5.54628
475.0352222	11.42072309	5.49516
475.9469981	11.4301122	5.44395
476.8622808	11.44102507	5.39216
477.7810906	11.45361792	5.33917
478.7034479	11.46787906	5.28426
479.6293733	11.48360387	5.22667
480.5588876	11.5003668	5.16563
481.4920117	11.51752845	5.1005
482.4287665	11.5342701	5.03079
483.3691735	11.54964198	4.95626
484.3132539	11.56262209	4.87691
485.2610294	11.5721843	4.79305
486.2125216	11.57737056	4.70525
487.1677525	11.57736517	4.61437
488.1267441	11.57155815	4.52145
489.0895187	11.55957828	4.42768
490.0560988	11.54133291	4.33433
491.0265069	11.51700839	4.24263
492.0007659	11.4870512	4.15373
492.9788986	11.45214258	4.06861
493.9609283	11.41313825	3.98801
494.9468782	11.37101358	3.91243
495.936772	11.32678909	3.84205
496.9306333	11.28144942	3.77679
497.9284859	11.23590302	3.71634
498.9303541	11.19091234	3.66013
499.9362621	11.14705244	3.60748
500.9462343	11.10469935	3.55759
501.9602955	11.06399958	3.50962
502.9784706	11.02489238	3.4628
504.0007846	10.98712743	3.41641
505.0272627	10.95028517	3.36989
506.0579306	10.91382338	3.32285
507.0928139	10.87713126	3.27513
508.1319385	10.83957423	3.22676
509.1753306	10.80056058	3.17805
510.2230165	10.75961369	3.12949
511.2750227	10.71640817	3.08174
512.331376	10.67082107	3.03559
513.3921035	10.62297026	2.99188
514.4572324	10.57322026	2.9514
515.52679	10.5221607	2.91481
516.6008042	10.47055676	2.88255
517.6793027	10.4192874	2.85481
518.7623138	10.36926423	2.83146
519.8498658	10.32133406	2.81207
520.9419874	10.27619266	2.79594
522.0387074	10.23432253	2.78219
523.1400549	10.19594391	2.76981
524.2460592	10.16100856	2.75782
525.35675	10.12921503	2.74529
526.4721571	10.10004524	2.73149
527.5923106	10.07284597	2.71592
528.7172409	10.04689582	2.69832
529.8469786	10.02147926	2.67869
530.9815546	9.99595538	2.65724
532.121	9.96979929	2.63434
533.2653462	9.94263675	2.61048
534.414625	9.9142478	2.58617
535.5688683	9.88454768	2.56192
536.7281082	9.85357942	2.53821
537.8923774	9.82147743	2.51542
539.0617087	9.78843865	2.49388
540.2361351	9.75470808	2.47383
541.41569	9.72055524	2.45544
542.600407	9.6862532	2.4388
543.7903202	9.65207928	2.42398
544.9854637	9.61832438	2.41099
546.1858722	9.58527328	2.39977
547.3915806	9.55320423	2.39023
548.6026239	9.52238189	2.3822
549.8190377	9.49305313	2.37548
551.0408578	9.46542657	2.36976
552.2681203	9.43964717	2.3647
553.5008616	9.41579627	2.35991
554.7391186	9.39387226	2.35496
555.9829283	9.37377116	2.3494
557.2323281	9.35528136	2.34281
558.4873559	9.33810437	2.33484
559.7480497	9.3218492	2.32517
561.014448	9.30604741	2.31363
562.2865896	9.29019873	2.30017
563.5645136	9.27378288	2.28486
564.8482597	9.25629833	2.26795
566.1378676	9.23731271	2.24983
567.4333776	9.21649101	2.23101
568.7348303	9.19362372	2.2121
570.0422667	9.1686554	2.19378
571.3557281	9.14170621	2.17675
572.6752564	9.11306966	2.16166
574.0008935	9.08319957	2.14908
575.3326821	9.05269676	2.13945
576.6706651	9.02226766	2.13301
578.0148858	8.99267646	2.1298
579.3653879	8.96469609	2.12962
580.7222155	8.93904462	2.13203
582.0854131	8.91631983	2.13636
583.4550259	8.89694164	2.14176
584.8310991	8.88111018	2.14725
586.2136785	8.86875603	2.15176
587.6028104	8.85953439	2.15429
588.9985416	8.85283882	2.15392
590.400919	8.84782231	2.14995
591.8099905	8.84346899	2.14197
593.2258038	8.83867181	2.1299
594.6484077	8.83233011	2.11404
596.077851	8.82345391	2.09504
597.5141831	8.81125984	2.07387
598.9574541	8.79525436	2.05173
600.4077143	8.77528981	2.02995
601.8650146	8.75159029	2.00986
603.3294063	8.72472435	1.99264
604.8009415	8.69555267	1.97925
606.2796724	8.66515823	1.97032
607.765652	8.63474211	1.96609
609.2589337	8.6055072	1.96639
610.7595714	8.57855266	1.97068
612.2676198	8.55477429	1.97808
613.7831337	8.53479701	1.9875
615.3061687	8.51892415	1.99768
616.8367811	8.50712094	2.00737
618.3750274	8.4990277	2.01537
619.920965	8.49400308	2.0207
621.4746516	8.49118919	2.0226
623.0361457	8.48957268	2.02063
624.6055063	8.48809725	2.01472
626.1827929	8.48574053	2.00508
627.7680658	8.48159566	1.99227
629.3613858	8.47495055	1.97706
630.9628142	8.46532268	1.9604
632.5724133	8.45250802	1.94335
634.1902455	8.43658034	1.92693
635.8163744	8.4178582	1.91208
637.4508638	8.39688508	1.8996
639.0937784	8.37436145	1.89003
640.7451835	8.35107708	1.8837
642.4051451	8.32785119	1.88066
644.0737299	8.30545938	1.88073
645.7510052	8.28459201	1.88353
647.4370392	8.26579711	1.88848
649.1319005	8.24945695	1.89493
650.8356588	8.23578805	1.90215
652.5483842	8.22482338	1.90939
654.2701478	8.21642541	1.91595
656.0010212	8.21030847	1.9212
657.7410769	8.20606079	1.92462
659.4903883	8.20317378	1.92582
661.2490293	8.20107297	1.92456
663.0170749	8.19915211	1.92076
664.7946005	8.19681324	1.91451
666.5816828	8.19349738	1.90604
668.3783989	8.18872106	1.89574
670.184827	8.18210198	1.88409
672.0010461	8.17338043	1.87168
673.8271359	8.1624433	1.85914
675.6631771	8.14932681	1.84711
677.5092514	8.13420409	1.83618
679.3654411	8.11737735	1.8269
681.2318297	8.09926693	1.81971
683.1085014	8.08037569	1.81492
684.9955414	8.06125514	1.8127
686.893036	8.04248927	1.8131
688.8010722	8.02465485	1.81598
690.7197382	8.00829499	1.8211
692.6491229	7.9938858	1.82803
694.5893165	7.98180748	1.83627
696.5404101	7.97231927	1.84517
698.5024958	7.96553007	1.85405
700.4756667	7.96138884	1.86217
702.460017	7.9596621	1.86881
704.455642	7.95993999	1.87332
706.4626382	7.9616635	1.87519
708.4811029	7.96414801	1.87405
710.5111347	7.96662741	1.86977
712.5528333	7.96831823	1.86244
714.6062997	7.96847123	1.85239
716.6716358	7.96644875	1.8402
718.7489449	7.96177623	1.8266
720.8383314	7.95417889	1.81247
722.9399009	7.94362388	1.79875
725.0537602	7.9303178	1.78634
727.1800176	7.91468485	1.77605
729.3187824	7.89734195	1.76854
731.4701652	7.87905862	1.76426
733.6342781	7.86068329	1.76338
735.8112344	7.84307403	1.76583
738.0011488	7.82705184	1.77129
740.2041373	7.81332497	1.77917
742.4203174	7.80242506	1.7887
744.6498078	7.79467955	1.79898
746.8927289	7.79017347	1.80901
749.1492024	7.788735	1.81781
751.4193515	7.7899433	1.82446
753.7033009	7.79315299	1.82821
756.0011768	7.79755134	1.82853
758.313107	7.8021986	1.82512
760.6392209	7.80610816	1.81803
762.9796492	7.80833298	1.80758
765.3345247	7.80803598	1.7944
767.7039814	7.80456056	1.77934
770.0881553	7.79749018	1.76346
772.4871838	7.78669305	1.7479
774.9012063	7.77232698	1.73381
777.3303636	7.75483909	1.72227
779.7747987	7.73493282	1.71418
782.2346562	7.71351944	1.71022
784.7100823	7.69165082	1.71076
787.2012254	7.67044562	1.71587
789.7082357	7.65100609	1.72526
792.2312652	7.63433042	1.73834
794.7704679	7.62125417	1.75425
797.326	7.61237751	1.77188
799.8980194	7.60801585	1.78999
802.4866861	7.60816913	1.80725
805.0921623	7.6125129	1.82238
807.7146124	7.6204158	1.8342
810.3542026	7.63095962	1.84173
813.0111016	7.64299632	1.84429
815.6854803	7.65523812	1.84157
818.3775116	7.66633691	1.83362
821.0873709	7.67498082	1.82093
823.8152359	7.6800183	1.80439
826.5612867	7.68054608	1.78521
829.3257057	7.67599911	1.76489
832.1086779	7.66621371	1.74505
834.9103906	7.65145591	1.72735
837.7310338	7.63241414	1.7133
840.5708	7.61015557	1.70418
843.4298844	7.58605644	1.70088
846.3084846	7.56166929	1.7038
849.2068014	7.53860738	1.71288
852.1250378	7.51840666	1.7275
855.0634	7.50238498	1.74661
858.0220969	7.49153542	1.76876
861.0013403	7.48643569	1.79226
864.0013449	7.48720348	1.8153
867.0223287	7.49348997	1.83612
870.0645123	7.50450357	1.85312
873.1281197	7.51908638	1.86505
876.2133781	7.53580443	1.87102
879.3205177	7.55305428	1.87065
882.4497722	7.5692082	1.86406
885.6013786	7.58273623	1.85185
888.7755771	7.59230352	1.83503
891.9726115	7.59688218	1.81502
895.1927292	7.59583471	1.79346
898.4361812	7.58895041	1.77214
901.7032218	7.57646268	1.75284
904.9941095	7.55904378	1.73725
908.3091062	7.53776551	1.72679
911.6484779	7.51402085	1.72254
915.0124945	7.48943558	1.72514
918.4014296	7.46575594	1.73474
921.8155613	7.4447347	1.75098
925.2551716	7.42799619	1.77296
928.7205468	7.41690234	1.79932
932.2119774	7.412456	1.82833
935.7297585	7.41520506	1.85796
939.2741894	7.42517408	1.88606
942.8455741	7.44185039	1.91051
946.4442214	7.46418926	1.92936
950.0704444	7.49068339	1.94105
953.7245615	7.51945524	1.94446
957.4068958	7.54839232	1.93912
961.1177752	7.57531527	1.92518
964.8575331	7.59814012	1.90348
968.6265078	7.61506348	1.87548
972.4250431	7.62470743	1.84314
976.2534882	7.62624221	1.8088
980.1121976	7.61946195	1.77496
984.0015317	7.60480736	1.74411
987.9218566	7.58334709	1.71851
991.873544	7.55667129	1.69996
995.8569719	7.52677432	1.68975
999.8725242	7.49588602	1.68843
1003.920591	7.46628149	1.69589
1008.001569	7.44010528	1.71128
1012.115861	7.41917516	1.73313
1016.263877	7.40485199	1.7595
1020.446033	7.39793267	1.7881
1024.662752	7.39858511	1.81652
1028.914465	7.40635778	1.84243
1033.201608	7.4202145	1.86373
1037.524628	7.43864193	1.8788
1041.883975	7.45978177	1.88652
1046.28011	7.48158038	1.88644
1050.7135	7.50196556	1.87874
1055.184621	7.51900918	1.86425
1059.693957	7.53108442	1.84434
1064.242	7.53698044	1.82081
1068.82925	7.5359975	1.79576
1073.456216	7.52799124	1.77139
1078.123417	7.51337021	1.74986
1082.83138	7.4930776	1.73314
1087.58064	7.46851328	1.72281
1092.371744	7.44141798	1.71998
1097.205248	7.41373766	1.72518
1102.081716	7.38749196	1.73838
1107.001723	7.36461531	1.75889
1111.965857	7.34679833	1.7855
1116.974712	7.33536927	1.81652
1122.028896	7.3311918	1.84994
1127.129027	7.33459527	1.88354
1132.275735	7.34533847	1.91509
1137.469661	7.36263274	1.94252
1142.711456	7.3852062	1.96408
1148.001787	7.41139859	1.97846
1153.34133	7.43929138	1.98491
1158.730776	7.46684802	1.98326
1164.170826	7.4920765	1.97399
1169.662198	7.51318281	1.95812
1175.205621	7.52869127	1.93717
1180.801838	7.5375622	1.91304
1186.451608	7.53926543	1.88785
1192.155702	7.53379785	1.86377
1197.914908	7.52169235	1.84293
1203.730029	7.50398196	1.82719
1209.601883	7.48211532	1.81806
1215.531304	7.45786348	1.81657
1221.519143	7.43318937	1.82319
1227.566267	7.41010803	1.8378
1233.673562	7.39054262	1.85968
1239.84193	7.37616529	1.88753
1246.072291	7.36825491	1.91959
1252.365586	7.36759524	1.95377
1258.722772	7.37439834	1.9878
1265.144827	7.38827091	2.01943
1271.632749	7.40823837	2.04663
1278.187557	7.43282984	2.06779
1284.81029	7.46021959	2.08187
1291.50201	7.48839606	2.08848
1298.263801	7.51535181	2.08793
1305.096768	7.53928474	2.08119
1312.002042	7.55875801	2.06975
1318.980777	7.57283036	2.05551
1326.03415	7.58113778	2.04054
1333.163366	7.58388678	2.02687
1340.369654	7.5818091	2.01634
1347.654272	7.57608285	2.01043
1355.018503	7.56818725	2.01011
1362.463659	7.55975837	2.01586
1369.991083	7.55246436	2.02763
1377.602144	7.54787425	2.04488
1385.298246	7.54734543	2.06664
1393.08082	7.5519569	2.09164
1400.951333	7.56245721	2.11834
1408.911284	7.57922907	2.14507
1416.962206	7.60226684	2.17006
1425.105667	7.63116224	2.19158
1433.343272	7.66512114	2.20801
1441.676663	7.70297358	2.21792
1450.10752	7.74321139	2.2202
1458.637565	7.78406056	2.21415
1467.268556	7.823568	2.19956
1476.002298	7.85973631	2.17682
1484.840635	7.89066595	2.14688
1493.785458	7.91471011	2.1113
1502.838703	7.93064443	2.07213
1512.002354	7.93778202	2.03176
1521.278442	7.93606484	1.99278
1530.669049	7.92611788	1.95775
1540.176311	7.90920778	1.92893
1549.802413	7.88714918	1.90813
1559.549597	7.86216067	1.89649
1569.420165	7.83666929	1.8944
1579.416471	7.81308862	1.90142
1589.540936	7.79359668	1.91636
1599.796039	7.77993443	1.93735
1610.184325	7.77323023	1.96204
1620.708405	7.77389743	1.98784
1631.370961	7.78159861	2.01217
1642.174742	7.79528187	2.03273
1653.122573	7.81329975	2.04775
1664.217356	7.83358541	2.05616
1675.462068	7.85388278	2.05774
1686.859769	7.87200127	2.05312
1698.413603	7.88607007	2.04375
1710.1268	7.89477056	2.03172
1722.002681	7.89749747	2.01952
1734.044657	7.89444594	2.00976
1746.256239	7.88661391	2.00486
1758.641035	7.87570604	2.00674
1771.202757	7.8639391	2.01656
1783.945223	7.8537864	2.03458
1796.872362	7.84769673	2.0601
1809.988219	7.84779192	2.09149
1823.296956	7.85561171	2.12641
1836.802859	7.8719181	2.16201
1850.510343	7.89657885	2.1953
1864.423955	7.92859089	2.22351
1878.548379	7.96617935	2.24435
1892.888443	8.00699147	2.25634
1907.449123	8.04837195	2.25894
1922.23555	8.087677	2.25265
1937.253016	8.12256641	2.23886
1952.506976	8.1512593	2.21976
1968.003063	8.17274192	2.19802
1983.747088	8.18684192	2.17645
1999.745048	8.19421653	2.15771
2016.003138	8.19623838	2.14396
2032.527754	8.19478462	2.13665
2049.325504	8.19196586	2.13636
2066.403217	8.18984685	2.14284
2083.76795	8.19018391	2.15506
2101.427	8.19420229	2.17145
2119.387915	8.20248872	2.1902
2137.6585	8.21496987	2.20952
2156.246835	8.23100059	2.22798
2175.161281	8.24953768	2.24467
2194.410496	8.2693724	2.25938
2214.003446	8.2893801	2.27254
2233.949423	8.3087523	2.28518
2254.258055	8.32716164	2.29864
2274.939321	8.3448286	2.31438
2296.003574	8.36251667	2.33369
2317.461551	8.38141208	2.35745
2339.324396	8.40296429	2.38604
2361.603676	8.42868277	2.41921
2384.311404	8.4599346	2.4562
2407.460058	8.4978211	2.49586
2431.062608	8.543082	2.53677
2455.132535	8.59607829	2.57749
2479.68386	8.65687872	2.61671
2504.731172	8.72535081	2.65327
2530.289653	8.80126571	2.68624
2556.375113	8.88441642	2.71485
2583.004021	8.97467524	2.73836
2610.193537	9.07197845	2.75592
2637.961553	9.17627361	2.7665
2666.326731	9.28741346	2.76876
2695.308543	9.40500565	2.76107
2724.927319	9.52828698	2.74159
2755.204289	9.65600376	2.70836
2786.16164	9.78634953	2.65955
2817.822568	9.91698339	2.59364
2850.211333	10.04509116	2.50962
2883.353326	10.1675317	2.40721
2917.275129	10.28102375	2.28692
2952.004595	10.38235243	2.15014
2987.570916	10.46859366	1.99909
3024.004707	10.53732356	1.83674
3061.338099	10.58678129	1.6666
3099.604825	10.61598069	1.49255
3138.840329	10.62476685	1.31857
3179.081872	10.61380077	1.14852
3220.368649	10.58446387	0.98589
3262.741921	10.53898763	8.34E-01
3306.245147	10.47960984	6.94E-01
3350.924135	10.40903788	5.69E-01
3396.827205	10.33047241	4.59E-01
3444.005361	10.24647461	3.64E-01
3492.512479	10.15959576	2.84E-01
3542.405514	10.07230633	2.18E-01
3593.744725	9.98622398	1.64E-01
3646.593912	9.90303085	1.22E-01
3701.020687	9.82386098	8.86E-02
3757.096758	9.74905738	6.33E-02
3814.898246	9.67919624	4.45E-02
3874.506031	9.61438499	3.07E-02
3936.006127	9.55448064	2.08E-02
3999.490097	9.49927496	1.39E-02
4065.055508	9.44841906	9.07E-03
4132.806433	9.40151254	5.85E-03
4202.854	9.35819999	3.74E-03
4275.317	9.31810271	2.39E-03
4350.322561	9.28087166	1.57E-03
4428.006893	9.24619305	1.10E-03
4508.516109	9.21378863	8.75E-04
4592.007148	9.18341899	8.15E-04
4678.648792	9.1548766	8.75E-04
4768.622808	9.12798795	1.03E-03
4862.125216	9.10260726	1.26E-03
4959.36772	9.07860815	1.55E-03
5060.579306	9.05588559	1.90E-03
5166.008042	9.03435318	2.30E-03
5275.923106	9.0139349	2.74E-03
5390.617087	8.99456438	3.21E-03
5510.408578	8.97618552	3.70E-03
5635.645136	8.95874127	4.18E-03
5766.706651	8.94217936	4.65E-03
5904.00919	8.92645174	5.08E-03
6048.009415	8.91150702	5.46E-03
6199.20965	8.89730146	5.78E-03
6358.163744	8.88378448	6.01E-03
6525.483842	8.87090642	6.16E-03
6701.84827	8.85862643	6.22E-03
6888.010722	8.84689547	6.18E-03
7084.811029	8.83567535	6.07E-03
7293.187824	8.82493571	5.88E-03
7514.193515	8.8146397	5.62E-03
7749.012063	8.80475848	5.31E-03
7998.980194	8.79527485	4.97E-03
8265.612867	8.78617295	4.60E-03
8550.634	8.77743314	4.21E-03
8856.013786	8.76904312	3.82E-03
9184.014296	8.76099925	3.44E-03
9537.245615	8.75329125	3.06E-03
9918.73544	8.74590836	2.70E-03
10332.01608	8.73885188	2.37E-03
10781.23417	8.7321203	2.06E-03
11271.29027	8.72570605	1.77E-03
11808.01838	8.71960035	1.50E-03
12398.4193	8.71380409	1.27E-03
13050.96768	8.70831831	1.06E-03
13776.02144	8.70313551	8.73E-04
14586.37565	8.69825272	7.11E-04
15498.02413	8.69366838	5.73E-04
16531.22573	8.68938031	4.56E-04
17712.02757	8.68538566	3.58E-04
19074.49123	8.68168154	2.77E-04
20664.03217	8.67826561	2.12E-04
22542.58055	8.67513567	1.60E-04
24796.8386	8.67228841	1.18E-04
27552.04289	8.66972138	8.67E-05
30996.04825	8.66743259	6.25E-05
35424.05514	8.66541934	4.44E-05
41328.06433	8.66367941	3.10E-05
49593.6772	8.66221081	2.14E-05
61992.0965	8.66101181	1.45E-05
82656.12867	8.6600809	9.67E-06
123984.193	8.65941701	6.35E-06
247968.386	8.65901956	4.10E-06
123984193	8.65888821	2.61E-06
