123.984317	-4.86469781	1.89749
124.0463402	-4.25890052	1.8961
124.1084255	-3.95528916	1.89405
124.170573	-3.7525814	1.89155
124.2327828	-3.60045569	1.8887
124.2950549	-3.47876406	1.88561
124.3573895	-3.37740808	1.88231
124.4197867	-3.29060585	1.87883
124.4822465	-3.21473351	1.87516
124.544769	-3.14738351	1.87127
124.6073544	-3.08687764	1.86714
124.6700027	-3.03200869	1.86272
124.732714	-2.98190234	1.85796
124.7954885	-2.9359171	1.85283
124.8583261	-2.89357427	1.84732
124.9212271	-2.85451952	1.84143
124.9841915	-2.8184909	1.8352
125.0472194	-2.78528157	1.82871
125.1103109	-2.75472096	1.82206
125.1734661	-2.72664997	1.8154
125.2366851	-2.7009031	1.80888
125.299968	-2.67730683	1.80266
125.3633148	-2.65566123	1.79691
125.4267258	-2.63574496	1.79175
125.4902009	-2.61732619	1.78728
125.5537403	-2.60016609	1.78355
125.6173441	-2.5840295	1.78057
125.6810123	-2.5687	1.77829
125.7447452	-2.55399397	1.77663
125.8085427	-2.53975923	1.77549
125.8724049	-2.52588367	1.77474
125.9363321	-2.51229744	1.77426
126.0003242	-2.49896386	1.77394
126.0643814	-2.48586678	1.7737
126.1285037	-2.47300824	1.77346
126.1926913	-2.46040401	1.77318
126.2569443	-2.44806146	1.77285
126.3212627	-2.43597571	1.77246
126.3856467	-2.42413477	1.772
126.4500963	-2.41252652	1.77145
126.5146117	-2.40112321	1.77082
126.579193	-2.38989603	1.77005
126.6438403	-2.37882502	1.76911
126.7085536	-2.36790483	1.76791
126.7733331	-2.35714897	1.7664
126.8381789	-2.34658518	1.76449
126.903091	-2.33627537	1.7621
126.9680696	-2.3263014	1.75918
127.0331148	-2.31676592	1.75568
127.0982267	-2.30778756	1.7516
127.1634053	-2.29948893	1.74696
127.2286508	-2.29199359	1.74182
127.2939633	-2.28541835	1.73627
127.3593429	-2.27985904	1.73045
127.4247897	-2.27538339	1.72451
127.4903038	-2.27202863	1.71863
127.5558853	-2.26979735	1.71299
127.6215344	-2.26865825	1.70778
127.687251	-2.26853789	1.70319
127.7530353	-2.26932553	1.69938
127.8188874	-2.27088649	1.69648
127.8848075	-2.27306411	1.6946
127.9507956	-2.27568383	1.69381
128.0168519	-2.27855755	1.69415
128.0829763	-2.28150296	1.69559
128.1491691	-2.284354	1.69809
128.2154304	-2.28695145	1.70158
128.2817603	-2.28916161	1.70594
128.3481587	-2.29087514	1.71106
128.414626	-2.29201419	1.71678
128.4811622	-2.29252919	1.72298
128.5477673	-2.29239678	1.7295
128.6144415	-2.29162624	1.73622
128.6811849	-2.29023497	1.74304
128.7479977	-2.28825683	1.74985
128.8148798	-2.28574018	1.75658
128.8818315	-2.2827296	1.76318
128.9488528	-2.27926973	1.7696
129.0159438	-2.27540677	1.77581
129.0831047	-2.2711766	1.7818
129.1503356	-2.2666079	1.78755
129.2176365	-2.26172078	1.79306
129.2850076	-2.25652939	1.79831
129.352449	-2.25103459	1.80331
129.4199608	-2.24523002	1.80802
129.4875431	-2.23911105	1.81242
129.555196	-2.23267092	1.81646
129.6229196	-2.22590102	1.8201
129.6907141	-2.2187996	1.82325
129.7585795	-2.21138794	1.82582
129.826516	-2.20370001	1.82772
129.8945237	-2.19579421	1.82883
129.9626027	-2.18776568	1.82904
130.030753	-2.17973167	1.82827
130.0989749	-2.17183739	1.82643
130.1672684	-2.16425869	1.82348
130.2356337	-2.15718554	1.81942
130.3040707	-2.15080499	1.81431
130.3725798	-2.14530411	1.80822
130.4411609	-2.14084858	1.80132
130.5098142	-2.13756922	1.79377
130.5785398	-2.13556481	1.78579
130.6473379	-2.13488235	1.77761
130.7162085	-2.13552119	1.76946
130.7851517	-2.13743413	1.76156
130.8541677	-2.14053409	1.7541
130.9232565	-2.14471015	1.74723
130.9924184	-2.14982586	1.74109
131.0616533	-2.15573109	1.73575
131.1309615	-2.16227737	1.73126
131.2003431	-2.16932337	1.72762
131.2697981	-2.17674616	1.72481
131.3393266	-2.18444212	1.72279
131.4089289	-2.19232303	1.72152
131.478605	-2.20031686	1.72094
131.548355	-2.20837403	1.72099
131.618179	-2.21645517	1.72163
131.6880772	-2.22452755	1.72281
131.7580497	-2.2325681	1.72449
131.8280966	-2.24055419	1.72664
131.898218	-2.24846509	1.72922
131.968414	-2.25628836	1.73219
132.0386848	-2.26401595	1.73552
132.1090305	-2.27163294	1.73919
132.1794512	-2.27913409	1.74314
132.2499469	-2.28652329	1.74735
132.320518	-2.29380254	1.75178
132.3911643	-2.30098548	1.75639
132.4618862	-2.30809516	1.76115
132.5326836	-2.31515169	1.76605
132.6035568	-2.32218439	1.77105
132.6745058	-2.32922716	1.77616
132.7455308	-2.33630973	1.78137
132.8166318	-2.34345899	1.7867
132.8878091	-2.35070593	1.79214
132.9590627	-2.35807548	1.79774
133.0303927	-2.36558018	1.80351
133.1017994	-2.37323576	1.80948
133.1732827	-2.38104356	1.81569
133.2448428	-2.38900895	1.82214
133.3164799	-2.39713515	1.82888
133.3881941	-2.40541731	1.83592
133.4599854	-2.41385279	1.84329
133.5318541	-2.42244697	1.85099
133.6038002	-2.43120563	1.85907
133.6758239	-2.44012894	1.86755
133.7479253	-2.44921752	1.87648
133.8201045	-2.45846722	1.8859
133.8923617	-2.46786496	1.89588
133.9646969	-2.47738256	1.90648
134.0371103	-2.4869802	1.91777
134.1096021	-2.49659207	1.92983
134.1821723	-2.50614313	1.94269
134.2548211	-2.51554337	1.95642
134.3275486	-2.52468327	1.97103
134.4003549	-2.53345474	1.98652
134.4732402	-2.5417451	2.00287
134.5462046	-2.54945025	2.02002
134.6192482	-2.5564765	2.03791
134.6923712	-2.56274568	2.05644
134.7655737	-2.56820619	2.07551
134.8388557	-2.57282048	2.09503
134.9122175	-2.57657027	2.11489
134.9856592	-2.57945292	2.13501
135.0591809	-2.58148355	2.15529
135.1327827	-2.58268312	2.17569
135.2064648	-2.58307446	2.19614
135.2802273	-2.58267679	2.21663
135.3540703	-2.58150423	2.23711
135.4279939	-2.5795618	2.25759
135.5019984	-2.57683578	2.27804
135.5760837	-2.57330925	2.29844
135.6502502	-2.5689477	2.31877
135.7244978	-2.56370924	2.33897
135.7988267	-2.55755571	2.35897
135.8732371	-2.55045014	2.37868
135.9477291	-2.54236427	2.39798
136.0223028	-2.53329095	2.41672
136.0969584	-2.52325398	2.43473
136.171696	-2.51231323	2.45183
136.2465157	-2.50056554	2.46784
136.3214176	-2.48815485	2.48257
136.396402	-2.47527851	2.49586
136.4714689	-2.46216517	2.50761
136.5466184	-2.44908284	2.51772
136.6218508	-2.43632844	2.5262
136.6971661	-2.42420445	2.5331
136.7725646	-2.41300673	2.53857
136.8480462	-2.40300518	2.54281
136.9236112	-2.39444173	2.54609
136.9992597	-2.38749139	2.54878
137.0749918	-2.38225775	2.55124
137.1508077	-2.37877533	2.55389
137.2267075	-2.37698923	2.55715
137.3026914	-2.37675566	2.56143
137.3787594	-2.37785577	2.56708
137.4549118	-2.38000254	2.57442
137.5311487	-2.38284872	2.58368
137.6074702	-2.38601786	2.595
137.6838764	-2.38910795	2.60846
137.7603675	-2.39172077	2.624
137.8369437	-2.39349486	2.6415
137.913605	-2.39410114	2.66078
137.9903517	-2.39326353	2.68158
138.0671838	-2.3907697	2.70362
138.1441016	-2.38647097	2.72659
138.221105	-2.38027647	2.7502
138.2981944	-2.37214364	2.77416
138.3753698	-2.36207539	2.79821
138.4526314	-2.35009476	2.82214
138.5299794	-2.33623168	2.84575
138.6074138	-2.32052948	2.86885
138.6849348	-2.30302879	2.89129
138.7625425	-2.28376142	2.9129
138.8402372	-2.26276306	2.9335
138.918019	-2.24008519	2.95288
138.9958879	-2.21580823	2.97082
139.0738442	-2.19003254	2.98711
139.1518879	-2.16290334	3.00148
139.2300193	-2.13462209	3.01371
139.3082385	-2.10543045	3.02359
139.3865457	-2.07562149	3.03094
139.4649409	-2.04552156	3.03566
139.5434244	-2.01547754	3.03769
139.6219962	-1.98585209	3.03705
139.7006566	-1.95699222	3.03385
139.7794056	-1.92921853	3.02824
139.8582435	-1.90282646	3.02043
139.9371704	-1.87805417	3.01071
140.0161864	-1.85509205	2.99934
140.0952916	-1.83408617	2.98665
140.1744863	-1.8151182	2.97296
140.2537706	-1.79822797	2.95857
140.3331447	-1.78341468	2.94379
140.4126086	-1.77063291	2.92891
140.4921626	-1.75980767	2.91419
140.5718068	-1.75082667	2.8999
140.6515413	-1.74354576	2.88625
140.7313663	-1.73780288	2.87344
140.811282	-1.73340396	2.86165
140.8912885	-1.73014125	2.85099
140.971386	-1.72779592	2.84157
141.0515746	-1.72613901	2.83343
141.1318544	-1.72494191	2.82659
141.2122258	-1.72398564	2.821
141.2926887	-1.72307367	2.81659
141.3732433	-1.72203279	2.81325
141.4538899	-1.72071369	2.81086
141.5346285	-1.71900373	2.80925
141.6154593	-1.71682428	2.80828
141.6963825	-1.71412355	2.80778
141.7773983	-1.71088923	2.80759
141.8585067	-1.70713232	2.80758
141.939708	-1.70288226	2.80762
142.0210023	-1.69819021	2.8076
142.1023898	-1.69312401	2.80743
142.1838706	-1.68776098	2.80705
142.2654449	-1.68218236	2.80642
142.3471129	-1.6764666	2.80553
142.4288747	-1.67069544	2.80437
142.5107305	-1.66493546	2.803
142.5926804	-1.6592347	2.80145
142.6747246	-1.65362682	2.7998
142.7568633	-1.64811042	2.79813
142.8390966	-1.64266239	2.7965
142.9214247	-1.63723718	2.79498
143.0038478	-1.63175797	2.79362
143.0863659	-1.62613433	2.79242
143.1689794	-1.6202741	2.79136
143.2516883	-1.61408124	2.79039
143.3344929	-1.60746971	2.78941
143.4173932	-1.60037772	2.78829
143.5003895	-1.59277535	2.78687
143.5834819	-1.58467624	2.78497
143.6666705	-1.57612947	2.78243
143.7499557	-1.56722704	2.77906
143.8333374	-1.55811105	2.77471
143.9168159	-1.54895755	2.76926
144.0003914	-1.5399788	2.76262
144.084064	-1.53141204	2.75477
144.1678339	-1.5234986	2.74575
144.2517013	-1.51647971	2.73565
144.3356663	-1.51057612	2.72465
144.4197291	-1.50596472	2.71298
144.5038899	-1.50276909	2.70092
144.5881488	-1.50104856	2.68878
144.672506	-1.50078062	2.6769
144.7569618	-1.50186933	2.66557
144.8415162	-1.50414901	2.65508
144.9261694	-1.50739035	2.64563
145.0109217	-1.51133018	2.63735
145.0957731	-1.51568874	2.63028
145.1807239	-1.52020248	2.62436
145.2657742	-1.52464409	2.61947
145.3509242	-1.52883666	2.61542
145.4361741	-1.53268079	2.61197
145.5215241	-1.53615356	2.6089
145.6069743	-1.53929057	2.60601
145.6925249	-1.54218843	2.60312
145.7781761	-1.54499031	2.60013
145.8639281	-1.54785008	2.59702
145.949781	-1.55091099	2.59383
146.035735	-1.55429763	2.59065
146.1217904	-1.55809435	2.58764
146.2079472	-1.56232048	2.58499
146.2942057	-1.56694555	2.58286
146.380566	-1.57188619	2.58144
146.4670283	-1.57700485	2.58086
146.5535929	-1.58212842	2.58122
146.6402598	-1.58706021	2.58255
146.7270293	-1.5915983	2.58483
146.8139015	-1.59554489	2.58798
146.9008767	-1.59873038	2.59185
146.9879549	-1.60102073	2.59627
147.0751365	-1.60232285	2.60102
147.1624216	-1.60260309	2.60586
147.2498103	-1.6018795	2.61057
147.3373028	-1.60021813	2.61493
147.4248994	-1.59773064	2.61876
147.5126003	-1.59455934	2.62192
147.6004055	-1.59087246	2.62431
147.6883153	-1.58684166	2.62591
147.7763299	-1.5826178	2.62674
147.8644495	-1.5783356	2.62684
147.9526742	-1.5740964	2.62631
148.0410042	-1.56996389	2.62523
148.1294398	-1.56596966	2.6237
148.2179811	-1.56211979	2.62178
148.3066284	-1.55839924	2.61954
148.3953817	-1.55477319	2.617
148.4842413	-1.55122094	2.61413
148.5732074	-1.54773838	2.61091
148.6622802	-1.54433008	2.6073
148.7514598	-1.54102491	2.60324
148.8407465	-1.53787442	2.59869
148.9301405	-1.53494775	2.59361
149.0196419	-1.5323338	2.58798
149.1092509	-1.53013188	2.58181
149.1989677	-1.52843916	2.57514
149.2887926	-1.52735745	2.56801
149.3787258	-1.52698356	2.56052
149.4687673	-1.52739253	2.55278
149.5589174	-1.52865609	2.5449
149.6491764	-1.53081757	2.53707
149.7395444	-1.53388787	2.52944
149.8300215	-1.53785502	2.52221
149.9206081	-1.54265009	2.5156
150.0113043	-1.54816219	2.50978
150.1021103	-1.55424085	2.50494
150.1930263	-1.56068018	2.50123
150.2840525	-1.5672429	2.49873
150.3751891	-1.57366492	2.49749
150.4664362	-1.57966898	2.49746
150.5577942	-1.58499131	2.49853
150.6492632	-1.589391	2.50052
150.7408435	-1.59266406	2.50319
150.8325351	-1.59466471	2.50623
150.9243383	-1.59532423	2.5093
151.0162534	-1.59464903	2.51206
151.1082804	-1.59271538	2.51418
151.2004198	-1.58967058	2.51535
151.2926715	-1.58572221	2.51532
151.3850359	-1.58111884	2.5139
151.4775131	-1.57613393	2.51097
151.5701034	-1.57105457	2.50647
151.6628069	-1.56615878	2.50043
151.7556239	-1.56169944	2.49292
151.8485546	-1.55790339	2.48406
151.9415992	-1.55495287	2.47402
152.0347579	-1.55299012	2.46296
152.1280308	-1.55212041	2.45107
152.2214183	-1.55241747	2.43851
152.3149205	-1.55393615	2.42545
152.4085377	-1.55670333	2.41206
152.50227	-1.56073048	2.39848
152.5961177	-1.5660185	2.38486
152.6900809	-1.57255905	2.37133
152.7841599	-1.58033281	2.35804
152.878355	-1.58930179	2.34513
152.9726662	-1.59941175	2.33274
153.0670939	-1.61059184	2.321
153.1616382	-1.62275167	2.31004
153.2562995	-1.6357799	2.29997
153.3510777	-1.64954953	2.29088
153.4459733	-1.66391682	2.28284
153.5409864	-1.67874166	2.27586
153.6361173	-1.69388353	2.26997
153.7313661	-1.70921257	2.26512
153.826733	-1.72461165	2.2613
153.9222184	-1.73997721	2.25843
154.0178224	-1.75522599	2.25647
154.1135452	-1.77028272	2.25535
154.2093871	-1.78508348	2.25502
154.3053482	-1.79956736	2.25542
154.4014289	-1.81368142	2.25649
154.4976293	-1.827365	2.25819
154.5939496	-1.84056049	2.26043
154.6903901	-1.85321353	2.26315
154.786951	-1.86527718	2.26623
154.8836326	-1.87672142	2.26957
154.980435	-1.88753899	2.27302
155.0773584	-1.89775099	2.27646
155.1744032	-1.90740775	2.27974
155.2715695	-1.91659323	2.28275
155.3688576	-1.92541435	2.28539
155.4662677	-1.93400741	2.28759
155.5638	-1.94251	2.28936
155.6614547	-1.95105414	2.29071
155.7592321	-1.95975691	2.29173
155.8571324	-1.96870677	2.29251
155.9551559	-1.97795318	2.2932
156.0533028	-1.98750042	2.29392
156.1515732	-1.99731706	2.2948
156.2499675	-2.00733931	2.29593
156.3484859	-2.01747701	2.29739
156.4471286	-2.0276222	2.2992
156.5458959	-2.03767097	2.30134
156.6447879	-2.04753486	2.30375
156.743805	-2.05714757	2.30635
156.8429473	-2.06646752	2.30904
156.9422151	-2.0754827	2.31171
157.0416087	-2.0842136	2.31425
157.1411282	-2.09270141	2.31658
157.2407739	-2.10100091	2.31862
157.3405461	-2.10918887	2.3203
157.440445	-2.11735314	2.32159
157.5404708	-2.12557696	2.32248
157.6406238	-2.13395185	2.32295
157.7409043	-2.14257347	2.32303
157.8413123	-2.15152686	2.32276
157.9418483	-2.16089531	2.32219
158.0425125	-2.17075038	2.32141
158.143305	-2.18114802	2.32051
158.2442262	-2.19212186	2.31962
158.3452763	-2.203678	2.31886
158.4464555	-2.21578898	2.31838
158.5477641	-2.22838897	2.3183
158.6492024	-2.24138989	2.31872
158.7507705	-2.25467042	2.31974
158.8524687	-2.26808576	2.32139
158.9542974	-2.28148675	2.32367
159.0562566	-2.29472255	2.32653
159.1583468	-2.30766115	2.32986
159.2605681	-2.32020104	2.33352
159.3629208	-2.33227885	2.33733
159.4654051	-2.34388181	2.34109
159.5680213	-2.35504917	2.3446
159.6707697	-2.36587811	2.34766
159.7736505	-2.37651675	2.35012
159.8766639	-2.38714773	2.35187
159.9798103	-2.3979911	2.35284
160.0830898	-2.40927535	2.35307
160.1865028	-2.42121955	2.35263
160.2900495	-2.43402809	2.35168
160.3937301	-2.44784935	2.35046
160.497545	-2.46277626	2.34921
160.6014943	-2.47883576	2.34824
160.7055784	-2.49597068	2.34784
160.8097974	-2.51405269	2.34828
160.9141517	-2.53288245	2.34979
161.0186416	-2.55221184	2.35251
161.1232672	-2.57176122	2.35652
161.2280289	-2.59124613	2.36178
161.3329269	-2.6103938	2.3682
161.4379615	-2.62897448	2.37555
161.543133	-2.6468354	2.38357
161.6484415	-2.66388884	2.39197
161.7538875	-2.68013488	2.40041
161.8594711	-2.69566629	2.40859
161.9651926	-2.71065523	2.41624
162.0710524	-2.725327	2.42319
162.1770506	-2.73994934	2.4293
162.2831875	-2.75481583	2.43456
162.3894635	-2.77020447	2.43904
162.4958788	-2.78636992	2.44288
162.6024336	-2.80351164	2.44632
162.7091282	-2.821768	2.4496
162.815963	-2.84121526	2.45302
162.9229381	-2.86186099	2.45686
163.030054	-2.8836416	2.46142
163.1373107	-2.90644373	2.46691
163.2447087	-2.93011262	2.47356
163.3522482	-2.9544578	2.4815
163.4599294	-2.9792778	2.49084
163.5677527	-3.00435793	2.50163
163.6757184	-3.02949404	2.51386
163.7838267	-3.05449643	2.5275
163.8920778	-3.07919578	2.54247
164.0004722	-3.10344451	2.55869
164.1090101	-3.12711072	2.57605
164.2176917	-3.15009569	2.59441
164.3265173	-3.17233017	2.61365
164.4354873	-3.19375295	2.63366
164.5446019	-3.21432833	2.65429
164.6538614	-3.23403635	2.67545
164.7632661	-3.25285912	2.69702
164.8728163	-3.2707889	2.7189
164.9825123	-3.28782862	2.74097
165.0923543	-3.30398662	2.76314
165.2023427	-3.31927497	2.78529
165.3124777	-3.33371595	2.80731
165.4227597	-3.34735431	2.82905
165.533189	-3.36025434	2.8504
165.6437657	-3.37250757	2.8712
165.7544903	-3.38424181	2.89134
165.865363	-3.39560886	2.91071
165.9763842	-3.40679438	2.92923
166.087554	-3.41800792	2.94687
166.1988729	-3.42947302	2.96365
166.3103411	-3.44140632	2.97967
166.421959	-3.45399636	2.99508
166.5337267	-3.46740136	3.01007
166.6456447	-3.48172657	3.0249
166.7577132	-3.49701293	3.03983
166.8699325	-3.51322964	3.05515
166.982303	-3.53028105	3.07109
167.0948249	-3.54801799	3.08787
167.2074986	-3.56624364	3.10563
167.3203243	-3.58474282	3.12444
167.4333024	-3.60329871	3.1443
167.5464332	-3.62171029	3.16514
167.6597169	-3.63981538	3.18682
167.773154	-3.65750941	3.20916
167.8867446	-3.67474808	3.23197
168.0004892	-3.69153861	3.25507
168.114388	-3.70794824	3.27827
168.2284413	-3.72409465	3.30145
168.3426495	-3.74012163	3.32453
168.4570128	-3.75618936	3.34749
168.5715317	-3.77245386	3.37037
168.6862064	-3.78906417	3.39324
168.8010372	-3.80614462	3.41625
168.9160244	-3.82377488	3.43957
169.0311684	-3.8420011	3.46338
169.1464695	-3.86082493	3.4879
169.261928	-3.88019418	3.51334
169.3775442	-3.90000941	3.5399
169.4933185	-3.92012993	3.56775
169.6092512	-3.94037592	3.59704
169.7253425	-3.96053231	3.62787
169.8415929	-3.98035996	3.66029
169.9580027	-3.99961059	3.69428
170.0745721	-4.01804469	3.72976
170.1913016	-4.03543745	3.7666
170.3081914	-4.05159986	3.80459
170.4252418	-4.06639631	3.84349
170.5424533	-4.07974546	3.88303
170.6598261	-4.09162992	3.92292
170.7773606	-4.10210539	3.96287
170.8950571	-4.11128749	4.00264
171.0129159	-4.11934362	4.04201
171.1309374	-4.12648659	4.08083
171.2491219	-4.13295613	4.11901
171.3674698	-4.13900242	4.15654
171.4859813	-4.14486464	4.19348
171.6046569	-4.15076501	4.22994
171.7234968	-4.15689154	4.26611
171.8425015	-4.16338441	4.30221
171.9616712	-4.17033569	4.3385
172.0810064	-4.17777732	4.37527
172.2005072	-4.18568186	4.41281
172.3201742	-4.19395623	4.45143
172.4400076	-4.20244001	4.49141
172.5600077	-4.21090613	4.53302
172.680175	-4.21907166	4.57646
172.8005098	-4.22659531	4.62192
172.9210124	-4.23307629	4.66949
173.0416832	-4.23808465	4.71917
173.1625226	-4.24116475	4.77088
173.2835308	-4.24186601	4.82439
173.4047083	-4.23976038	4.8794
173.5260553	-4.23447067	4.93544
173.6475723	-4.22571317	4.99196
173.7692597	-4.21330147	5.04833
173.8911177	-4.19718494	5.10382
174.0131467	-4.17746998	5.1577
174.1353471	-4.15441485	5.20925
174.2577193	-4.12842865	5.25781
174.3802635	-4.10006136	5.30281
174.5029803	-4.06997887	5.34383
174.6258699	-4.03892213	5.38062
174.7489327	-4.00767057	5.41311
174.8721691	-3.97699044	5.44144
174.9955794	-3.94759881	5.4659
175.119164	-3.92011841	5.48698
175.2429233	-3.89504074	5.50526
175.3668577	-3.87271895	5.52141
175.4909674	-3.85335084	5.53614
175.615253	-3.8369809	5.55015
175.7397147	-3.82351474	5.56409
175.864353	-3.81274629	5.57852
175.9891682	-3.80439059	5.5939
176.1141607	-3.79810892	5.61059
176.2393308	-3.79353387	5.62884
176.364679	-3.79030333	5.64879
176.4902057	-3.78806712	5.67053
176.6159111	-3.78650773	5.69404
176.7417958	-3.78533881	5.71931
176.86786	-3.78430327	5.74624
176.9941042	-3.7831886	5.77473
177.1205287	-3.78180925	5.80466
177.247134	-3.78000565	5.83589
177.3739204	-3.77766457	5.86823
177.5008883	-3.77471024	5.90153
177.6280381	-3.77110965	5.93558
177.7553703	-3.76688953	5.97021
177.8828851	-3.76211187	6.00528
178.0105829	-3.75688802	6.04065
178.1384643	-3.75136459	6.07628
178.2665295	-3.74569902	6.11217
178.394779	-3.74004917	6.14841
178.5232131	-3.73453875	6.18517
178.6518324	-3.72924732	6.22266
178.780637	-3.72418731	6.26117
178.9096276	-3.71928638	6.30099
179.0388044	-3.71438715	6.34242
179.1681679	-3.70924307	6.38572
179.2977184	-3.70353664	6.43108
179.4274565	-3.69688384	6.47863
179.5573824	-3.68886439	6.52835
179.6874966	-3.67906208	6.58012
179.8177996	-3.66708348	6.6337
179.9482917	-3.65259297	6.68873
180.0789732	-3.63534831	6.74475
180.2098448	-3.61522485	6.80124
180.3409067	-3.59223202	6.85765
180.4721593	-3.56651451	6.91346
180.6036032	-3.53835435	6.96819
180.7352387	-3.50814376	7.02151
180.8670662	-3.47634652	7.07321
180.9990861	-3.44346925	7.12326
181.131299	-3.40999317	7.17184
181.2637051	-3.37632874	7.21927
181.3963049	-3.34276919	7.26605
181.5290989	-3.30943839	7.31277
181.6620874	-3.27627948	7.36005
181.795271	-3.24304678	7.4085
181.9286499	-3.20930319	7.45865
182.0622248	-3.17446609	7.51084
182.1959959	-3.13785185	7.56525
182.3299637	-3.09872935	7.6218
182.4641287	-3.05638672	7.6802
182.5984913	-3.01018636	7.73992
182.7330519	-2.95963501	7.80023
182.867811	-2.90442816	7.86027
183.002769	-2.84447164	7.91911
183.1379263	-2.7798991	7.9758
183.2732835	-2.7110657	8.02947
183.4088408	-2.63851642	8.07938
183.5445989	-2.56294279	8.12498
183.680558	-2.48514118	8.16592
183.8167188	-2.4059395	8.20214
183.9530815	-2.32613331	8.23378
184.0896468	-2.24643659	8.26123
184.2264149	-2.16741125	8.28507
184.3633864	-2.08943788	8.30599
184.5005618	-2.01269174	8.32477
184.6379414	-1.93713223	8.34218
184.7755257	-1.86250844	8.35895
184.9133153	-1.7883901	8.37566
185.0513105	-1.71420309	8.39276
185.1895119	-1.63926918	8.41048
185.3279198	-1.56285437	8.42886
185.4665347	-1.48421967	8.44769
185.6053572	-1.40267754	8.46656
185.7443876	-1.31763184	8.48486
185.8836265	-1.22861101	8.50183
186.0230743	-1.13529211	8.51657
186.1627315	-1.03754059	8.52806
186.3025985	-0.93541881	8.53526
186.4426759	-0.82919049	8.53709
186.582964	-0.71932594	8.53252
186.7234634	-0.60649666	8.52057
186.8641746	-0.49156765	8.50039
187.005098	-0.37556667	8.47129
187.1462342	-0.25966318	8.43276
187.2875835	-0.14512704	8.38454
187.4291465	-0.03328432	8.3266
187.5709237	0.07452609	8.25919
187.7129155	0.17701958	8.18284
187.8551225	0.2730181	8.09832
187.9975451	0.36148911	8.00662
188.1401838	0.44160118	7.90894
188.2830392	0.51274732	7.80657
188.4261116	0.57456274	7.70091
188.5694016	0.62693568	7.59334
188.7129098	0.66997954	7.48519
188.8566365	0.70402264	7.37771
189.0005823	0.72956381	7.27197
189.1447477	0.74723152	7.16891
189.2891333	0.75774491	7.06926
189.4337394	0.76186246	6.97359
189.5785666	0.76036221	6.88232
189.7236155	0.75400943	6.79571
189.8688865	0.74353773	6.71392
190.0143801	0.72964686	6.63701
190.1600969	0.71299501	6.56496
190.3060373	0.69420091	6.49769
190.4522019	0.67385553	6.43507
190.5985912	0.65251337	6.37688
190.7452058	0.63068172	6.32285
190.892046	0.60882553	6.27265
191.0391125	0.58735383	6.22587
191.1864058	0.56658901	6.18202
191.3339264	0.54676567	6.1406
191.4816749	0.52801939	6.10104
191.6296517	0.51036005	6.06277
191.7778574	0.49368235	6.02526
191.9262925	0.47777673	5.98803
192.0749575	0.46233029	5.95067
192.2238531	0.44696183	5.91292
192.3729796	0.43124914	5.87461
192.5223378	0.41475743	5.83574
192.671928	0.39708551	5.79643
192.8217509	0.37788509	5.75691
192.971807	0.3568936	5.71752
193.1220968	0.3339509	5.67864
193.2726208	0.30899737	5.64068
193.4233798	0.28209263	5.60407
193.574374	0.25339633	5.56915
193.7256043	0.22313495	5.53621
193.877071	0.19160078	5.50547
194.0287747	0.15911864	5.47702
194.180716	0.12600136	5.45085
194.3328955	0.09254301	5.42689
194.4853137	0.05898873	5.40495
194.6379712	0.02551097	5.38482
194.7908685	-0.00778386	5.36626
194.9440062	-0.04085972	5.34903
195.0973849	-0.07375403	5.3329
195.2510051	-0.1065556	5.31772
195.4048675	-0.13938041	5.30338
195.5589725	-0.17236145	5.28984
195.7133208	-0.20562351	5.27713
195.8679129	-0.23925157	5.26535
196.0227494	-0.27329238	5.25459
196.177831	-0.30775262	5.24499
196.3331581	-0.34258034	5.23668
196.4887314	-0.37768024	5.22975
196.6445514	-0.41293621	5.22424
196.8006187	-0.44822007	5.22016
196.956934	-0.48340191	5.21746
197.1134978	-0.51837862	5.21603
197.2703107	-0.55308734	5.21574
197.4273733	-0.58750328	5.21645
197.5846862	-0.62164589	5.21801
197.74225	-0.65557469	5.2203
197.9000653	-0.68938055	5.22322
198.0581327	-0.72317494	5.22672
198.2164528	-0.75707177	5.23079
198.3750262	-0.79118126	5.23545
198.5338535	-0.82559162	5.24077
198.6929354	-0.86037077	5.2468
198.8522724	-0.89557779	5.25361
199.0118652	-0.93124904	5.26128
199.1717143	-0.96741264	5.26985
199.3318205	-1.00411153	5.27935
199.4921842	-1.04140123	5.28982
199.6528062	-1.0793548	5.30129
199.813687	-1.11807694	5.3138
199.9748274	-1.15770451	5.32743
200.1362278	-1.19838137	5.34234
200.297889	-1.24024952	5.35872
200.4598116	-1.28344164	5.37685
200.6219962	-1.32804799	5.39709
200.7844434	-1.37409871	5.41986
200.9471539	-1.42154819	5.44564
201.1101283	-1.47024969	5.47496
201.2733673	-1.51995118	5.50834
201.4368715	-1.57029166	5.54631
201.6006416	-1.62079055	5.58936
201.7646782	-1.67085841	5.63791
201.928982	-1.7198044	5.6923
202.0935535	-1.76684909	5.75275
202.2583936	-1.81115283	5.81934
202.4235027	-1.85182	5.89204
202.5888817	-1.88792879	5.97061
202.7545311	-1.91856716	6.05467
202.9204516	-1.94284322	6.14366
203.0866439	-1.95992707	6.23682
203.2531086	-1.96909514	6.33321
203.4198465	-1.96974943	6.43175
203.5868581	-1.96146761	6.53116
203.7541442	-1.94404022	6.63009
203.9217055	-1.91748789	6.72709
204.0895425	-1.88209846	6.82069
204.2576561	-1.83843416	6.90947
204.4260469	-1.78731626	6.99214
204.5947155	-1.72980343	7.06758
204.7636627	-1.6671554	7.13493
204.9328891	-1.60076064	7.19365
205.1023955	-1.5320652	7.24352
205.2721826	-1.46249213	7.28468
205.4422509	-1.39335828	7.31758
205.6126013	-1.32581564	7.34294
205.7832345	-1.26077712	7.36173
205.9541511	-1.19888715	7.375
206.1253518	-1.14051364	7.38388
206.2968374	-1.08575435	7.38942
206.4686086	-1.03448214	7.39256
206.6406661	-0.98639435	7.39405
206.8130105	-0.94107219	7.39444
206.9856427	-0.89805914	7.39402
207.1585633	-0.8569222	7.39291
207.3317731	-0.81729743	7.39103
207.5052728	-0.77894118	7.38818
207.6790631	-0.74174439	7.3841
207.8531448	-0.7057324	7.37852
208.0275185	-0.67105882	7.3712
208.2021851	-0.63798395	7.36199
208.3771452	-0.60683578	7.35086
208.5523996	-0.57796258	7.33792
208.727949	-0.55169668	7.32339
208.9037943	-0.52832278	7.30761
209.0799361	-0.50804764	7.291
209.2563751	-0.49098009	7.27404
209.4331122	-0.47711956	7.25722
209.6101481	-0.46636901	7.24099
209.7874836	-0.45856156	7.22574
209.9651193	-0.45346596	7.21182
210.1430562	-0.45081838	7.19945
210.3212949	-0.45036828	7.18878
210.4998362	-0.45188645	7.17991
210.6786808	-0.45517806	7.17289
210.8578297	-0.46009752	7.16775
211.0372835	-0.46653939	7.16455
211.217043	-0.47441301	7.16339
211.3971089	-0.48363525	7.16439
211.5774822	-0.49410443	7.16775
211.7581635	-0.50566998	7.17369
211.9391537	-0.51813058	7.18244
212.1204536	-0.53121853	7.19424
212.3020639	-0.54460452	7.20927
212.4839854	-0.55791875	7.22766
212.666219	-0.57075021	7.24949
212.8487654	-0.5826777	7.27472
213.0316255	-0.59329255	7.30327
213.2148	-0.60219507	7.33499
213.3982898	-0.60902212	7.36965
213.5820957	-0.61344908	7.40701
213.7662186	-0.61517989	7.44679
213.9506591	-0.61394179	7.4887
214.1354182	-0.60949378	7.53239
214.3204967	-0.60161684	7.57753
214.5058953	-0.59011143	7.62371
214.6916151	-0.57482659	7.67048
214.8776566	-0.55565804	7.71736
215.0640209	-0.53256794	7.7638
215.2507088	-0.50561386	7.80922
215.437721	-0.47495567	7.85304
215.6250585	-0.44085766	7.8947
215.812722	-0.40369465	7.93368
216.0007125	-0.36393367	7.96957
216.1890308	-0.32211363	8.00205
216.3776778	-0.27880784	8.03097
216.5666543	-0.23459528	8.05627
216.7559611	-0.19003083	8.07806
216.9455992	-0.1456102	8.09653
217.1355694	-0.10175716	8.11197
217.3258726	-0.05880769	8.12471
217.5165097	-0.01702207	8.13509
217.7074815	0.02340747	8.14346
217.8987889	0.06234722	8.15015
218.0904329	0.09969726	8.15546
218.2824142	0.13538501	8.1597
218.4747339	0.16936714	8.16317
218.6673927	0.2016201	8.16617
218.8603916	0.23215622	8.16904
219.0537315	0.26103159	8.17211
219.2474133	0.28836613	8.17576
219.4414379	0.31435429	8.18032
219.6358063	0.33926031	8.18611
219.8305192	0.36341026	8.19336
220.0255777	0.38718668	8.20226
220.2209826	0.41100065	8.21284
220.416735	0.4352487	8.22505
220.6128356	0.46030459	8.23874
220.8092855	0.48648337	8.25365
221.0060856	0.51401808	8.26947
221.2032368	0.54305932	8.28586
221.40074	0.57366446	8.30246
221.5985962	0.60581358	8.31897
221.7968064	0.63943476	8.33512
221.9953715	0.67440255	8.35068
222.1942925	0.71056804	8.36552
222.3935702	0.74778582	8.37955
222.5932057	0.7859163	8.39273
222.7932	0.8248422	8.40507
222.9935539	0.86447709	8.4166
223.1942686	0.90476186	8.42736
223.3953449	0.94566492	8.4374
223.5967838	0.98718454	8.44677
223.7985863	1.02934855	8.45551
224.0007534	1.07220354	8.46363
224.2032861	1.11582514	8.47115
224.4061854	1.16030123	8.478
224.6094522	1.20571594	8.48411
224.8130876	1.2521475	8.48934
225.0170926	1.29965526	8.49353
225.2214682	1.3482599	8.49644
225.4262153	1.39791875	8.49782
225.6313351	1.44853283	8.49742
225.8368285	1.49993443	8.49498
226.0426965	1.55189052	8.4903
226.2489402	1.60411317	8.48322
226.4555606	1.65627959	8.47369
226.6625588	1.70806237	8.46174
226.8699357	1.75916296	8.44752
227.0776924	1.80933662	8.43123
227.28583	1.858403	8.41314
227.4943495	1.90628158	8.39357
227.703252	1.95298038	8.37278
227.9125384	1.99858909	8.35103
228.12221	2.04325928	8.32845
228.3322676	2.08717193	8.30511
228.5427125	2.13049981	8.28092
228.7535457	2.17336848	8.25573
228.9647682	2.21582766	8.22927
229.1763811	2.25782096	8.20125
229.3883855	2.29917537	8.17135
229.6007826	2.3395974	8.13931
229.8135733	2.37869515	8.10495
230.0267589	2.4160015	8.06821
230.2403403	2.45099906	8.02916
230.4543187	2.48316579	7.98806
230.6686952	2.51203312	7.94533
230.8834709	2.53721297	7.90151
231.098647	2.55842728	7.85727
231.3142245	2.57554024	7.81336
231.5302045	2.58857907	7.77058
231.7465883	2.5977312	7.7297
231.9633769	2.60334251	7.69147
232.1805715	2.60589412	7.65651
232.3981732	2.60598302	7.62537
232.6161831	2.60429413	7.59841
232.8346025	2.60156298	7.57587
233.0534324	2.59853632	7.55778
233.2726741	2.59593662	7.54406
233.4923286	2.59444129	7.53446
233.7123972	2.59464549	7.52862
233.932881	2.59704267	7.52608
234.1537812	2.60201556	7.52634
234.375099	2.60983661	7.52887
234.5968356	2.62067224	7.53316
234.8189921	2.63460666	7.53875
235.0415697	2.65166167	7.54523
235.2645698	2.67182705	7.55228
235.4879933	2.69509388	7.55964
235.7118417	2.72148673	7.56712
235.936116	2.75107618	7.57452
236.1608174	2.78398345	7.58165
236.3859474	2.82038836	7.58826
236.6115069	2.86050101	7.59399
236.8374973	2.90452137	7.59835
237.0639198	2.95259749	7.60071
237.2907757	3.00476577	7.60028
237.5180661	3.06090311	7.59618
237.7457924	3.1206836	7.58744
237.9739558	3.18353948	7.5731
238.2025575	3.24865962	7.55229
238.4315989	3.31500627	7.52431
238.6610812	3.38136092	7.48872
238.8910056	3.44638498	7.44538
239.1213734	3.50869997	7.39452
239.352186	3.56698684	7.33674
239.5834446	3.62007963	7.27299
239.8151505	3.6670548	7.20452
240.047305	3.70729485	7.13278
240.2799095	3.74052744	7.05934
240.5129651	3.76684636	6.98578
240.7464733	3.78669532	6.91357
240.9804353	3.80082964	6.84399
241.2148526	3.81024891	6.77802
241.4497263	3.81610904	6.71631
241.6850579	3.81964336	6.65916
241.9208486	3.82206825	6.60649
242.1570999	3.82448924	6.55789
242.3938131	3.82782828	6.51267
242.6309895	3.83276796	6.46994
242.8686305	3.83972449	6.4287
243.1067375	3.84882946	6.3879
243.3453118	3.85994159	6.34657
243.5843548	3.87268648	6.30387
243.8238679	3.88650641	6.25917
244.0638525	3.90073217	6.21209
244.30431	3.91465545	6.16251
244.5452417	3.92760806	6.11058
244.7866491	3.93902914	6.05666
245.0285337	3.94852424	6.0013
245.2708967	3.955904	5.94513
245.5137396	3.96120402	5.88882
245.7570639	3.96467367	5.83294
246.000871	3.96674378	5.77794
246.2451624	3.96796647	5.72402
246.4899393	3.96895228	5.67118
246.7352035	3.97028779	5.6191
246.9809561	3.97245714	5.56727
247.2271989	3.97577016	5.51492
247.4739331	3.98031008	5.46121
247.7211603	3.98590075	5.40519
247.9688819	3.99210034	5.34602
248.2170995	3.99822553	5.28294
248.4658146	4.00339396	5.21546
248.7150285	4.00659367	5.14332
248.9647429	4.00676462	5.06662
249.2149592	4.00288333	4.98572
249.465679	3.99403231	4.9013
249.7169038	3.97948618	4.81427
249.968635	3.95875271	4.72569
250.2208743	3.93159646	4.6367
250.4736232	3.89804418	4.54843
250.7268832	3.85835034	4.4619
250.9806558	3.81296914	4.37802
251.2349427	3.76248721	4.29744
251.4897454	3.70755664	4.22065
251.7450655	3.6488412	4.14789
252.0009045	3.5869562	4.07925
252.257264	3.52242711	4.01465
252.5141456	3.45566326	3.95396
252.771551	3.38696657	3.89702
253.0294817	3.31654253	3.8437
253.2879393	3.24452765	3.79393
253.5469255	3.17103365	3.74774
253.8064418	3.09618155	3.70522
254.0664899	3.02014125	3.66656
254.3270714	2.94316899	3.63197
254.5881881	2.86560501	3.60164
254.8498414	2.78788564	3.57574
255.1120332	2.71052065	3.5543
255.3747649	2.63406167	3.53726
255.6380384	2.55906862	3.52438
255.9018553	2.48606928	3.5153
256.1662173	2.41551097	3.50947
256.431126	2.34771706	3.50626
256.6965832	2.28287218	3.50495
256.9625906	2.22099881	3.50479
257.2291499	2.16194961	3.50504
257.4962627	2.10542411	3.50505
257.7639309	2.05099797	3.50427
258.0321562	1.99814184	3.50228
258.3009402	1.94626801	3.49885
258.5702848	1.8947824	3.49391
258.8401917	1.84310715	3.48753
259.1106627	1.79072561	3.47996
259.3816995	1.73721772	3.47154
259.653304	1.68227313	3.4627
259.9254778	1.625697	3.45389
260.1982229	1.5674067	3.44558
260.4715409	1.50743068	3.43821
260.7454337	1.44588146	3.43215
261.0199032	1.38293823	3.42772
261.2949511	1.31882549	3.42514
261.5705793	1.25377886	3.42455
261.8467895	1.18804047	3.42604
262.1235838	1.1218287	3.42959
262.4009638	1.05533321	3.43519
262.6789315	0.98871522	3.44275
262.9574888	0.92209656	3.45219
263.2366374	0.85556171	3.46339
263.5163794	0.7891524	3.47625
263.7967166	0.72288149	3.49068
264.0776509	0.65672432	3.50659
264.3591841	0.59059598	3.52391
264.6413183	0.52424189	3.54258
264.9240554	0.4562001	3.56258
265.2068299	0.39803876	3.5839
265.4907773	0.32986322	3.60656
265.7753333	0.26318037	3.63063
266.0605	0.19652574	3.6562
266.3462793	0.12962531	3.6834
266.6326731	0.06238145	3.71242
266.9196835	-0.00523202	3.74345
267.2073125	-0.07319374	3.77672
267.495562	-0.14142129	3.81248
267.7844341	-0.20977731	3.85096
268.0739308	-0.27807108	3.89239
268.3640541	-0.34606575	3.93695
268.6548061	-0.41347988	3.98481
268.9461887	-0.47999556	4.03606
269.2382041	-0.54527538	4.09075
269.5308543	-0.60897487	4.14885
269.8241415	-0.67075641	4.21029
270.1180675	-0.73028728	4.27495
270.4126347	-0.78725157	4.34265
270.707845	-0.84136716	4.41316
271.0037005	-0.89237348	4.48625
271.3002035	-0.94003543	4.56162
271.597356	-0.98415527	4.63896
271.8951601	-1.02457146	4.71792
272.193618	-1.06115508	4.79815
272.4927319	-1.09381957	4.87924
272.7925039	-1.12253516	4.96078
273.0929361	-1.14732046	5.04235
273.3940309	-1.16825361	5.12351
273.6957903	-1.18548009	5.20383
273.9982166	-1.19920808	5.2829
274.3013119	-1.20971726	5.36032
274.6050786	-1.21735149	5.43576
274.9095188	-1.22251429	5.50892
275.2146349	-1.22566716	5.57959
275.5204289	-1.22731263	5.64764
275.8269032	-1.22798554	5.71304
276.1340601	-1.22823208	5.77588
276.4419019	-1.22858422	5.83637
276.7504308	-1.22955107	5.89482
277.0596492	-1.23158164	5.95171
277.3695593	-1.2350336	6.0076
277.6801635	-1.24015833	6.06317
277.9914641	-1.24706542	6.11918
278.3034635	-1.25570897	6.17643
278.616164	-1.26587045	6.23575
278.9295681	-1.27714377	6.29794
279.2436779	-1.28894947	6.36371
279.5584961	-1.30053405	6.43369
279.8740248	-1.31098925	6.50831
280.1902667	-1.31930127	6.5878
280.507224	-1.32437729	6.67217
280.8248992	-1.3250999	6.76114
281.1432948	-1.32038875	6.85417
281.4624132	-1.3092623	6.95043
281.7822568	-1.29089882	7.04886
282.1028282	-1.26468835	7.14818
282.4241298	-1.23027879	7.24697
282.7461642	-1.18760381	7.34372
283.0689338	-1.13690301	7.43691
283.3924411	-1.07871656	7.5251
283.7166888	-1.01385374	7.60701
284.0416793	-0.94334996	7.68157
284.3674151	-0.86841989	7.74797
284.693899	-0.79037941	7.80573
285.0211333	-0.71057702	7.85465
285.3491208	-0.63032433	7.89486
285.6778641	-0.55083835	7.92672
286.0073656	-0.47319273	7.95085
286.3376282	-0.39827711	7.96801
286.6686543	-0.32678783	7.97908
287.0004468	-0.25921738	7.98499
287.3330081	-0.19587132	7.98666
287.6663411	-0.1368811	7.98499
288.0004483	-0.08223406	7.98078
288.3353326	-0.03180794	7.97476
288.6709965	0.01461748	7.96757
289.0074429	0.05733016	7.95973
289.3446744	0.0966547	7.95166
289.6826939	0.13294277	7.9437
290.0215041	0.16655907	7.93609
290.3611077	0.1978707	7.929
290.7015076	0.22722418	7.92249
291.0427066	0.25494318	7.9166
291.3847074	0.28133129	7.91128
291.7275129	0.3066437	7.90642
292.071126	0.33108262	7.90188
292.4155495	0.35480891	7.89751
292.7607863	0.37792354	7.8931
293.1068392	0.40047087	7.88849
293.4537112	0.42244988	7.8835
293.8014052	0.44381752	7.87801
294.1499241	0.46451478	7.87193
294.4992708	0.48446341	7.86519
294.8494483	0.50358458	7.85779
295.2004595	0.52182728	7.84976
295.5523075	0.53915846	7.84112
295.9049952	0.55557759	7.83194
296.2585257	0.57112017	7.82224
296.6129019	0.5858465	7.81204
296.9681269	0.59983821	7.8013
297.3242038	0.61317992	7.78994
297.6811357	0.62595388	7.77783
298.0389255	0.63822771	7.76478
298.3975764	0.6500329	7.75053
298.7570916	0.66135458	7.73478
299.1174741	0.67210987	7.71715
299.4787271	0.68213722	7.69725
299.8408537	0.69117478	7.67461
300.2038571	0.69883342	7.64877
300.5677406	0.70458694	7.61926
300.9325073	0.70774551	7.58565
301.2981604	0.70746008	7.54762
301.6647032	0.70272017	7.50496
302.0321389	0.69236283	7.45768
302.4004707	0.6751279	7.40607
302.7697021	0.649708	7.35071
303.1398362	0.61481168	7.29254
303.5108764	0.56925559	7.23287
303.882826	0.51204788	7.17335
304.2556883	0.44247838	7.11596
304.6294668	0.36019291	7.0629
305.0041648	0.26524487	7.01653
305.3797857	0.15812872	6.97924
305.7563329	0.03978146	6.95335
306.1338099	-0.08844593	6.94098
306.51222	-0.22485273	6.94396
306.8915668	-0.36745203	6.96379
307.2718538	-0.51405433	7.00155
307.6530844	-0.66236599	7.05791
308.0352621	-0.81007132	7.13314
308.4183905	-0.95489944	7.22716
308.8024732	-1.09466607	7.33959
309.1875137	-1.22730282	7.46979
309.5735156	-1.35087615	7.61691
309.9604825	-1.46358245	7.77995
310.348418	-1.56371917	7.95779
310.7373258	-1.64967361	8.14915
311.1272095	-1.71992186	8.35261
311.5180729	-1.77302269	8.56658
311.9099195	-1.80763486	8.78926
312.3027531	-1.82255592	9.01861
312.6965776	-1.81677197	9.25234
313.0913965	-1.78952867	9.48789
313.4872137	-1.74038776	9.72251
313.8840329	-1.66929531	9.95323
314.281858	-1.57665089	10.177
314.6806929	-1.46330835	10.3908
315.0805413	-1.33063323	10.5916
315.4814071	-1.18049403	10.7767
315.8832943	-1.01518769	10.9437
316.2862066	-0.83736062	11.0907
316.6901481	-0.64994392	11.2162
317.0951228	-0.45610623	11.3193
317.5011344	-0.25900658	11.3999
317.9081872	-0.06179883	11.4581
318.316285	0.1324936	11.495
318.7254319	0.32120596	11.512
319.1356319	0.50198553	11.5109
319.5468892	0.67282874	11.4938
319.9592077	0.83218232	11.4632
320.3725917	0.97903301	11.4217
320.7870453	1.11283089	11.3718
321.2025725	1.23339322	11.3159
321.6191777	1.34092854	11.2564
322.0368649	1.43608602	11.1955
322.4556385	1.51972367	11.1348
322.8755026	1.59289716	11.076
323.2964615	1.65687156	11.0202
323.7185196	1.71290375	10.9682
324.141681	1.76232722	10.9207
324.5659503	1.80644536	10.8778
324.9913316	1.84640458	10.8395
325.4178294	1.88326965	10.8056
325.8454481	1.91785814	10.7755
326.2741921	1.95081763	10.7489
326.7040659	1.98264517	10.7251
327.1350739	2.01359299	10.7036
327.5672206	2.04382882	10.684
328.0005106	2.07336963	10.6658
328.4349483	2.10217483	10.6489
328.8705385	2.13023643	10.6331
329.3072855	2.15750469	10.6183
329.7451941	2.18393723	10.6045
330.184269	2.20963679	10.5919
330.6245147	2.23466287	10.5802
331.0659359	2.25909953	10.5697
331.5085374	2.28314562	10.5602
331.952324	2.30686017	10.5515
332.3973003	2.33024123	10.5435
332.8434711	2.35333364	10.5362
333.2908414	2.37609699	10.5293
333.7394159	2.39843416	10.5229
334.1891995	2.42032874	10.517
334.640197	2.44167195	10.5115
335.0924135	2.46245588	10.5068
335.5458539	2.4827312	10.5028
336.000523	2.50259702	10.4999
336.4564261	2.52228962	10.4981
336.9135679	2.54198737	10.4974
337.3719537	2.56192256	10.4979
337.8315886	2.58237187	10.4995
338.2924775	2.60361921	10.5021
338.7546257	2.62585821	10.5053
339.2180383	2.64916745	10.5089
339.6827205	2.67370642	10.5128
340.1486776	2.69955497	10.5165
340.6159148	2.72673119	10.5199
341.0844374	2.75532578	10.5227
341.5542507	2.78534529	10.5245
342.02536	2.81681624	10.5251
342.4977707	2.84970778	10.5239
342.9714882	2.88392499	10.5206
343.446518	2.91929893	10.5145
343.9228655	2.95549738	10.5051
344.4005361	2.99209944	10.4918
344.8795355	3.02844739	10.4739
345.3598691	3.06367287	10.451
345.8415425	3.09684448	10.4229
346.3245615	3.12682314	10.3893
346.8089315	3.15243194	10.3507
347.2946583	3.17252599	10.3074
347.7817475	3.1859926	10.2604
348.2702051	3.19195088	10.2108
348.7600366	3.18967499	10.1599
349.2512479	3.17875098	10.1094
349.7438449	3.15911968	10.0609
350.2378333	3.13102965	10.0161
350.7332192	3.09509659	9.97663
351.2300085	3.05225286	9.94389
351.7282071	3.00368384	9.91904
352.227821	2.95076375	9.9029
352.7288563	2.89496237	9.89593
353.2313191	2.83776462	9.89824
353.7352154	2.78059913	9.9096
354.2405514	2.72474845	9.92944
354.7473333	2.6712895	9.95698
355.2555673	2.62106671	9.99126
355.7652597	2.57463824	10.0312
356.2764167	2.53237063	10.0759
356.7890446	2.49439029	10.1242
357.3031499	2.46057872	10.1753
357.8187388	2.43072484	10.2285
358.3358179	2.40456331	10.2833
358.8543936	2.3817548	10.3392
359.3744725	2.36198599	10.3961
359.896061	2.34503712	10.4538
360.4191657	2.33071254	10.5122
360.9437933	2.31885952	10.5712
361.4699504	2.30941174	10.6308
361.9976438	2.30236366	10.6908
362.5268801	2.297571	10.7508
363.0576662	2.29488688	10.8108
363.5900088	2.29416785	10.8704
364.1239148	2.29508734	10.9293
364.6593912	2.29726516	10.9874
365.1964448	2.30029445	11.0446
365.7350826	2.30368374	11.1009
366.2753117	2.30702419	11.1567
366.8171391	2.30998628	11.2122
367.3605719	2.3122735	11.2679
367.9056172	2.31377242	11.3244
368.4522823	2.31457429	11.3823
369.0005744	2.31488658	11.442
369.5505007	2.31505698	11.504
370.1020687	2.31551599	11.5684
370.6552855	2.3166807	11.6353
371.2101587	2.31898479	11.7046
371.7666957	2.32278322	11.776
372.3249039	2.32830114	11.8491
372.884791	2.33559237	11.9234
373.4463645	2.3445639	11.9985
374.009632	2.35493779	12.0739
374.5746012	2.36634468	12.1495
375.1412799	2.37831305	12.225
375.7096758	2.39035964	12.3007
376.2797967	2.40201096	12.3766
376.8516505	2.41282723	12.4533
377.4252451	2.42251198	12.5312
378.0005884	2.4307989	12.6109
378.5776885	2.43761812	12.6932
379.1565535	2.44299382	12.7786
379.7371914	2.44704126	12.8679
380.3196104	2.44998259	12.9616
380.9038187	2.45205074	13.0603
381.4898246	2.45350471	13.1645
382.0776364	2.45461676	13.2748
382.6672623	2.45570441	13.3918
383.258711	2.45707082	13.5161
383.8519907	2.45908434	13.6486
384.4471101	2.46229641	13.7903
385.0440776	2.46745074	13.9423
385.642902	2.47558877	14.1059
386.2435919	2.48807841	14.2823
386.846156	2.50671631	14.4729
387.4506031	2.5338285	14.6788
388.0569421	2.57223373	14.9008
388.6651818	2.62521192	15.1391
389.2753312	2.6963334	15.3931
389.8873994	2.7893751	15.6615
390.5013953	2.90812712	15.9418
391.1173281	3.05604303	16.2304
391.735207	3.23592125	16.5226
392.3550411	3.4497799	16.8131
392.9768399	3.69849038	17.0954
393.6006127	3.98163251	17.3632
394.2263688	4.29743038	17.6097
394.8541178	4.64274362	17.829
395.4838692	5.01324358	18.0156
396.1156326	5.4035489	18.1654
396.7494176	5.80763758	18.2756
397.385234	6.21914304	18.3449
398.0230915	6.63170468	18.3735
398.663	7.03934294	18.3631
399.3049694	7.43679952	18.3166
399.9490097	7.81969502	18.2377
400.5951309	8.18458857	18.1307
401.243343	8.52913732	18.0004
401.8936564	8.85200565	17.8513
402.5460812	9.15274945	17.6879
403.2006276	9.43168045	17.514
403.8573062	9.68956115	17.3329
404.5161272	9.92762836	17.1476
405.1771013	10.14728935	16.96
405.840239	10.34998852	16.772
406.5055508	10.53719783	16.5847
407.1730476	10.71020236	16.399
407.8427401	10.87022817	16.2157
408.5146392	11.01837507	16.0352
409.1887558	11.1555415	15.8579
409.8651008	11.28257499	15.6843
410.5436854	11.40033975	15.5148
411.2245207	11.50961249	15.3496
411.9076179	11.61106438	15.189
412.5929884	11.70545617	15.0335
413.2806433	11.79362608	14.8833
413.9705943	11.8763249	14.7385
414.6628528	11.95434345	14.5994
415.3574305	12.02851962	14.466
416.0543389	12.09963394	14.3383
416.7535899	12.16856092	14.2164
417.4551953	12.23612574	14.0999
418.1591669	12.30315827	13.9888
418.8655169	12.37049394	13.8825
419.5742572	12.43885354	13.7806
420.2854	12.50896555	13.6825
420.9989576	12.58143669	13.5874
421.7149422	12.65680611	13.4946
422.4333663	12.7355394	13.4031
423.1542423	12.81789352	13.3118
423.8775829	12.90400035	13.2197
424.6034007	12.99379918	13.1255
425.3317084	13.08700014	13.0281
426.0625189	13.18312633	12.9263
426.7958451	13.28144509	12.819
427.5317	13.38103009	12.7053
428.2700967	13.48076948	12.5844
429.0110484	13.5793917	12.4558
429.7545685	13.67550547	12.3192
430.5006701	13.76765865	12.1747
431.249367	13.85443738	12.0227
432.0006725	13.93450164	11.8639
432.7546003	14.00670511	11.6994
433.5111643	14.07014824	11.5304
434.2703783	14.12409477	11.3582
435.0322561	14.16818764	11.1846
435.796812	14.2023925	11.0109
436.5640599	14.22683366	10.8386
437.3340141	14.24198123	10.6692
438.106689	14.24853973	10.5038
438.8820991	14.2473466	10.3434
439.6602589	14.2393552	10.1887
440.4411829	14.22556754	10.0402
441.2248861	14.2069753	9.89811
442.0113832	14.18451387	9.76249
442.8006893	14.15903144	9.63318
443.5928193	14.13125284	9.50992
444.3877885	14.10176924	9.39234
445.1856122	14.07102266	9.28004
445.9863058	14.03932948	9.17265
446.7898847	14.00690092	9.06983
447.5963646	13.97386452	8.97132
448.4057613	13.94030053	8.87695
449.2180906	13.90627305	8.78664
450.0333684	13.87186907	8.70041
450.8516109	13.83722018	8.61832
451.6728342	13.80251254	8.54048
452.4970547	13.76801448	8.46703
453.3242888	13.73407275	8.39806
454.1545531	13.70110359	8.33363
454.9878642	13.66958008	8.2737
455.824239	13.64001215	8.21815
456.6636943	13.61292059	8.16672
457.5062472	13.58880255	8.11904
458.351915	13.56810435	8.07461
459.2007148	13.55118507	8.03282
460.0526642	13.5382914	7.99298
460.9077807	13.52954209	7.95435
461.7660819	13.52490972	7.91616
462.6275858	13.52421831	7.87768
463.4923103	13.52716241	7.83825
464.3602734	13.53331342	7.79729
465.2314934	13.54215313	7.75439
466.1059887	13.55311863	7.70928
466.9837778	13.56563504	7.66186
467.8648792	13.57915993	7.61219
468.7493119	13.59321965	7.56047
469.6370947	13.60744341	7.50702
470.5282467	13.62158616	7.45223
471.4227871	13.63554083	7.39653
472.3207352	13.64934324	7.34034
473.2221107	13.6631646	7.28403
474.1269331	13.67729717	7.22788
475.0352222	13.69212182	7.17203
475.9469981	13.70808171	7.11649
476.8622808	13.72563469	7.06106
477.7810906	13.74520918	7.0054
478.7034479	13.76717083	6.94898
479.6293733	13.79177276	6.89112
480.5588876	13.81911443	6.831
481.4920117	13.84909895	6.76771
482.4287665	13.88142092	6.70033
483.3691735	13.91555547	6.62794
484.3132539	13.95074161	6.5497
485.2610294	13.98601622	6.46496
486.2125216	14.02024808	6.37325
487.1677525	14.05217432	6.27438
488.1267441	14.08048115	6.16848
489.0895187	14.10386078	6.05596
490.0560988	14.1210892	5.93759
491.0265069	14.13109397	5.81438
492.0007659	14.13301222	5.68763
492.9788986	14.1262591	5.55881
493.9609283	14.11054222	5.42948
494.9468782	14.08587681	5.30125
495.936772	14.05259799	5.17569
496.9306333	14.01132927	5.05422
497.9284859	13.96295146	4.9381
498.9303541	13.90854675	4.8283
499.9362621	13.84934067	4.72555
500.9462343	13.78664588	4.63024
501.9602955	13.72178723	4.54246
502.9784706	13.65603285	4.46197
504.0007846	13.59052864	4.38827
505.0272627	13.52626009	4.32063
506.0579306	13.46400172	4.25811
507.0928139	13.40427233	4.19964
508.1319385	13.34732641	4.14411
509.1753306	13.29315517	4.09041
510.2230165	13.24148486	4.0375
511.2750227	13.19181662	3.98452
512.331376	13.1434591	3.93077
513.3921035	13.09558197	3.87585
514.4572324	13.0472844	3.81961
515.52679	12.99765711	3.76223
516.6008042	12.94586841	3.70419
517.6793027	12.8912409	3.64626
518.7623138	12.83332603	3.58944
519.8498658	12.77195361	3.53488
520.9419874	12.70728001	3.48383
522.0387074	12.63981584	3.4375
523.1400549	12.5704093	3.39695
524.2460592	12.50020355	3.36298
525.35675	12.43057106	3.33604
526.4721571	12.36300773	3.31612
527.5923106	12.29900498	3.30274
528.7172409	12.23992943	3.29495
529.8469786	12.1868909	3.29135
530.9815546	12.14060923	3.29018
532.121	12.10134197	3.28951
533.2653462	12.06883043	3.28731
534.414625	12.04229566	3.28172
535.5688683	12.02049086	3.27114
536.7281082	12.00180024	3.25446
537.8923774	11.98437297	3.23108
539.0617087	11.96626864	3.20104
540.2361351	11.94565411	3.16502
541.41569	11.9209502	3.12421
542.600407	11.89096819	3.08029
543.7903202	11.85501648	3.0352
544.9854637	11.81293275	2.991
546.1858722	11.76510399	2.94972
547.3915806	11.71242111	2.91313
548.6026239	11.65616918	2.88262
549.8190377	11.59792144	2.85914
551.0408578	11.53941265	2.8431
552.2681203	11.48239026	2.83437
553.5008616	11.4284862	2.83232
554.7391186	11.37909984	2.83587
555.9829283	11.33531207	2.84361
557.2323281	11.29781307	2.85386
558.4873559	11.26686226	2.86485
559.7480497	11.2422986	2.87482
561.014448	11.22355003	2.88211
562.2865896	11.20967103	2.8853
563.5645136	11.19942463	2.88331
564.8482597	11.19137011	2.87544
566.1378676	11.18395759	2.86143
567.4333776	11.17564354	2.84148
568.7348303	11.16499678	2.81621
570.0422667	11.15080337	2.78664
571.3557281	11.13214353	2.75406
572.6752564	11.10845012	2.71999
574.0008935	11.07955535	2.68603
575.3326821	11.04567441	2.65372
576.6706651	11.00737633	2.62448
578.0148858	10.96554313	2.59949
579.3653879	10.92128368	2.5796
580.7222155	10.87585247	2.56533
582.0854131	10.83055829	2.5568
583.4550259	10.78666576	2.55378
584.8310991	10.7453315	2.55573
586.2136785	10.70754025	2.56182
587.6028104	10.67404585	2.571
588.9985416	10.64533188	2.58207
590.400919	10.62161069	2.59379
591.8099905	10.60280598	2.60486
593.2258038	10.58856066	2.6141
594.6484077	10.57827239	2.62043
596.077851	10.57111428	2.62297
597.5141831	10.56609228	2.62109
598.9574541	10.56209238	2.61442
600.4077143	10.5579562	2.60294
601.8650146	10.55256235	2.58692
603.3294063	10.54488635	2.56693
604.8009415	10.53406791	2.5438
606.2796724	10.51947999	2.51859
607.765652	10.50076555	2.49246
609.2589337	10.47784523	2.46663
610.7595714	10.45093736	2.44231
612.2676198	10.42052502	2.42055
613.7831337	10.38730317	2.40224
615.3061687	10.35214516	2.38805
616.8367811	10.31603255	2.37836
618.3750274	10.27998615	2.37329
619.920965	10.24500763	2.37268
621.4746516	10.2120222	2.37613
623.0361457	10.18182672	2.38301
624.6055063	10.15505634	2.39254
626.1827929	10.13215746	2.40379
627.7680658	10.1133622	2.41576
629.3613858	10.09867664	2.42741
630.9628142	10.087886	2.43775
632.5724133	10.08056719	2.44585
634.1902455	10.07609704	2.45091
635.8163744	10.07369511	2.45233
637.4508638	10.07246668	2.44971
639.0937784	10.0714434	2.4429
640.7451835	10.06965885	2.43204
642.4051451	10.06620346	2.41749
644.0737299	10.06027511	2.39987
645.7510052	10.05124682	2.38
647.4370392	10.03870185	2.35883
649.1319005	10.02245499	2.33739
650.8356588	10.00256408	2.31672
652.5483842	9.9793227	2.2978
654.2701478	9.95323124	2.28148
656.0010212	9.92495417	2.26844
657.7410769	9.89528076	2.25917
659.4903883	9.86507834	2.25393
661.2490293	9.83523966	2.25275
663.0170749	9.80661966	2.25541
664.7946005	9.7800015	2.26153
666.5816828	9.7560673	2.27052
668.3783989	9.7353412	2.28163
670.184827	9.7181801	2.29404
672.0010461	9.70476001	2.30683
673.8271359	9.69504184	2.31905
675.6631771	9.68878939	2.32982
677.5092514	9.68557992	2.3383
679.3654411	9.68480219	2.34378
681.2318297	9.68570982	2.34576
683.1085014	9.68745991	2.34391
684.9955414	9.68915638	2.33816
686.893036	9.68990721	2.32866
688.8010722	9.68888639	2.31583
690.7197382	9.68538915	2.30027
692.6491229	9.6788708	2.28277
694.5893165	9.66898805	2.26423
696.5404101	9.65561614	2.24561
698.5024958	9.63884704	2.22785
700.4756667	9.61897802	2.21184
702.460017	9.59649286	2.19835
704.455642	9.57202228	2.18799
706.4626382	9.54631171	2.1812
708.4811029	9.52016625	2.17818
710.5111347	9.49439968	2.17895
712.5528333	9.46981361	2.18334
714.6062997	9.44714701	2.19096
716.6716358	9.42702738	2.20126
718.7489449	9.40996271	2.21358
720.8383314	9.3963036	2.2271
722.9399009	9.38621848	2.24097
725.0537602	9.37969368	2.25429
727.1800176	9.37651141	2.26617
729.3187824	9.3762629	2.27581
731.4701652	9.37837239	2.28252
733.6342781	9.38211246	2.28576
735.8112344	9.38664237	2.28521
738.0011488	9.39108104	2.28081
740.2041373	9.39454686	2.27269
742.4203174	9.39621471	2.26127
744.6498078	9.39538789	2.24716
746.8927289	9.39153005	2.23114
749.1492024	9.38430829	2.21412
751.4193515	9.37360577	2.19704
753.7033009	9.35952866	2.18086
756.0011768	9.34238754	2.16643
758.313107	9.32267226	2.15452
760.6392209	9.30101826	2.1457
762.9796492	9.27815115	2.14037
765.3345247	9.25484966	2.13873
767.7039814	9.2319098	2.1408
770.0881553	9.21010433	2.14639
772.4871838	9.1901402	2.15514
774.9012063	9.17262785	2.16653
777.3303636	9.15806335	2.17993
779.7747987	9.14680355	2.19458
782.2346562	9.13904206	2.20966
784.7100823	9.13479849	2.2243
787.2012254	9.13390412	2.23763
789.7082357	9.13599617	2.24882
792.2312652	9.14053553	2.25716
794.7704679	9.1468252	2.26206
797.326	9.15403781	2.26314
799.8980194	9.16126961	2.26025
802.4866861	9.16760476	2.25351
805.0921623	9.17217231	2.24327
807.7146124	9.17420563	2.23014
810.3542026	9.17311136	2.21493
813.0111016	9.1685067	2.19858
815.6854803	9.16024443	2.18211
818.3775116	9.14842741	2.16654
821.0873709	9.13338342	2.15279
823.8152359	9.11563523	2.14167
826.5612867	9.09586831	2.1338
829.3257057	9.07486464	2.12957
832.1086779	9.05345117	2.12917
834.9103906	9.03245845	2.13257
837.7310338	9.01267367	2.13954
840.5708	8.99479365	2.14966
843.4298844	8.97941078	2.16241
846.3084846	8.9670028	2.17713
849.2068014	8.95789505	2.19306
852.1250378	8.95226459	2.20942
855.0634	8.95013063	2.22536
858.0220969	8.9513369	2.24005
861.0013403	8.95555744	2.25269
864.0013449	8.96229902	2.26256
867.0223287	8.97090352	2.26904
870.0645123	8.98057716	2.27171
873.1281197	8.99043233	2.27034
876.2133781	8.99953262	2.26496
879.3205177	9.00696075	2.25586
882.4497722	9.01187628	2.24358
885.6013786	9.01358969	2.22892
888.7755771	9.01161945	2.21284
891.9726115	9.00573467	2.19644
895.1927292	8.9959714	2.18082
898.4361812	8.98263534	2.16707
901.7032218	8.96627956	2.15611
904.9941095	8.94764873	2.14868
908.3091062	8.92762925	2.14527
911.6484779	8.90717321	2.14609
915.0124945	8.8872284	2.15109
918.4014296	8.86869133	2.15999
921.8155613	8.85234333	2.17226
925.2551716	8.8388167	2.18725
928.7205468	8.82858466	2.20417
932.2119774	8.82193056	2.22215
935.7297585	8.81895584	2.24032
939.2741894	8.81959493	2.25781
942.8455741	8.82360704	2.27377
946.4442214	8.83058662	2.28744
950.0704444	8.8399869	2.29816
953.7245615	8.85113018	2.30539
957.4068958	8.86323039	2.30876
961.1177752	8.87542194	2.30808
964.8575331	8.88679842	2.30339
968.6265078	8.89646292	2.29496
972.4250431	8.90358303	2.28331
976.2534882	8.90745466	2.26919
980.1121976	8.90755625	2.25354
984.0015317	8.90360036	2.23745
987.9218566	8.89556133	2.22206
991.873544	8.88369014	2.20852
995.8569719	8.8685105	2.19787
999.8725242	8.85078497	2.19098
1003.920591	8.83146121	2.18846
1008.001569	8.81159036	2.19062
1012.115861	8.79227035	2.1975
1016.263877	8.77455579	2.20877
1020.446033	8.75938437	2.22388
1024.662752	8.74752865	2.24201
1028.914465	8.7395398	2.26219
1033.201608	8.73572707	2.28334
1037.524628	8.73614824	2.30436
1041.883975	8.74061939	2.32418
1046.28011	8.74872906	2.34182
1050.7135	8.75987645	2.35646
1055.184621	8.77330819	2.36744
1059.693957	8.78815045	2.37431
1064.242	8.80346341	2.37686
1068.82925	8.81828612	2.3751
1073.456216	8.8316837	2.36929
1078.123417	8.84279391	2.3599
1082.83138	8.85087008	2.34762
1087.58064	8.85533172	2.33332
1092.371744	8.85579907	2.318
1097.205248	8.85211483	2.30274
1102.081716	8.84436482	2.28866
1107.001723	8.83288575	2.27684
1111.965857	8.81826056	2.26827
1116.974712	8.80128215	2.26374
1122.028896	8.78291461	2.26385
1127.129027	8.76425017	2.26891
1132.275735	8.74642457	2.27891
1137.469661	8.73054957	2.29355
1142.711456	8.71764931	2.31222
1148.001787	8.70857667	2.33402
1153.34133	8.70394659	2.35784
1158.730776	8.70410319	2.38244
1164.170826	8.7090855	2.40649
1169.662198	8.71862115	2.42871
1175.205621	8.73213691	2.4479
1180.801838	8.74879397	2.46309
1186.451608	8.76755293	2.47356
1192.155702	8.78723615	2.47891
1197.914908	8.80661352	2.47909
1203.730029	8.82449376	2.4744
1209.601883	8.83979089	2.46543
1215.531304	8.85159723	2.45308
1221.519143	8.85925253	2.43845
1227.566267	8.86237292	2.42277
1233.673562	8.86086632	2.40732
1239.84193	8.85493565	2.39336
1246.072291	8.84504877	2.38202
1252.365586	8.83190933	2.3743
1258.722772	8.81641171	2.37095
1265.144827	8.7995863	2.3725
1271.632749	8.78254546	2.37918
1278.187557	8.76642986	2.39097
1284.81029	8.75235115	2.40753
1291.50201	8.74132226	2.42826
1298.263801	8.73421777	2.45232
1305.096768	8.73170964	2.47862
1312.002042	8.73422113	2.50593
1318.980777	8.7418825	2.53287
1326.03415	8.75449758	2.55806
1333.163366	8.77154688	2.58017
1340.369654	8.79219019	2.59802
1347.654272	8.81531014	2.6107
1355.018503	8.83958591	2.61764
1362.463659	8.86357995	2.61867
1369.991083	8.88584474	2.61406
1377.602144	8.90503737	2.60451
1385.298246	8.92002807	2.59111
1393.08082	8.93000132	2.57527
1400.951333	8.93452802	2.55859
1408.911284	8.93358792	2.54272
1416.962206	8.92756655	2.52926
1425.105667	8.91723138	2.51963
1433.343272	8.90365153	2.51493
1441.676663	8.8881187	2.51594
1450.10752	8.87203905	2.52298
1458.637565	8.85683179	2.53602
1467.268556	8.84384061	2.5546
1476.002298	8.8342527	2.57797
1484.840635	8.82903857	2.60506
1493.785458	8.82889025	2.63461
1502.838703	8.83420311	2.66523
1512.002354	8.84505469	2.69546
1521.278442	8.86119988	2.72386
1530.669049	8.88206556	2.74905
1540.176311	8.90677075	2.76985
1549.802413	8.93417378	2.78532
1559.549597	8.96292378	2.79485
1569.420165	8.99154085	2.79822
1579.416471	9.01850334	2.79563
1589.540936	9.04235842	2.78775
1599.796039	9.06185154	2.77569
1610.184325	9.07603637	2.76092
1620.708405	9.08435812	2.74517
1631.370961	9.08671928	2.73032
1642.174742	9.08351435	2.71824
1653.122573	9.07561291	2.71062
1664.217356	9.06428771	2.70881
1675.462068	9.05110679	2.71372
1686.859769	9.03782646	2.72577
1698.413603	9.0262302	2.74476
1710.1268	9.01798314	2.77001
1722.002681	9.01450436	2.80031
1734.044657	9.01684649	2.83411
1746.256239	9.02563076	2.8696
1758.641035	9.04100539	2.90488
1771.202757	9.06263693	2.93807
1783.945223	9.08974636	2.9675
1796.872362	9.12116979	2.99177
1809.988219	9.15545216	3.00992
1823.296956	9.19095222	3.02141
1836.802859	9.22594867	3.02623
1850.510343	9.25877836	3.02488
1864.423955	9.28795687	3.01834
1878.548379	9.3122857	3.008
1892.888443	9.33095942	2.9956
1907.449123	9.34362782	2.98304
1922.23555	9.35044044	2.97233
1937.253016	9.35206674	2.96536
1952.506976	9.34964438	2.96376
1968.003063	9.34470158	2.96876
1983.747088	9.33904076	2.98107
1999.745048	9.33460277	3.00082
2016.003138	9.33329536	3.02748
2032.527754	9.33681918	3.05994
2049.325504	9.34651609	3.09656
2066.403217	9.36322984	3.13532
2083.76795	9.38723645	3.17403
2101.427	9.41819689	3.21045
2119.387915	9.45518611	3.24261
2137.6585	9.49677992	3.26889
2156.246835	9.54117489	3.28826
2175.161281	9.58637876	3.30035
2194.410496	9.63038476	3.30546
2214.003446	9.67137326	3.3046
2233.949423	9.70789326	3.29932
2254.258055	9.73898921	3.2916
2274.939321	9.76430475	3.28366
2296.003574	9.78411321	3.27772
2317.461551	9.79929349	3.27582
2339.324396	9.8112499	3.27959
2361.603676	9.82176633	3.2901
2384.311404	9.83284163	3.30778
2407.460058	9.84650207	3.33235
2431.062608	9.86459118	3.36284
2455.132535	9.88859227	3.39772
2479.68386	9.91948529	3.43502
2504.731172	9.9576459	3.47255
2530.289653	10.0028075	3.50811
2556.375113	10.05409544	3.53975
2583.004021	10.1101313	3.56596
2610.193537	10.16919309	3.58585
2637.961553	10.22941046	3.59922
2666.326731	10.28898789	3.60662
2695.308543	10.34642934	3.60925
2724.927319	10.40072187	3.60882
2755.204289	10.4514513	3.6073
2786.16164	10.49885447	3.60672
2817.822568	10.54378853	3.60886
2850.211333	10.58761714	3.61507
2883.353326	10.63204924	3.62608
2917.275129	10.67890888	3.64189
2952.004595	10.72991387	3.66184
2987.570916	10.7864855	3.68467
3024.004707	10.84958743	3.7087
3061.338099	10.91963609	3.73205
3099.604825	10.99650039	3.7529
3138.840329	11.07957722	3.76968
3179.081872	11.16791924	3.78124
3220.368649	11.26042231	3.78696
3262.741921	11.35600134	3.78669
3306.245147	11.45376607	3.78076
3350.924135	11.55315413	3.76974
3396.827205	11.65398511	3.75431
3444.005361	11.75645977	3.73502
3492.512479	11.86107268	3.71212
3542.405514	11.96849563	3.68546
3593.744725	12.07939965	3.65435
3646.593912	12.19427814	3.61767
3701.020687	12.3133025	3.57389
3757.096758	12.4362051	3.52126
3814.898246	12.56221184	3.45793
3874.506031	12.69003049	3.38219
3936.006127	12.81789977	3.2926
3999.490097	12.94367361	3.18816
4065.055508	13.06494242	3.06839
4132.806433	13.17915506	2.93338
4202.854	13.28374671	2.78382
4275.317	13.37627786	2.621
4350.322561	13.45454586	2.44672
4428.006893	13.51668415	2.26327
4508.516109	13.56125135	2.07331
4592.007148	13.58730637	1.87981
4678.648792	13.59445837	1.68588
4768.622808	13.58288497	1.49468
4862.125216	13.55333821	1.30927
4959.36772	13.50711038	1.13247
5060.579306	13.44596539	0.96673
5166.008042	13.37204874	0.81404
5275.923106	13.28776834	0.67583
5390.617087	13.19564191	0.55295
5510.408578	13.09839642	4.46E-01
5635.645136	12.99850764	3.54E-01
5766.706651	12.89771772	2.76E-01
5904.00919	12.7978519	2.12E-01
6048.009415	12.70113554	1.61E-01
6199.20965	12.60887789	1.20E-01
6358.163744	12.52133926	8.75E-02
6525.483842	12.43900891	6.29E-02
6701.84827	12.36236744	4.45E-02
6888.010722	12.29139716	3.09E-02
7084.811029	12.22590586	2.11E-02
7293.187824	12.16564969	1.42E-02
7514.193515	12.11025934	9.35E-03
7749.012063	12.05931665	6.05E-03
7998.980194	12.01243915	3.85E-03
8265.612867	11.96924706	2.41E-03
8550.634	11.9293802	1.48E-03
8856.013786	11.89251018	8.91E-04
9184.014296	11.85834876	5.28E-04
9537.245615	11.8266435	3.07E-04
9918.73544	11.79717366	1.75E-04
10332.01608	11.76974939	9.83E-05
10781.23417	11.74420715	5.41E-05
11271.29027	11.72040576	2.92E-05
11808.01838	11.69822357	1.55E-05
12398.4193	11.67755529	8.09E-06
13050.96768	11.65830933	4.14E-06
13776.02144	11.64040574	2.08E-06
14586.37565	11.62377448	1.02E-06
15498.02413	11.6083539	4.95E-07
16531.22573	11.59408965	2.35E-07
17712.02757	11.58093361	1.09E-07
19074.49123	11.56884323	5.00E-08
20664.03217	11.55778078	2.24E-08
22542.58055	11.54771289	9.89E-09
24796.8386	11.53861008	4.28E-09
27552.04289	11.5304464	1.82E-09
30996.04825	11.52319913	7.64E-10
35424.05514	11.51684852	3.19E-10
41328.06433	11.51137759	1.35E-10
49593.6772	11.50677194	6.10E-11
61992.0965	11.50301959	3.14E-11
82656.12867	11.50011093	1.96E-11
123984.193	11.49803854	1.47E-11
247968.386	11.49679719	1.24E-11
123984193	11.49638376	1.10E-11
