310.49609	1.68058	1.85751
311.27562	1.68554	1.86068
312.05908	1.69053	1.86385
312.8386	1.6955	1.86699
313.61409	1.70044	1.87009
314.39343	1.70541	1.87319
315.17666	1.7104	1.87628
315.95574	1.71537	1.87934
316.73869	1.72036	1.88239
317.5174	1.72533	1.88542
318.29177	1.73027	1.8884
319.07814	1.73529	1.89141
319.8519	1.74023	1.89436
320.63772	1.74524	1.89734
321.41074	1.75018	1.90024
322.19587	1.75519	1.90318
322.97643	1.76017	1.90608
323.75233	1.76513	1.90895
324.53197	1.77011	1.91181
325.31537	1.77511	1.91466
326.09398	1.78009	1.91749
326.87633	1.78508	1.9203
327.65379	1.79005	1.92309
328.43495	1.79504	1.92587
329.2111	1.8	1.92861
329.99093	1.80498	1.93135
330.77447	1.80999	1.93408
331.55286	1.81496	1.93678
332.33493	1.81995	1.93947
333.11175	1.82492	1.94213
333.89221	1.8299	1.94479
334.6673	1.83485	1.94741
335.45507	1.83988	1.95005
336.22832	1.84482	1.95263
337.01431	1.84984	1.95524
337.79477	1.85483	1.9578
338.56961	1.85978	1.96034
339.34802	1.86475	1.96287
340.13001	1.86974	1.96539
340.90625	1.87469	1.96788
341.68603	1.87967	1.97036
342.46939	1.88467	1.97284
343.24685	1.88963	1.97529
344.02784	1.89461	1.97772
344.8124	1.89962	1.98016
345.5909	1.90458	1.98255
346.37294	1.90957	1.98495
347.1488	1.91451	1.9873
347.92814	1.91948	1.98966
348.71099	1.92447	1.992
349.48752	1.92942	1.99431
350.26752	1.93439	1.99662
351.051	1.93938	1.99892
351.82802	1.94432	2.00118
352.60848	1.94929	2.00344
353.39241	1.95428	2.0057
354.16972	1.95923	2.00791
354.95045	1.96419	2.01013
355.72443	1.96911	2.0123
356.51204	1.97412	2.01451
357.28256	1.97902	2.01664
358.06675	1.984	2.0188
358.84401	1.98894	2.02093
359.62465	1.99389	2.02305
360.40869	1.99887	2.02516
361.18564	2.0038	2.02724
361.96594	2.00875	2.02931
362.74962	2.01372	2.03138
363.52605	2.01864	2.03341
364.3058	2.02358	2.03544
365.08891	2.02854	2.03746
365.86459	2.03345	2.03944
366.64358	2.03838	2.04142
367.42589	2.04333	2.04339
368.20061	2.04823	2.04533
368.98959	2.05322	2.04729
369.7599	2.05809	2.04919
370.54451	2.06304	2.05111
371.32133	2.06795	2.05299
372.10142	2.07287	2.05487
372.88479	2.07781	2.05674
373.66021	2.0827	2.05858
374.43885	2.08761	2.06042
375.22075	2.09254	2.06224
376.00592	2.09748	2.06406
376.78294	2.10237	2.06584
377.56317	2.10728	2.06762
378.34664	2.11221	2.06939
379.12177	2.11708	2.07113
379.90009	2.12197	2.07286
380.68161	2.12688	2.07459
381.46635	2.1318	2.07631
382.24255	2.13667	2.07799
383.02191	2.14156	2.07967
383.80446	2.14646	2.08134
384.57828	2.15131	2.08298
385.36721	2.15625	2.08463
386.14736	2.16113	2.08626
386.91859	2.16595	2.08785
387.70503	2.17087	2.08946
388.48251	2.17572	2.09104
389.26311	2.1806	2.09261
390.04685	2.18549	2.09417
390.82144	2.19032	2.0957
391.59911	2.19516	2.09723
392.37988	2.20002	2.09875
393.16376	2.2049	2.10025
393.93827	2.20972	2.10173
394.71584	2.21456	2.1032
395.49648	2.21941	2.10467
396.28022	2.22427	2.10612
397.05436	2.22908	2.10755
397.84429	2.23398	2.10899
398.62455	2.23881	2.1104
399.39501	2.24359	2.11178
400.18137	2.24845	2.11318
400.95787	2.25326	2.11454
401.73739	2.25808	2.1159
402.51994	2.26291	2.11725
403.30555	2.26776	2.11859
404.08106	2.27255	2.1199
404.85956	2.27735	2.12121
405.64107	2.28216	2.1225
406.41228	2.28691	2.12377
407.19979	2.29176	2.12505
407.97694	2.29654	2.1263
408.75707	2.30133	2.12755
409.54018	2.30614	2.12878
410.31271	2.31088	2.12999
411.1018	2.31572	2.13121
411.88025	2.32049	2.1324
412.66165	2.32527	2.13359
413.43224	2.32999	2.13474
414.21954	2.3348	2.13591
414.99596	2.33954	2.13705
415.7753	2.3443	2.13818
416.55756	2.34907	2.13931
417.34278	2.35386	2.14042
418.11686	2.35858	2.14151
418.89382	2.36331	2.14259
419.67367	2.36805	2.14367
420.45643	2.37281	2.14473
421.24212	2.37758	2.14579
422.01638	2.38228	2.14682
422.7935	2.38699	2.14784
423.57348	2.39171	2.14885
424.35634	2.39645	2.14986
425.14211	2.40121	2.15086
425.91616	2.40589	2.15183
426.69303	2.41058	2.15279
427.47274	2.41528	2.15374
428.2553	2.42	2.15469
429.04074	2.42473	2.15563
429.81416	2.42939	2.15654
430.59038	2.43406	2.15745
431.3694	2.43874	2.15835
432.15125	2.44344	2.15923
432.93593	2.44814	2.16011
433.7083	2.45277	2.16097
434.49866	2.45751	2.16183
435.27662	2.46216	2.16267
436.05737	2.46683	2.1635
436.82554	2.47142	2.16431
437.61186	2.47612	2.16513
438.38552	2.48073	2.16592
439.17748	2.48545	2.16671
439.95668	2.49009	2.16749
440.73866	2.49474	2.16825
441.5077	2.49931	2.169
442.29521	2.50399	2.16975
443.0697	2.50858	2.17047
443.8469	2.51319	2.17119
444.62684	2.51781	2.1719
445.40952	2.52244	2.1726
446.19496	2.52709	2.17329
446.96706	2.53165	2.17396
447.75801	2.53631	2.17464
448.53554	2.5409	2.1753
449.31577	2.54549	2.17594
450.08238	2.55	2.17657
450.86801	2.55462	2.17719
451.65638	2.55925	2.17782
452.43101	2.5638	2.17841
453.20829	2.56836	2.17901
453.98826	2.57293	2.17959
454.77091	2.57751	2.18016
455.55626	2.5821	2.18073
456.32754	2.5866	2.18127
457.10143	2.59112	2.18181
457.89487	2.59574	2.18235
458.67409	2.60028	2.18287
459.45597	2.60483	2.18339
460.22343	2.60929	2.18388
461.01061	2.61386	2.18437
461.78328	2.61834	2.18485
462.5758	2.62294	2.18533
463.35374	2.62744	2.18579
464.13429	2.63196	2.18624
464.90004	2.63638	2.18667
465.68582	2.64092	2.18711
466.47426	2.64546	2.18753
467.24776	2.64992	2.18794
468.02383	2.65439	2.18834
468.80248	2.65886	2.18873
469.58373	2.66335	2.18911
470.36759	2.66785	2.18949
471.15407	2.67236	2.18985
471.92522	2.67677	2.1902
472.69889	2.6812	2.19054
473.49319	2.68574	2.19088
474.27203	2.69018	2.19121
475.05342	2.69464	2.19152
475.81914	2.699	2.19182
476.60565	2.70348	2.19212
477.37638	2.70786	2.1924
478.16805	2.71235	2.19268
478.94384	2.71676	2.19295
479.72216	2.72117	2.19321
480.50302	2.72559	2.19346
481.28641	2.73002	2.1937
482.07237	2.73446	2.19393
482.84209	2.7388	2.19415
483.63314	2.74326	2.19436
484.40786	2.74762	2.19457
485.18507	2.75199	2.19476
485.96477	2.75637	2.19494
486.74699	2.76076	2.19512
487.53173	2.76516	2.19529
488.29976	2.76946	2.19544
489.08952	2.77388	2.19559
489.86248	2.7782	2.19573
490.63788	2.78253	2.19586
491.41575	2.78687	2.19598
492.19608	2.79121	2.1961
492.9789	2.79557	2.1962
493.76421	2.79993	2.1963
494.55203	2.80431	2.19639
495.32257	2.80858	2.19646
496.09552	2.81286	2.19653
496.8908	2.81726	2.19659
497.66866	2.82156	2.19664
498.44895	2.82587	2.19669
499.2116	2.83007	2.19672
499.99675	2.8344	2.19675
500.78436	2.83873	2.19676
501.55418	2.84296	2.19677
502.34672	2.84731	2.19677
503.12134	2.85156	2.19677
503.89837	2.85581	2.19675
504.67779	2.86007	2.19672
505.45963	2.86435	2.19669
506.2439	2.86862	2.19665
507.00987	2.8728	2.1966
507.79896	2.8771	2.19654
508.56964	2.88129	2.19647
509.3636	2.8856	2.1964
510.13904	2.88981	2.19632
510.91685	2.89402	2.19622
511.69704	2.89825	2.19613
512.47961	2.90248	2.19602
513.26458	2.90671	2.1959
514.03065	2.91085	2.19578
514.82038	2.9151	2.19565
515.5911	2.91925	2.19551
516.38564	2.92352	2.19536
517.16106	2.92768	2.1952
517.93881	2.93185	2.19504
518.71891	2.93603	2.19487
519.50135	2.94021	2.19469
520.28616	2.94441	2.1945
521.05145	2.94849	2.1943
521.84096	2.9527	2.1941
522.61083	2.95679	2.19389
523.40507	2.96102	2.19367
524.17957	2.96513	2.19344
524.95636	2.96925	2.19321
525.73546	2.97337	2.19297
526.51687	2.97751	2.19272
527.30061	2.98165	2.19246
528.08669	2.9858	2.19219
528.85256	2.98983	2.19192
529.64327	2.994	2.19164
530.41366	2.99805	2.19135
531.18629	3.0021	2.19106
531.98401	3.00629	2.19075
532.76123	3.01036	2.19044
533.54072	3.01444	2.19012
534.3225	3.01852	2.1898
535.08348	3.02249	2.18947
535.86979	3.02659	2.18913
536.65841	3.03069	2.18878
537.42606	3.03468	2.18843
538.21928	3.0388	2.18806
538.99141	3.04281	2.18769
539.76575	3.04682	2.18732
540.54232	3.05083	2.18694
541.34477	3.05498	2.18654
542.10219	3.05889	2.18615
542.88551	3.06292	2.18574
543.67109	3.06696	2.18533
544.45895	3.07101	2.1849
545.22512	3.07495	2.18448
546.0175	3.07901	2.18404
546.78806	3.08295	2.18361
547.5608	3.0869	2.18316
548.35999	3.09098	2.18269
549.13718	3.09495	2.18223
549.91658	3.09891	2.18176
550.6982	3.10289	2.18129
551.48204	3.10687	2.1808
552.24352	3.11073	2.18032
553.03177	3.11473	2.17982
553.82228	3.11873	2.17931
554.59024	3.12261	2.17881
555.36033	3.12649	2.1783
556.15751	3.13051	2.17776
556.93196	3.13441	2.17723
557.70857	3.13831	2.1767
558.48736	3.14222	2.17616
559.26832	3.14613	2.1756
560.05146	3.15005	2.17504
560.83681	3.15398	2.17447
561.59892	3.15778	2.17392
562.38861	3.16172	2.17333
563.18053	3.16566	2.17274
563.94902	3.16948	2.17216
564.71962	3.17331	2.17157
565.51812	3.17727	2.17095
566.29302	3.18111	2.17034
567.07004	3.18495	2.16973
567.84919	3.1888	2.1691
568.63049	3.19265	2.16847
569.41395	3.19651	2.16783
570.19956	3.20037	2.16719
570.96105	3.20411	2.16655
571.75095	3.20799	2.16589
572.51659	3.21174	2.16524
573.3108	3.21562	2.16456
574.08063	3.21938	2.16389
574.87918	3.22328	2.1632
575.65323	3.22705	2.16251
576.42937	3.23082	2.16182
577.2076	3.2346	2.16113
577.98794	3.23839	2.16042
578.77039	3.24218	2.15971
579.55496	3.24597	2.15898
580.3145	3.24964	2.15828
581.10327	3.25345	2.15754
581.89418	3.25726	2.15679
582.65987	3.26094	2.15606
583.45503	3.26476	2.1553
584.22483	3.26845	2.15456
584.99666	3.27215	2.1538
585.79822	3.27598	2.15302
586.57422	3.27969	2.15225
587.35228	3.2834	2.15147
588.13241	3.28712	2.15069
588.91461	3.29084	2.14989
589.6989	3.29456	2.14909
590.45715	3.29816	2.14831
591.24556	3.30189	2.1475
592.03607	3.30563	2.14667
592.80035	3.30924	2.14587
593.59503	3.31299	2.14503
594.36334	3.3166	2.14421
595.13365	3.32022	2.14338
595.9346	3.32399	2.14252
596.70899	3.32762	2.14167
597.48539	3.33125	2.14082
598.26381	3.33489	2.13997
599.04427	3.33853	2.1391
599.82677	3.34218	2.13823
600.61131	3.34583	2.13734
601.36874	3.34935	2.13649
602.15732	3.35301	2.13559
602.94798	3.35667	2.13468
603.71132	3.36021	2.1338
604.50606	3.36388	2.13288
605.27335	3.36742	2.13199
606.07221	3.3711	2.13105
606.84349	3.37464	2.13014
607.61673	3.3782	2.12922
608.39194	3.38175	2.12829
609.16913	3.38531	2.12736
609.94831	3.38887	2.12642
610.72949	3.39244	2.12547
611.51267	3.39601	2.12451
612.29786	3.39959	2.12354
613.08507	3.40316	2.12257
613.8743	3.40675	2.12159
614.6351	3.41019	2.12064
615.42834	3.41378	2.11964
616.193	3.41724	2.11867
616.99026	3.42083	2.11766
617.75881	3.4243	2.11668
618.52927	3.42776	2.11569
619.3326	3.43137	2.11465
620.107	3.43484	2.11365
620.88333	3.43832	2.11264
621.66162	3.4418	2.11162
622.44185	3.44528	2.11059
623.22405	3.44877	2.10955
624.00822	3.45225	2.10851
624.76288	3.45561	2.1075
625.55092	3.4591	2.10644
626.34096	3.4626	2.10538
627.13299	3.46611	2.1043
627.89523	3.46947	2.10326
628.69121	3.47298	2.10217
629.45724	3.47636	2.10112
630.22515	3.47973	2.10006
631.02704	3.48325	2.09895
631.79878	3.48663	2.09787
632.57241	3.49002	2.09679
633.34794	3.4934	2.0957
634.12537	3.4968	2.0946
634.90472	3.50019	2.09349
635.68598	3.50359	2.09238
636.46916	3.50699	2.09126
637.25428	3.51039	2.09013
638.04134	3.5138	2.08899
638.83034	3.51721	2.08785
639.58831	3.52048	2.08674
640.38114	3.52389	2.08558
641.14279	3.52717	2.08447
641.93949	3.53059	2.08329
642.70485	3.53387	2.08216
643.50544	3.53729	2.08097
644.27454	3.54058	2.07982
645.04549	3.54387	2.07866
645.81828	3.54716	2.0775
646.62665	3.5506	2.07628
647.40323	3.5539	2.0751
648.18169	3.5572	2.07392
648.96202	3.5605	2.07272
649.74422	3.56381	2.07152
650.52832	3.56712	2.07032
651.2801	3.57028	2.06916
652.06791	3.5736	2.06793
652.85763	3.57691	2.0667
653.64927	3.58023	2.06547
654.40828	3.58341	2.06428
655.20368	3.58673	2.06302
655.96631	3.58991	2.06182
656.76551	3.59324	2.06055
657.53178	3.59643	2.05933
658.29985	3.59962	2.0581
659.10474	3.60295	2.05681
659.87649	3.60615	2.05557
660.65004	3.60934	2.05432
661.42541	3.61254	2.05307
662.2026	3.61574	2.05181
662.98162	3.61894	2.05054
663.76248	3.62215	2.04926
664.54517	3.62535	2.04797
665.32972	3.62856	2.04668
666.11612	3.63177	2.04538
666.90438	3.63499	2.04408
667.65855	3.63806	2.04282
668.45047	3.64128	2.0415
669.24427	3.6445	2.04017
670.00374	3.64757	2.03889
670.80124	3.6508	2.03755
671.56426	3.65388	2.03626
672.36547	3.65711	2.0349
673.13205	3.66019	2.0336
673.90039	3.66328	2.03229
674.70719	3.66651	2.03091
675.47912	3.6696	2.02958
676.25283	3.67269	2.02825
677.0283	3.67579	2.02691
677.80556	3.67888	2.02557
678.5846	3.68198	2.02421
679.36544	3.68508	2.02285
680.14808	3.68818	2.02148
680.93252	3.69128	2.02011
681.71877	3.69439	2.01873
682.50684	3.6975	2.01734
683.25908	3.70046	2.01601
684.05072	3.70357	2.01461
684.84419	3.70668	2.0132
685.6016	3.70965	2.01184
686.39868	3.71276	2.01042
687.15952	3.71573	2.00906
687.96023	3.71885	2.00762
688.72455	3.72182	2.00624
689.49056	3.7248	2.00485
690.29672	3.72792	2.00339
691.06623	3.7309	2.00199
691.83747	3.73388	2.00059
692.61043	3.73686	1.99918
693.4239	3.73999	1.99769
694.20041	3.74297	1.99626
694.97866	3.74596	1.99483
695.75866	3.74894	1.99339
696.54041	3.75193	1.99194
697.32392	3.75492	1.99049
698.06989	3.75776	1.9891
698.85685	3.76075	1.98763
699.64558	3.76375	1.98616
700.43609	3.76674	1.98467
701.18874	3.76959	1.98326
701.98275	3.77259	1.98176
702.77856	3.77558	1.98026
703.53625	3.77843	1.97883
704.33558	3.78144	1.97731
705.09664	3.78429	1.97586
705.89953	3.78729	1.97433
706.66397	3.79015	1.97287
707.43006	3.79301	1.9714
708.23828	3.79601	1.96985
709.00779	3.79887	1.96837
709.77898	3.80173	1.96688
710.55185	3.8046	1.96539
711.32641	3.80746	1.96389
712.10265	3.81032	1.96238
712.92159	3.81334	1.96078
713.70132	3.8162	1.95926
714.48276	3.81907	1.95773
715.22465	3.82179	1.95628
716.00943	3.82466	1.95474
716.79594	3.82753	1.95319
717.58417	3.8304	1.95163
718.37414	3.83327	1.95007
719.12414	3.83599	1.94858
719.91751	3.83887	1.94701
720.71263	3.84174	1.94543
721.46752	3.84447	1.94392
722.26607	3.84734	1.94232
723.02422	3.85007	1.94081
723.82622	3.85295	1.9392
724.58765	3.85568	1.93766
725.39313	3.85856	1.93604
726.15786	3.86129	1.9345
726.92421	3.86402	1.93294
727.73489	3.8669	1.9313
728.50457	3.86964	1.92974
729.27588	3.87237	1.92817
730.04883	3.8751	1.92659
730.82342	3.87784	1.925
731.59965	3.88057	1.92341
732.37754	3.88331	1.92182
733.20043	3.8862	1.92013
733.93828	3.88878	1.9186
734.72114	3.89152	1.91699
735.50568	3.89426	1.91537
736.2919	3.897	1.91374
737.0798	3.89974	1.9121
737.86939	3.90248	1.91046
738.61666	3.90507	1.9089
739.40955	3.90781	1.90724
740.20414	3.91056	1.90558
740.95615	3.91315	1.90401
741.75407	3.91589	1.90233
742.55371	3.91864	1.90065
743.31051	3.92123	1.89905
744.11351	3.92397	1.89736
744.87349	3.92657	1.89575
745.63503	3.92916	1.89414
746.44306	3.93191	1.89242
747.20782	3.9345	1.89079
747.97414	3.9371	1.88916
748.78725	3.93985	1.88743
749.55682	3.94244	1.88578
750.32797	3.94504	1.88413
751.1007	3.94764	1.88247
751.87503	3.95023	1.88081
752.69665	3.95298	1.87904
753.47428	3.95558	1.87736
754.25352	3.95818	1.87568
755.03436	3.96078	1.87399
755.81683	3.96338	1.8723
756.55475	3.96582	1.87069
757.34038	3.96842	1.86899
758.12763	3.97102	1.86727
758.91653	3.97362	1.86555
759.70706	3.97622	1.86382
760.45261	3.97867	1.86219
761.24635	3.98127	1.86045
762.04175	3.98387	1.85871
762.79189	3.98632	1.85706
763.59052	3.98892	1.8553
764.39083	3.99152	1.85353
765.1456	3.99397	1.85186
765.94918	3.99657	1.85009
766.70702	3.99902	1.84841
767.51389	4.00162	1.84662
768.27484	4.00407	1.84492
769.0373	4.00652	1.84323
769.84907	4.00912	1.84142
770.61466	4.01157	1.83971
771.38178	4.01402	1.83799
772.15042	4.01647	1.83627
772.96878	4.01907	1.83443
773.7406	4.02152	1.8327
774.51395	4.02397	1.83096
775.28885	4.02642	1.82921
776.0653	4.02887	1.82746
776.84331	4.03131	1.8257
777.62289	4.03376	1.82394
778.40402	4.03621	1.82217
779.18673	4.03866	1.82039
779.97102	4.04111	1.81861
780.75688	4.04356	1.81682
781.54433	4.046	1.81503
782.33337	4.04845	1.81323
783.07455	4.05075	1.81154
783.86668	4.05319	1.80972
784.66042	4.05564	1.8079
785.40601	4.05794	1.80619
786.20287	4.06038	1.80436
787.00135	4.06283	1.80253
787.7514	4.06512	1.8008
788.55303	4.06757	1.79895
789.30604	4.06986	1.79721
790.11084	4.07231	1.79535
790.86683	4.0746	1.7936
791.67482	4.07705	1.79172
792.4338	4.07934	1.78996
793.245	4.08178	1.78808
794.007	4.08407	1.7863
794.77047	4.08636	1.78452
795.58645	4.08881	1.78262
796.35296	4.0911	1.78083
797.12095	4.09339	1.77903
797.89042	4.09568	1.77723
798.66138	4.09797	1.77542
799.48538	4.10041	1.77348
800.25943	4.1027	1.77166
801.03497	4.10498	1.76984
801.81202	4.10727	1.76801
802.59058	4.10956	1.76617
803.37065	4.11184	1.76433
804.15224	4.11413	1.76248
804.93536	4.11641	1.76062
805.72	4.1187	1.75876
806.50617	4.12098	1.7569
807.24131	4.12312	1.75515
808.03045	4.1254	1.75327
808.82114	4.12768	1.75139
809.61338	4.12996	1.7495
810.40717	4.13224	1.7476
811.14945	4.13437	1.74583
811.94625	4.13665	1.74392
812.74463	4.13893	1.74201
813.49119	4.14106	1.74022
814.29261	4.14334	1.73829
815.04203	4.14546	1.73649
815.8465	4.14774	1.73456
816.59878	4.14987	1.73275
817.40634	4.15214	1.7308
818.1615	4.15426	1.72897
818.97214	4.15654	1.72702
819.7302	4.15866	1.72518
820.54396	4.16093	1.72321
821.30494	4.16305	1.72137
822.06732	4.16517	1.71952
822.88573	4.16744	1.71753
823.65105	4.16956	1.71566
824.4178	4.17168	1.7138
825.18598	4.1738	1.71193
825.95559	4.17591	1.71005
826.78176	4.17818	1.70803
827.55435	4.18029	1.70614
828.32839	4.18241	1.70425
829.10387	4.18452	1.70235
829.88081	4.18663	1.70044
830.65921	4.18874	1.69853
831.43906	4.19085	1.69662
832.22039	4.19296	1.69469
833.00318	4.19507	1.69277
833.78744	4.19717	1.69083
834.57319	4.19928	1.6889
835.36042	4.20139	1.68695
836.09274	4.20334	1.68514
836.88284	4.20544	1.68319
837.67443	4.20755	1.68123
838.46753	4.20965	1.67926
839.26212	4.21175	1.67729
840.00131	4.2137	1.67546
840.79881	4.2158	1.67347
841.59783	4.21789	1.67149
842.34114	4.21984	1.66964
843.1431	4.22194	1.66764
843.94659	4.22403	1.66563
844.69405	4.22597	1.66377
845.5005	4.22807	1.66175
846.25072	4.23001	1.65988
847.06014	4.2321	1.65785
847.81314	4.23404	1.65596
848.62555	4.23612	1.65393
849.38133	4.23806	1.65203
850.13846	4.24	1.65013
850.95534	4.24208	1.64807
851.71528	4.24402	1.64616
852.47657	4.24595	1.64425
853.29796	4.24803	1.64217
854.06209	4.24996	1.64025
854.82759	4.25189	1.63831
855.59446	4.25382	1.63638
856.42186	4.25589	1.63428
857.1916	4.25782	1.63234
857.96272	4.25974	1.63038
858.73523	4.26167	1.62842
859.50914	4.26359	1.62646
860.28444	4.26551	1.62449
861.06114	4.26743	1.62252
861.83924	4.26935	1.62054
862.61875	4.27127	1.61856
863.39967	4.27318	1.61657
864.18201	4.2751	1.61457
864.96577	4.27701	1.61257
865.75095	4.27892	1.61057
866.53755	4.28083	1.60856
867.32559	4.28274	1.60654
868.11506	4.28465	1.60452
868.84508	4.28641	1.60265
869.63732	4.28832	1.60062
870.43101	4.29022	1.59859
871.22615	4.29212	1.59655
872.02274	4.29402	1.5945
872.75935	4.29578	1.59261
873.55875	4.29767	1.59055
874.35961	4.29957	1.58849
875.10018	4.30132	1.58658
875.90387	4.30321	1.58451
876.64706	4.30496	1.5826
877.4536	4.30685	1.58051
878.26162	4.30874	1.57843
879.00881	4.31048	1.57649
879.81971	4.31237	1.5744
880.56955	4.31411	1.57246
881.32068	4.31585	1.57051
882.13584	4.31773	1.5684
882.88965	4.31946	1.56644
883.70772	4.32134	1.56432
884.46421	4.32308	1.56236
885.222	4.32481	1.56039
886.0444	4.32668	1.55825
886.8049	4.32841	1.55627
887.5667	4.33013	1.55428
888.39347	4.332	1.55213
889.15801	4.33373	1.55014
889.92387	4.33545	1.54814
890.69104	4.33717	1.54614
891.45954	4.33889	1.54413
892.29358	4.34075	1.54195
893.06485	4.34246	1.53993
893.83745	4.34417	1.53791
894.61139	4.34589	1.53588
895.38668	4.3476	1.53385
896.1633	4.34931	1.53182
896.94128	4.35101	1.52977
897.72061	4.35272	1.52773
898.50129	4.35442	1.52568
899.28333	4.35612	1.52362
900.06674	4.35782	1.52156
900.85151	4.35952	1.5195
901.63765	4.36122	1.51743
902.42516	4.36291	1.51535
903.21405	4.36461	1.51327
903.93841	4.36616	1.51136
904.72995	4.36785	1.50928
905.52288	4.36954	1.50718
906.3172	4.37122	1.50508
907.11291	4.37291	1.50298
907.84355	4.37445	1.50105
908.64194	4.37613	1.49894
909.44174	4.37781	1.49682
910.17613	4.37935	1.49487
910.97864	4.38102	1.49275
911.78256	4.38269	1.49062
912.52074	4.38423	1.48866
913.32739	4.3859	1.48652
914.13546	4.38756	1.48437
914.87746	4.38909	1.4824
915.68828	4.39075	1.48024
916.4328	4.39228	1.47826
917.24638	4.39394	1.4761
917.99343	4.39546	1.47411
918.80979	4.39711	1.47194
919.55939	4.39863	1.46994
920.37854	4.40028	1.46775
921.13071	4.40179	1.46575
921.8841	4.4033	1.46374
922.7074	4.40495	1.46154
923.46338	4.40645	1.45952
924.2206	4.40796	1.4575
925.04807	4.4096	1.45528
925.80789	4.4111	1.45325
926.56896	4.4126	1.45121
927.33129	4.4141	1.44917
928.16434	4.41573	1.44694
928.92929	4.41722	1.44489
929.69551	4.41871	1.44284
930.46299	4.4202	1.44078
931.23173	4.42169	1.43872
932.07182	4.42331	1.43646
932.84322	4.42479	1.43439
933.61591	4.42627	1.43231
934.38988	4.42775	1.43023
935.16513	4.42923	1.42815
935.94167	4.4307	1.42606
936.7195	4.43218	1.42396
937.49862	4.43365	1.42187
938.27904	4.43512	1.41976
939.06077	4.43658	1.41766
939.84379	4.43805	1.41555
940.62812	4.43951	1.41343
941.41377	4.44097	1.41131
942.20072	4.44243	1.40919
942.98899	4.44388	1.40706
943.70675	4.4452	1.40512
944.49755	4.44666	1.40299
945.28967	4.44811	1.40084
946.08312	4.44955	1.3987
946.87791	4.451	1.39655
947.67403	4.45244	1.39439
948.39894	4.45375	1.39243
949.19762	4.45519	1.39027
949.99765	4.45662	1.3881
950.72612	4.45793	1.38613
951.52873	4.45936	1.38395
952.33269	4.46079	1.38177
953.06475	4.46209	1.37979
953.87131	4.46351	1.3776
954.67924	4.46493	1.3754
955.41491	4.46622	1.37341
956.22546	4.46764	1.37121
956.96351	4.46893	1.3692
957.77669	4.47034	1.36699
958.59126	4.47175	1.36477
959.33297	4.47303	1.36276
960.15018	4.47444	1.36053
960.89431	4.47571	1.35851
961.71419	4.47711	1.35628
962.46074	4.47838	1.35424
963.20846	4.47965	1.35221
964.03229	4.48105	1.34996
964.78245	4.48231	1.34792
965.60898	4.4837	1.34566
