4.000000000000000000e+02	1.692949999999997512e+00	1.690595791460393281e-05
4.003000000000000114e+02	1.692660794119606127e+00	1.689492178381262451e-05
4.006000000000000227e+02	1.692546681072707671e+00	1.688388565302131620e-05
4.008999999999999773e+02	1.692448434346021324e+00	1.687284952223000451e-05
4.011999999999999886e+02	1.692204261855881686e+00	1.686181339143869620e-05
4.015000000000000000e+02	1.691983196981849069e+00	1.685077726064738789e-05
4.018000000000000114e+02	1.691959750486314196e+00	1.683974112985607959e-05
4.021000000000000227e+02	1.691883397197184724e+00	1.682870499906477128e-05
4.023999999999999773e+02	1.691491367356265485e+00	1.681766886827346297e-05
4.026999999999999886e+02	1.691169949279200946e+00	1.680663273748215128e-05
4.030000000000000000e+02	1.691330748877045265e+00	1.679559660669084297e-05
4.033000000000000114e+02	1.691435297043284436e+00	1.678456047589953467e-05
4.036000000000000227e+02	1.690900742124134437e+00	1.677352434510822636e-05
4.038999999999999773e+02	1.690378578627428130e+00	1.676248821431691806e-05
4.041999999999999886e+02	1.690585156931948330e+00	1.675145208352560636e-05
4.045000000000000000e+02	1.690842149826751406e+00	1.674041595273429806e-05
4.048000000000000114e+02	1.690391901183783130e+00	1.672937982194298975e-05
4.051000000000000227e+02	1.689839077374413634e+00	1.671834369115168144e-05
4.053999999999999773e+02	1.689869770483436229e+00	1.670730756036037314e-05
4.056999999999999886e+02	1.690022001119885209e+00	1.669627142956906144e-05
4.060000000000000000e+02	1.689763225893762044e+00	1.668523529877775314e-05
4.063000000000000114e+02	1.689399932538080185e+00	1.667419916798644483e-05
4.066000000000000227e+02	1.689291088039237554e+00	1.666316303719513653e-05
4.068999999999999773e+02	1.689241137410946614e+00	1.665212690640382822e-05
4.071999999999999886e+02	1.689017396946783212e+00	1.664109077561251991e-05
4.075000000000000000e+02	1.688789629279884075e+00	1.663005464482120822e-05
4.078000000000000114e+02	1.688762842957456156e+00	1.661901851402989991e-05
4.081000000000000227e+02	1.688701594441925691e+00	1.660798238323859161e-05
4.083999999999999773e+02	1.688317429659056401e+00	1.659694625244728330e-05
4.086999999999999886e+02	1.687972608410717834e+00	1.658591012165597499e-05
4.090000000000000000e+02	1.688117698096394781e+00	1.657487399086466330e-05
4.093000000000000114e+02	1.688251676543104152e+00	1.656383786007335499e-05
4.096000000000000227e+02	1.687741661817483640e+00	1.655280172928204669e-05
4.098999999999999773e+02	1.687188583590337965e+00	1.654176559849073838e-05
4.101999999999999886e+02	1.687363530319496485e+00	1.653072946769943008e-05
4.105000000000000000e+02	1.687646547233048189e+00	1.651969333690811838e-05
4.108000000000000114e+02	1.687229370405976203e+00	1.650865720611681008e-05
4.111000000000000227e+02	1.686659361979018223e+00	1.649762107532550177e-05
4.113999999999999773e+02	1.686661816553993720e+00	1.648658494453419346e-05
4.116999999999999886e+02	1.686824985802431121e+00	1.647554881374288516e-05
4.120000000000000000e+02	1.686594113182413146e+00	1.646451268295157685e-05
4.123000000000000114e+02	1.686256610333440431e+00	1.645347655216026516e-05
4.126000000000000227e+02	1.686206083528872135e+00	1.644244042136895685e-05
4.128999999999999773e+02	1.686210237378860555e+00	1.643140429057764854e-05
4.131999999999999886e+02	1.685946386183623247e+00	1.642036815978634024e-05
4.135000000000000000e+02	1.685643136759140237e+00	1.640933202899503193e-05
4.138000000000000114e+02	1.685622427168939730e+00	1.639829589820372024e-05
4.141000000000000227e+02	1.685633301865609335e+00	1.638725976741241193e-05
4.143999999999999773e+02	1.685317229810599171e+00	1.637622363662110363e-05
4.146999999999999886e+02	1.684989847701711563e+00	1.636518750582979532e-05
4.150000000000000000e+02	1.685108491156422694e+00	1.635415137503848701e-05
4.153000000000000114e+02	1.685246804995178538e+00	1.634311524424717871e-05
4.156000000000000227e+02	1.684777978509757190e+00	1.633207911345586701e-05
4.158999999999999773e+02	1.684220085171758807e+00	1.632104298266455871e-05
4.161999999999999886e+02	1.684347166479355451e+00	1.631000685187325040e-05
4.165000000000000000e+02	1.684638510151010848e+00	1.629897072108194209e-05
4.168000000000000114e+02	1.684302360623365358e+00	1.628793459029063379e-05
4.171000000000000227e+02	1.683790237877607954e+00	1.627689845949932209e-05
4.173999999999999773e+02	1.683801010873635207e+00	1.626586232870801379e-05
4.176999999999999886e+02	1.683959254438200492e+00	1.625482619791670548e-05
4.180000000000000000e+02	1.683674219903314340e+00	1.624379006712539718e-05
4.183000000000000114e+02	1.683279547583104385e+00	1.623275393633408887e-05
4.186000000000000227e+02	1.683307874058854070e+00	1.622171780554278056e-05
4.188999999999999773e+02	1.683425742423637406e+00	1.621068167475146887e-05
4.191999999999999886e+02	1.683093654229882219e+00	1.619964554396016056e-05
4.195000000000000000e+02	1.682662083866031555e+00	1.618860941316885226e-05
4.198000000000000114e+02	1.682706362172005754e+00	1.617757328237754395e-05
4.201000000000000227e+02	1.682880574647169336e+00	1.616653715158623565e-05
4.203999999999999773e+02	1.682607235815523739e+00	1.615550102079492395e-05
4.206999999999999886e+02	1.682181291689712754e+00	1.614446489000361564e-05
4.210000000000000000e+02	1.682104774315136719e+00	1.613342875921230734e-05
4.213000000000000114e+02	1.682173443057174644e+00	1.612239262842099903e-05
4.216000000000000227e+02	1.682031642731160348e+00	1.611135649762969073e-05
4.218999999999999773e+02	1.681790727135631824e+00	1.610032036683837903e-05
4.221999999999999886e+02	1.681649923523472090e+00	1.608928423604707073e-05
4.225000000000000000e+02	1.681536642956687588e+00	1.607824810525576242e-05
4.228000000000000114e+02	1.681319795827245445e+00	1.606721197446445411e-05
4.231000000000000227e+02	1.681134765981721291e+00	1.605617584367314581e-05
4.233999999999999773e+02	1.681222634641368341e+00	1.604513971288183750e-05
4.236999999999999886e+02	1.681304528426485589e+00	1.603410358209052581e-05
4.240000000000000000e+02	1.680877439167710152e+00	1.602306745129921750e-05
4.243000000000000114e+02	1.680356171178541302e+00	1.601203132050790920e-05
4.246000000000000227e+02	1.680504953132699875e+00	1.600099518971660089e-05
4.248999999999999773e+02	1.680842201229471256e+00	1.598995905892529258e-05
4.251999999999999886e+02	1.680460662378394865e+00	1.597892292813398089e-05
4.255000000000000000e+02	1.679844805401165875e+00	1.596788679734267258e-05
4.258000000000000114e+02	1.679926761845057737e+00	1.595685066655136428e-05
4.261000000000000227e+02	1.680270204380944987e+00	1.594581453576005597e-05
4.263999999999999773e+02	1.680017737147407209e+00	1.593477840496874766e-05
4.266999999999999886e+02	1.679516191537234304e+00	1.592374227417743597e-05
4.270000000000000000e+02	1.679463034416087241e+00	1.591270614338612766e-05
4.273000000000000114e+02	1.679590969955761182e+00	1.590167001259481936e-05
4.276000000000000227e+02	1.679352069858975227e+00	1.589063388180351105e-05
4.278999999999999773e+02	1.678982957926658859e+00	1.587959775101220275e-05
4.281999999999999886e+02	1.678973196347041341e+00	1.586856162022089444e-05
4.285000000000000000e+02	1.679088509880203528e+00	1.585752548942958275e-05
4.288000000000000114e+02	1.678839143118306731e+00	1.584648935863827444e-05
4.291000000000000227e+02	1.678470510195748222e+00	1.583545322784696613e-05
4.293999999999999773e+02	1.678502541812254112e+00	1.582441709705565783e-05
4.296999999999999886e+02	1.678664426394646192e+00	1.581338096626434952e-05
4.300000000000000000e+02	1.678374534419527331e+00	1.580234483547305138e-05
4.303000000000000114e+02	1.677931838259053565e+00	1.579255810679366359e-05
4.306000000000000227e+02	1.677989027662237120e+00	1.578279682185214152e-05
4.308999999999999773e+02	1.678227578827607314e+00	1.577306097153048043e-05
4.311999999999999886e+02	1.677939031164126460e+00	1.576335054647829377e-05
4.315000000000000000e+02	1.677443956614384390e+00	1.575366553711248118e-05
4.318000000000000114e+02	1.677470174322060359e+00	1.574400593361674394e-05
4.321000000000000227e+02	1.677709434125665755e+00	1.573437172594141560e-05
4.323999999999999773e+02	1.677447348699065088e+00	1.572476290380303508e-05
4.326999999999999886e+02	1.676953858610509718e+00	1.571517945668384519e-05
4.330000000000000000e+02	1.676870430222625163e+00	1.570562137383151144e-05
4.333000000000000114e+02	1.677001129224074960e+00	1.569608864425888148e-05
4.336000000000000227e+02	1.676863119660497281e+00	1.568658125674350737e-05
4.338999999999999773e+02	1.676586198935949845e+00	1.567709919982716109e-05
4.341999999999999886e+02	1.676500430322052759e+00	1.566764246181571253e-05
4.345000000000000000e+02	1.676494738736385548e+00	1.565821103077861455e-05
4.348000000000000114e+02	1.676288727652767596e+00	1.564880489454849636e-05
4.351000000000000227e+02	1.676022721259160964e+00	1.563942476795702471e-05
4.353999999999999773e+02	1.676044838362086287e+00	1.563006950001959481e-05
4.356999999999999886e+02	1.676153183624106813e+00	1.562073128927266044e-05
4.360000000000000000e+02	1.675844007681913661e+00	1.561140232068922826e-05
4.363000000000000114e+02	1.675389495996677303e+00	1.560207476584033623e-05
4.366000000000000227e+02	1.675482823010598921e+00	1.559274078305672838e-05
4.368999999999999773e+02	1.675811791199654177e+00	1.558339251759115660e-05
4.371999999999999886e+02	1.675556949019529229e+00	1.557402210178087534e-05
4.375000000000000000e+02	1.675023842286992526e+00	1.556462165521065150e-05
4.378000000000000114e+02	1.675042550247751949e+00	1.555518328487600453e-05
4.381000000000000227e+02	1.675329606088715062e+00	1.554569908534677534e-05
4.383999999999999773e+02	1.675094170143149430e+00	1.553616113893125413e-05
4.386999999999999886e+02	1.674595328693112561e+00	1.552656151584033882e-05
4.390000000000000000e+02	1.674572040010406271e+00	1.551689227435213041e-05
4.393000000000000114e+02	1.674793668855856899e+00	1.550714546097694185e-05
4.396000000000000227e+02	1.674586773074256074e+00	1.549731311062247960e-05
4.398999999999999773e+02	1.674159161244638261e+00	1.548738724675922173e-05
4.401999999999999886e+02	1.674129229323973567e+00	1.547736490878468498e-05
4.405000000000000000e+02	1.674299119264194058e+00	1.546724827058438485e-05
4.408000000000000114e+02	1.674072657178856005e+00	1.545704082207950637e-05
4.411000000000000227e+02	1.673652349514674897e+00	1.544674605869918827e-05
4.413999999999999773e+02	1.673654062866432923e+00	1.543636748139309297e-05
4.416999999999999886e+02	1.673863536848304356e+00	1.542590859664406800e-05
4.420000000000000000e+02	1.673619944651115299e+00	1.541537291648067875e-05
4.423000000000000114e+02	1.673165056235802695e+00	1.540476395848992068e-05
4.426000000000000227e+02	1.673252437487528388e+00	1.539408524583006716e-05
4.428999999999999773e+02	1.673596416407669540e+00	1.538334030724312424e-05
4.431999999999999886e+02	1.673295433698886781e+00	1.537253267706779699e-05
4.435000000000000000e+02	1.672654538010598602e+00	1.536166589525226280e-05
4.438000000000000114e+02	1.672668522090624776e+00	1.535074350736678877e-05
4.441000000000000227e+02	1.673056725189775884e+00	1.533976906461676586e-05
4.443999999999999773e+02	1.672860216887921636e+00	1.532874612385554987e-05
4.446999999999999886e+02	1.672309897818573532e+00	1.531767824759725847e-05
4.450000000000000000e+02	1.672233459157787205e+00	1.530656900402973416e-05
4.453000000000000114e+02	1.672470414741971334e+00	1.529542620262741857e-05
4.456000000000000227e+02	1.672405537940450770e+00	1.528426324740375235e-05
4.458999999999999773e+02	1.672120434693033841e+00	1.527309356330795406e-05
4.461999999999999886e+02	1.671970575725440167e+00	1.526193059662139096e-05
4.465000000000000000e+02	1.671913807858266710e+00	1.525078781535458674e-05
4.468000000000000114e+02	1.671755163012901502e+00	1.523967870964516099e-05
4.471000000000000227e+02	1.671560146513385359e+00	1.522861679215692398e-05
4.473999999999999773e+02	1.671566369577968558e+00	1.521761559847992023e-05
4.476999999999999886e+02	1.671643737691258291e+00	1.520668868753132065e-05
4.480000000000000000e+02	1.671343280946826049e+00	1.519584964195758030e-05
4.483000000000000114e+02	1.670885506022927736e+00	1.518511206853777681e-05
4.486000000000000227e+02	1.671054062542324248e+00	1.517448959858796697e-05
4.488999999999999773e+02	1.671534357684850480e+00	1.516399588836668174e-05
4.491999999999999886e+02	1.671157191475780568e+00	1.515364461948189168e-05
4.495000000000000000e+02	1.670289027680257110e+00	1.514344949929903124e-05
4.498000000000000114e+02	1.670375717612952116e+00	1.513342426135036125e-05
4.501000000000000227e+02	1.671078320933825356e+00	1.512358139410891275e-05
4.503999999999999773e+02	1.670946475168992196e+00	1.511392719026683062e-05
4.506999999999999886e+02	1.670207938892719568e+00	1.510446059928197969e-05
4.510000000000000000e+02	1.669976995976434342e+00	1.509518056800016320e-05
4.513000000000000114e+02	1.670171689560129291e+00	1.508608604065784183e-05
4.516000000000000227e+02	1.670227715916419831e+00	1.507717595888454599e-05
4.518999999999999773e+02	1.670118338501227706e+00	1.506844926170543560e-05
4.521999999999999886e+02	1.669905951881584860e+00	1.505990488554406816e-05
4.525000000000000000e+02	1.669653603481480619e+00	1.505154176422485008e-05
4.528000000000000114e+02	1.669559925492979602e+00	1.504335882897568283e-05
4.531000000000000227e+02	1.669593930353971301e+00	1.503535500843055312e-05
4.533999999999999773e+02	1.669590153276996114e+00	1.502752922863215196e-05
4.536999999999999886e+02	1.669508412251618834e+00	1.501988041303458008e-05
4.540000000000000000e+02	1.669256864557962627e+00	1.501240748250590088e-05
4.543000000000000114e+02	1.668946173486762774e+00	1.500510935533090853e-05
4.546000000000000227e+02	1.669000649794265989e+00	1.499798494721373854e-05
4.548999999999999773e+02	1.669266706417973811e+00	1.499103317128058333e-05
4.551999999999999886e+02	1.669050399024611497e+00	1.498424718618499231e-05
4.555000000000000000e+02	1.668511678272450283e+00	1.497762106929218365e-05
4.558000000000000114e+02	1.668470791782569629e+00	1.497115079246044385e-05
4.561000000000000227e+02	1.668789377870607105e+00	1.496483231946197123e-05
4.563999999999999773e+02	1.668667469342693277e+00	1.495866160601384675e-05
4.566999999999999886e+02	1.668214877742511426e+00	1.495263459980909480e-05
4.570000000000000000e+02	1.668133598034225118e+00	1.494674724054788614e-05
4.573000000000000114e+02	1.668330586594316323e+00	1.494099545996887304e-05
4.576000000000000227e+02	1.668188575970339427e+00	1.493537518188050244e-05
4.578999999999999773e+02	1.667801049096145682e+00	1.492988232219250181e-05
4.581999999999999886e+02	1.667768645951111850e+00	1.492451278894747349e-05
4.585000000000000000e+02	1.667987988239908681e+00	1.491926248235255342e-05
4.588000000000000114e+02	1.667812535840238697e+00	1.491412729481121041e-05
4.591000000000000227e+02	1.667349929764418537e+00	1.490910311095502855e-05
4.593999999999999773e+02	1.667296724695958243e+00	1.490418580767584021e-05
4.596999999999999886e+02	1.667562721441343543e+00	1.489937125415758469e-05
4.600000000000000000e+02	1.667485670079359661e+00	1.489465531190850052e-05
4.603000000000000114e+02	1.667124898480248252e+00	1.489003099700403553e-05
4.606000000000000227e+02	1.667015743680942741e+00	1.488549705731726959e-05
4.608999999999999773e+02	1.667114239516658492e+00	1.488105223825717221e-05
4.611999999999999886e+02	1.666993456014433050e+00	1.487669528276877372e-05
4.615000000000000000e+02	1.666701899629911887e+00	1.487242493133338711e-05
4.618000000000000114e+02	1.666645826198610125e+00	1.486823992196887576e-05
4.621000000000000227e+02	1.666773800377402637e+00	1.486413899022976859e-05
4.623999999999999773e+02	1.666667185219391945e+00	1.486012086920749558e-05
4.626999999999999886e+02	1.666371925977249591e+00	1.485618428953060455e-05
4.630000000000000000e+02	1.666298787502199952e+00	1.485232797936498484e-05
4.633000000000000114e+02	1.666397781681562051e+00	1.484855066441409767e-05
4.636000000000000227e+02	1.666234268904524640e+00	1.484485106791915569e-05
4.638999999999999773e+02	1.665877072454130525e+00	1.484122791065928906e-05
4.641999999999999886e+02	1.665868818479679714e+00	1.483767991095182322e-05
4.645000000000000000e+02	1.666130234136021127e+00	1.483420578465247203e-05
4.648000000000000114e+02	1.665998768403923691e+00	1.483080424515550381e-05
4.651000000000000227e+02	1.665540547072292377e+00	1.482747556831396400e-05
4.653999999999999773e+02	1.665441237367050409e+00	1.482421960867563611e-05
4.656999999999999886e+02	1.665653254341800338e+00	1.482102910987029383e-05
4.660000000000000000e+02	1.665547281167230498e+00	1.481789680299459634e-05
4.663000000000000114e+02	1.665167614770339810e+00	1.481481540674376629e-05
4.666000000000000227e+02	1.665110279582650898e+00	1.481177762754371855e-05
4.668999999999999773e+02	1.665329409749151779e+00	1.480877615968343109e-05
4.671999999999999886e+02	1.665226446231109270e+00	1.480580368544772923e-05
4.675000000000000000e+02	1.664844329069381512e+00	1.480285287525030037e-05
4.678000000000000114e+02	1.664784691126232063e+00	1.479991638776698982e-05
4.681000000000000227e+02	1.665002433069974641e+00	1.479698687006947785e-05
4.683999999999999773e+02	1.664866951505851400e+00	1.479405695775932097e-05
4.686999999999999886e+02	1.664421163877795262e+00	1.479111927510202371e-05
4.690000000000000000e+02	1.664321573640572316e+00	1.478816643516165924e-05
4.693000000000000114e+02	1.664544797920188168e+00	1.478519103993566956e-05
4.696000000000000227e+02	1.664498550045792280e+00	1.478218568048986906e-05
4.698999999999999773e+02	1.664186940339735798e+00	1.477914293709377490e-05
4.701999999999999886e+02	1.664071149880762324e+00	1.477605942469800518e-05
4.705000000000000000e+02	1.664153610719354193e+00	1.477293232760433905e-05
4.708000000000000114e+02	1.664093643359570329e+00	1.476975810107884773e-05
4.711000000000000227e+02	1.663891504188887316e+00	1.476653319542779083e-05
4.713999999999999773e+02	1.663818351279162888e+00	1.476325405603030849e-05
4.716999999999999886e+02	1.663860427433917488e+00	1.475991712337119132e-05
4.720000000000000000e+02	1.663720597024250347e+00	1.475651883307364370e-05
4.723000000000000114e+02	1.663421230675503182e+00	1.475305561593236376e-05
4.726000000000000227e+02	1.663337787558354597e+00	1.474952389794629648e-05
4.728999999999999773e+02	1.663456824633620101e+00	1.474592010035169845e-05
4.731999999999999886e+02	1.663374855346254177e+00	1.474224063965517045e-05
4.735000000000000000e+02	1.663097256974959803e+00	1.473848192766665621e-05
4.738000000000000114e+02	1.663018357609029163e+00	1.473464037153265279e-05
4.741000000000000227e+02	1.663133820188249956e+00	1.473071237376933646e-05
4.743999999999999773e+02	1.663051531423406448e+00	1.472669433229584589e-05
4.746999999999999886e+02	1.662774226747188999e+00	1.472258264046739108e-05
4.750000000000000000e+02	1.662694790055123217e+00	1.471837368710873651e-05
4.753000000000000114e+02	1.662812388732789692e+00	1.471406704965304766e-05
4.756000000000000227e+02	1.662732268292537396e+00	1.470979934807744246e-05
4.758999999999999773e+02	1.662452991571103045e+00	1.470557960015409983e-05
4.761999999999999886e+02	1.662370149313908696e+00	1.470141683525247400e-05
4.765000000000000000e+02	1.662487616300203808e+00	1.469732009464197995e-05
4.768000000000000114e+02	1.662411013071899424e+00	1.469329843179520758e-05
4.771000000000000227e+02	1.662134168441694815e+00	1.468936091269178451e-05
4.773999999999999773e+02	1.662048898572867417e+00	1.468551661612266262e-05
4.776999999999999886e+02	1.662163297579373866e+00	1.468177463399517856e-05
4.780000000000000000e+02	1.662087359564572209e+00	1.467814407163861753e-05
4.783000000000000114e+02	1.661811418691398146e+00	1.467463404811062242e-05
4.786000000000000227e+02	1.661726696753201837e+00	1.467125369650401954e-05
4.788999999999999773e+02	1.661844358698149726e+00	1.466801216425463385e-05
4.791999999999999886e+02	1.661767861569025451e+00	1.466491861344971568e-05
4.795000000000000000e+02	1.661484045647334984e+00	1.466198222113712972e-05
4.798000000000000114e+02	1.661396763444716651e+00	1.465921217963544200e-05
4.801000000000000227e+02	1.661521959970525320e+00	1.465661732713607527e-05
4.803999999999999773e+02	1.661450883511690346e+00	1.465420378410022812e-05
4.806999999999999886e+02	1.661164578774882106e+00	1.465197323217035607e-05
4.810000000000000000e+02	1.661072406448633521e+00	1.464992643371613055e-05
4.813000000000000114e+02	1.661195894860796107e+00	1.464806415381857378e-05
4.816000000000000227e+02	1.661127599082574235e+00	1.464638716029255764e-05
4.818999999999999773e+02	1.660843770404023312e+00	1.464489622370949229e-05
4.821999999999999886e+02	1.660748897326612683e+00	1.464359211742026552e-05
4.825000000000000000e+02	1.660868964371629897e+00	1.464247561757835659e-05
4.828000000000000114e+02	1.660804237426964924e+00	1.464154750316317367e-05
4.831000000000000227e+02	1.660526709688280533e+00	1.464080855600369284e-05
4.833999999999999773e+02	1.660429969847292409e+00	1.464025956080240711e-05
4.836999999999999886e+02	1.660543412626860338e+00	1.463990130515922460e-05
4.840000000000000000e+02	1.660477343170711384e+00	1.463973457959592745e-05
4.843000000000000114e+02	1.660201226364725002e+00	1.463976017758076291e-05
4.846000000000000227e+02	1.660106004498318688e+00	1.463997889555314619e-05
4.848999999999999773e+02	1.660223996906501576e+00	1.464039153294882411e-05
4.851999999999999886e+02	1.660159653391753087e+00	1.464099498298407599e-05
4.855000000000000000e+02	1.659878077777074079e+00	1.464177985691921109e-05
4.858000000000000114e+02	1.659779104438649622e+00	1.464273890117430073e-05
4.861000000000000227e+02	1.659900335362792800e+00	1.464386700642034058e-05
4.863999999999999773e+02	1.659838848615784457e+00	1.464515905252919494e-05
4.866999999999999886e+02	1.659554499411845185e+00	1.464660990866067006e-05
4.870000000000000000e+02	1.659452840615045277e+00	1.464821443334980253e-05
4.873000000000000114e+02	1.659576730982381232e+00	1.464996747459451875e-05
4.876000000000000227e+02	1.659519992050653148e+00	1.465186386994364338e-05
4.878999999999999773e+02	1.659236961077459771e+00	1.465389844658527359e-05
4.881999999999999886e+02	1.659129953871956387e+00	1.465606602143536185e-05
4.885000000000000000e+02	1.659246790479070421e+00	1.465836140122688474e-05
4.888000000000000114e+02	1.659192484292765668e+00	1.466077938259896945e-05
4.891000000000000227e+02	1.658918005021741582e+00	1.466331475218661323e-05
4.893999999999999773e+02	1.658811776831704332e+00	1.466596228671067043e-05
4.896999999999999886e+02	1.658923771195329078e+00	1.466871675306806158e-05
4.900000000000000000e+02	1.658868655974721218e+00	1.467157290842233469e-05
4.903000000000000114e+02	1.658595016902652874e+00	1.467452004699094463e-05
4.906000000000000227e+02	1.658487723366810274e+00	1.467755797842595732e-05
4.908999999999999773e+02	1.658601339279054621e+00	1.468067665171309841e-05
4.911999999999999886e+02	1.658561709856009259e+00	1.468386599828307316e-05
4.915000000000000000e+02	1.658317010643304279e+00	1.468711593218344800e-05
4.918000000000000114e+02	1.658262667203464380e+00	1.469041635025103368e-05
4.921000000000000227e+02	1.658447496377637664e+00	1.469375713228471209e-05
4.923999999999999773e+02	1.658372746821681565e+00	1.469712814121867487e-05
4.926999999999999886e+02	1.657971727468100287e+00	1.470051922329623968e-05
4.930000000000000000e+02	1.657852694195256493e+00	1.470392020824408481e-05
4.933000000000000114e+02	1.658110103547643321e+00	1.470732090944691759e-05
4.936000000000000227e+02	1.658099000470873108e+00	1.471071112412246121e-05
4.938999999999999773e+02	1.657707741505902277e+00	1.471408063349703959e-05
4.941999999999999886e+02	1.657538863285807018e+00	1.471741920298147729e-05
4.945000000000000000e+02	1.657706764321639881e+00	1.472071658234736033e-05
4.948000000000000114e+02	1.657720700081738663e+00	1.472396250590378650e-05
4.951000000000000227e+02	1.657483926904370630e+00	1.472714663118869211e-05
4.953999999999999773e+02	1.657385760692208443e+00	1.473026176663010509e-05
4.956999999999999886e+02	1.657499584078695909e+00	1.473331061347295556e-05
4.960000000000000000e+02	1.657456112810280935e+00	1.473630252583503515e-05
4.963000000000000114e+02	1.657186148980705820e+00	1.473924687379175509e-05
4.966000000000000227e+02	1.657068233828071557e+00	1.474215304321519474e-05
4.968999999999999773e+02	1.657176365919530880e+00	1.474503043561251307e-05
4.971999999999999886e+02	1.657132589057132677e+00	1.474788846796412134e-05
4.975000000000000000e+02	1.656861046881241251e+00	1.475073657256150848e-05
4.978000000000000114e+02	1.656741629213781097e+00	1.475358419684453963e-05
4.981000000000000227e+02	1.656852967312524516e+00	1.475644080323852254e-05
4.983999999999999773e+02	1.656815352255000207e+00	1.475931586899094199e-05
4.986999999999999886e+02	1.656550936503463411e+00	1.476221888600780794e-05
4.990000000000000000e+02	1.656475850217314916e+00	1.476515936068970384e-05
4.993000000000000114e+02	1.656674796185669596e+00	1.476814681376754186e-05
4.996000000000000227e+02	1.656652298333474826e+00	1.477119078013794031e-05
4.998999999999999773e+02	1.656298817979068527e+00	1.477430080869842156e-05
5.001999999999999886e+02	1.656132050496190056e+00	1.477748922309943230e-05
5.005000000000000000e+02	1.656276931433718014e+00	1.478076313139928391e-05
5.008000000000000114e+02	1.656289858690904060e+00	1.478412371926718617e-05
5.011000000000000227e+02	1.656056958849827065e+00	1.478757086133924067e-05
5.013999999999999773e+02	1.655900577914853677e+00	1.479110443175896716e-05
5.016999999999999886e+02	1.655910886328118004e+00	1.479472430417736961e-05
5.020000000000000000e+02	1.655931478104769372e+00	1.479843035175309545e-05
5.023000000000000114e+02	1.655910626770946692e+00	1.480222244715259990e-05
5.026000000000000227e+02	1.655823020024208558e+00	1.480610046255021882e-05
5.028999999999999773e+02	1.655666820612672119e+00	1.481006426962829407e-05
5.031999999999999886e+02	1.655533931920440738e+00	1.481411373957743437e-05
5.035000000000000000e+02	1.655456292593497469e+00	1.481824874309651872e-05
5.038000000000000114e+02	1.655460203074512915e+00	1.482246915039285226e-05
5.041000000000000227e+02	1.655539134587797445e+00	1.482677483118240848e-05
5.043999999999999773e+02	1.655461444980517172e+00	1.483116565468993259e-05
5.046999999999999886e+02	1.655174404853846371e+00	1.483564148964904147e-05
5.050000000000000000e+02	1.655072689064170932e+00	1.484020220430245066e-05
5.053000000000000114e+02	1.655259871050112741e+00	1.484485179297617200e-05
5.056000000000000227e+02	1.655236125163262795e+00	1.484958121571787591e-05
5.058999999999999773e+02	1.654863444040814535e+00	1.485437583598333933e-05
5.061999999999999886e+02	1.654717597056660328e+00	1.485922099424491332e-05
5.065000000000000000e+02	1.654966941365717092e+00	1.486410200760042766e-05
5.068000000000000114e+02	1.655042255614653346e+00	1.486900416938141602e-05
5.071000000000000227e+02	1.654764529074979951e+00	1.487391274876033329e-05
5.073999999999999773e+02	1.654542651312383983e+00	1.487881299035682583e-05
5.076999999999999886e+02	1.654515657886747482e+00	1.488369011384300058e-05
5.080000000000000000e+02	1.654530762028137314e+00	1.488852931354770143e-05
5.083000000000000114e+02	1.654529460026147758e+00	1.489331575805969632e-05
5.086000000000000227e+02	1.654465699475236251e+00	1.489803458982972417e-05
5.088999999999999773e+02	1.654328297086422817e+00	1.490267092477138320e-05
5.091999999999999886e+02	1.654226968150442456e+00	1.490720985186099081e-05
5.095000000000000000e+02	1.654199488218397462e+00	1.491163643273596459e-05
5.098000000000000114e+02	1.654178844316945840e+00	1.491593570129218021e-05
5.101000000000000227e+02	1.654138921696533648e+00	1.492009351387950582e-05
5.103999999999999773e+02	1.654068996350030796e+00	1.492409719646478939e-05
5.106999999999999886e+02	1.653967212821842114e+00	1.492793731542116912e-05
5.110000000000000000e+02	1.653879707179871206e+00	1.493161177551060284e-05
5.113000000000000114e+02	1.653822360807931435e+00	1.493511847927645225e-05
5.116000000000000227e+02	1.653749496009575104e+00	1.493845532705580554e-05
5.118999999999999773e+02	1.653646578058829197e+00	1.494162021699184750e-05
5.122000000000000455e+02	1.653590680149368719e+00	1.494461104504617025e-05
5.125000000000000000e+02	1.653607287445785889e+00	1.494742570501112641e-05
5.127999999999999545e+02	1.653574395166740985e+00	1.495006208852228722e-05
5.131000000000000227e+02	1.653446694010431095e+00	1.495251808507078554e-05
5.133999999999999773e+02	1.653326142107413466e+00	1.495479158201581465e-05
5.137000000000000455e+02	1.653255958258380787e+00	1.495688046459701526e-05
5.140000000000000000e+02	1.653259612805501266e+00	1.495878261594696248e-05
5.142999999999999545e+02	1.653336881603761022e+00	1.496049591710363413e-05
5.146000000000000227e+02	1.653246297614866744e+00	1.496201824702289941e-05
5.148999999999999773e+02	1.652903207792220330e+00	1.496334748259105497e-05
5.152000000000000455e+02	1.652754256105158914e+00	1.496448200388588855e-05
5.155000000000000000e+02	1.652972159136577357e+00	1.496543049904425630e-05
5.157999999999999545e+02	1.653049588186070284e+00	1.496620289342071637e-05
5.161000000000000227e+02	1.652780865005849975e+00	1.496680722348364909e-05
5.163999999999999773e+02	1.652589797109011771e+00	1.496725153941941970e-05
5.167000000000000455e+02	1.652653423232206542e+00	1.496754390512661848e-05
5.170000000000000000e+02	1.652679008311213948e+00	1.496769239821019252e-05
5.172999999999999545e+02	1.652542058508676748e+00	1.496770510997548091e-05
5.176000000000000227e+02	1.652439458086412349e+00	1.496759014542223300e-05
5.178999999999999773e+02	1.652454839008302923e+00	1.496735562323864699e-05
5.182000000000000455e+02	1.652413126368099006e+00	1.496700967579527973e-05
5.185000000000000000e+02	1.652240506595174185e+00	1.496656044913899385e-05
5.187999999999999545e+02	1.652147676279819732e+00	1.496601610298678461e-05
5.191000000000000227e+02	1.652225400968545976e+00	1.496538481071960665e-05
5.193999999999999773e+02	1.652229744721258609e+00	1.496467475937619579e-05
5.197000000000000455e+02	1.652051495478170651e+00	1.496389414964676879e-05
5.200000000000000000e+02	1.651900673040364476e+00	1.496305119586684677e-05
5.202999999999999545e+02	1.651875908050515651e+00	1.496215235359423844e-05
5.206000000000000227e+02	1.651897971232960893e+00	1.496121564875865778e-05
5.208999999999999773e+02	1.651924627261865286e+00	1.496025339207322267e-05
5.212000000000000455e+02	1.651830399272736560e+00	1.495927791347988472e-05
5.215000000000000000e+02	1.651562322627419865e+00	1.495830156233325405e-05
5.217999999999999545e+02	1.651447002101016803e+00	1.495733670758470027e-05
5.221000000000000227e+02	1.651637045186389319e+00	1.495639573796716992e-05
5.223999999999999773e+02	1.651718548245341367e+00	1.495549106218035299e-05
5.227000000000000455e+02	1.651489072119214807e+00	1.495463510907628307e-05
5.230000000000000000e+02	1.651253104600589383e+00	1.495384032784553046e-05
5.232999999999999545e+02	1.651167676408388685e+00	1.495311918820384247e-05
5.236000000000000227e+02	1.651242220220396906e+00	1.495248418057936481e-05
5.238999999999999773e+02	1.651471893228411147e+00	1.495194781630032545e-05
5.242000000000000455e+02	1.651442861754237601e+00	1.495152262778330805e-05
5.245000000000000000e+02	1.650952332769727970e+00	1.495122116872209963e-05
5.247999999999999545e+02	1.650718789209631332e+00	1.495105601427698887e-05
5.251000000000000227e+02	1.651110044195311266e+00	1.495103830817146756e-05
5.253999999999999773e+02	1.651306084821751563e+00	1.495117388012593284e-05
5.257000000000000455e+02	1.650875940200255743e+00	1.495146726967561431e-05
5.260000000000000000e+02	1.650553412214075699e+00	1.495193013494831711e-05
5.262999999999999545e+02	1.650732622530744820e+00	1.495257415433201558e-05
5.266000000000000227e+02	1.650873072087780002e+00	1.495341102639575225e-05
5.268999999999999773e+02	1.650678947091949178e+00	1.495445246981039791e-05
5.272000000000000455e+02	1.650495490329190407e+00	1.495571022326926769e-05
5.275000000000000000e+02	1.650514524319997012e+00	1.495719604540853042e-05
5.277999999999999545e+02	1.650514447521208572e+00	1.495892171472752320e-05
5.281000000000000227e+02	1.650371064884037065e+00	1.496089902950892700e-05
5.283999999999999773e+02	1.650274012959773051e+00	1.496313980773889990e-05
5.287000000000000455e+02	1.650330578014807648e+00	1.496565588702680382e-05
5.290000000000000000e+02	1.650337899531286290e+00	1.496845912452530895e-05
5.292999999999999545e+02	1.650179421647652411e+00	1.497156139684992227e-05
5.296000000000000227e+02	1.650075596729043692e+00	1.497497459999868537e-05
5.298999999999999773e+02	1.650154494042286091e+00	1.497871064927175721e-05
5.302000000000000455e+02	1.650133951580531333e+00	1.498277868635457637e-05
5.305000000000000000e+02	1.649848108730214147e+00	1.498717649563699273e-05
5.307999999999999545e+02	1.649710923041832089e+00	1.499189831517268663e-05
5.311000000000000227e+02	1.649970284840176493e+00	1.499693909562618814e-05
5.313999999999999773e+02	1.650059439473926082e+00	1.500229377628285966e-05
5.317000000000000455e+02	1.649631951431702381e+00	1.500795728510207095e-05
5.320000000000000000e+02	1.649341169041545818e+00	1.501392453877078750e-05
5.322999999999999545e+02	1.649594774232266747e+00	1.502019044275744867e-05
5.326000000000000227e+02	1.649808828508003256e+00	1.502674989136587279e-05
5.328999999999999773e+02	1.649611616175890472e+00	1.503359776778973328e-05
5.332000000000000455e+02	1.649368608705858330e+00	1.504072894416708891e-05
5.335000000000000000e+02	1.649317019464463296e+00	1.504813828163529189e-05
5.337999999999999545e+02	1.649331573082950086e+00	1.505582063038603992e-05
5.341000000000000227e+02	1.649329059728696034e+00	1.506377082972080433e-05
5.343999999999999773e+02	1.649278668260823810e+00	1.507198370810630057e-05
5.347000000000000455e+02	1.649160587805708733e+00	1.508045408323046354e-05
5.350000000000000000e+02	1.649073988723698703e+00	1.508917676205847034e-05
5.352999999999999545e+02	1.649085589166856103e+00	1.509814579501751804e-05
5.356000000000000227e+02	1.649095038281186643e+00	1.510734702356996612e-05
5.358999999999999773e+02	1.649033021490949658e+00	1.511675279564234131e-05
5.362000000000000455e+02	1.648901736152067254e+00	1.512633541737037740e-05
5.365000000000000000e+02	1.648704230013751548e+00	1.513606715312156996e-05
5.367999999999999545e+02	1.648656306793209847e+00	1.514592022551809713e-05
5.371000000000000227e+02	1.648908415303432573e+00	1.515586681545994866e-05
5.373999999999999773e+02	1.648991968133356245e+00	1.516587906214854628e-05
5.377000000000000455e+02	1.648572532251363576e+00	1.517592906311048434e-05
5.380000000000000000e+02	1.648269311102847023e+00	1.518598887422150932e-05
5.382999999999999545e+02	1.648532254330578262e+00	1.519603050973059757e-05
5.386000000000000227e+02	1.648740184692164767e+00	1.520602594228411778e-05
5.388999999999999773e+02	1.648434304468763267e+00	1.521594710294992739e-05
5.392000000000000455e+02	1.648150739075215032e+00	1.522576588124150454e-05
5.395000000000000000e+02	1.648291777733180918e+00	1.523545412514191910e-05
5.397999999999999545e+02	1.648444534328369127e+00	1.524498364112777322e-05
5.401000000000000227e+02	1.648294134804259459e+00	1.525432698253011096e-05
5.403999999999999773e+02	1.648079370985356062e+00	1.526346010929762248e-05
5.407000000000000455e+02	1.647985473073698692e+00	1.527236343072937096e-05
5.410000000000000000e+02	1.647975607532273123e+00	1.528101881609144098e-05
5.412999999999999545e+02	1.648020512317378561e+00	1.528940810774136937e-05
5.416000000000000227e+02	1.648039937355913587e+00	1.529751312104933895e-05
5.418999999999999773e+02	1.647969789977392407e+00	1.530531564431874042e-05
5.422000000000000455e+02	1.647838595464431233e+00	1.531279743870635811e-05
5.425000000000000000e+02	1.647669814793438769e+00	1.531994023814207804e-05
5.427999999999999545e+02	1.647598253267443358e+00	1.532672574924800305e-05
5.431000000000000227e+02	1.647734394293214999e+00	1.533313565125712409e-05
5.433999999999999773e+02	1.647780476582282105e+00	1.533915159593133760e-05
5.437000000000000455e+02	1.647488157141065557e+00	1.534475520747894786e-05
5.440000000000000000e+02	1.647285719354620426e+00	1.534992808247153922e-05
5.442999999999999545e+02	1.647536137993190763e+00	1.535465178976028921e-05
5.446000000000000227e+02	1.647723073785649195e+00	1.535890787039149565e-05
5.448999999999999773e+02	1.647401926603957456e+00	1.536267783752159554e-05
5.452000000000000455e+02	1.647085571618865263e+00	1.536594534955109127e-05
5.455000000000000000e+02	1.647222611199678166e+00	1.536870579064190609e-05
5.457999999999999545e+02	1.647375525572704502e+00	1.537096783407801415e-05
5.461000000000000227e+02	1.647155622174240719e+00	1.537274415208665938e-05
5.463999999999999773e+02	1.646933174491482577e+00	1.537404743921204234e-05
5.467000000000000455e+02	1.647042301089265859e+00	1.537489041222085909e-05
5.470000000000000000e+02	1.647159967469334685e+00	1.537528581000742337e-05
5.472999999999999545e+02	1.646990083000668292e+00	1.537524639349848379e-05
5.476000000000000227e+02	1.646815261131706620e+00	1.537478494555758704e-05
5.478999999999999773e+02	1.646898636325834886e+00	1.537391427088915651e-05
5.482000000000000455e+02	1.646958302706534649e+00	1.537264719594205923e-05
5.485000000000000000e+02	1.646727615199957251e+00	1.537099656881290189e-05
5.487999999999999545e+02	1.646513732087359294e+00	1.536897525914897433e-05
5.491000000000000227e+02	1.646611820476520549e+00	1.536659615805083406e-05
5.493999999999999773e+02	1.646728646777187777e+00	1.536387217797439934e-05
5.497000000000000455e+02	1.646577915351080001e+00	1.536081625263282556e-05
5.500000000000000000e+02	1.646403467674030674e+00	1.535744133689808335e-05
5.502999999999999545e+02	1.646447201302032370e+00	1.535376301024740195e-05
5.506000000000000227e+02	1.646512401785291013e+00	1.534980563803442204e-05
5.508999999999999773e+02	1.646400773851417254e+00	1.534559048621085073e-05
5.512000000000000455e+02	1.646277512921141772e+00	1.534113885161342885e-05
5.515000000000000000e+02	1.646311817918211906e+00	1.533647206197257743e-05
5.517999999999999545e+02	1.646330173899155591e+00	1.533161147592099004e-05
5.521000000000000227e+02	1.646152016988374323e+00	1.532657848300185915e-05
5.523999999999999773e+02	1.645977739936045126e+00	1.532139450367690599e-05
5.527000000000000455e+02	1.646019199267130473e+00	1.531608098933426139e-05
5.530000000000000000e+02	1.646089013313109195e+00	1.531065942229605854e-05
5.532999999999999545e+02	1.645985926868510196e+00	1.530515131582592416e-05
5.536000000000000227e+02	1.645857382081756137e+00	1.529957821413635449e-05
5.538999999999999773e+02	1.645864258886388320e+00	1.529396169239592181e-05
5.542000000000000455e+02	1.645889612529151558e+00	1.528832335673639629e-05
5.545000000000000000e+02	1.645803819007875424e+00	1.528268484425977981e-05
5.547999999999999545e+02	1.645710200047962424e+00	1.527706782304529560e-05
5.551000000000000227e+02	1.645725079226407095e+00	1.527149441959267616e-05
5.553999999999999773e+02	1.645727928185285904e+00	1.526598588009679517e-05
5.557000000000000455e+02	1.645580951251967683e+00	1.526055592877171590e-05
5.560000000000000000e+02	1.645423832690803723e+00	1.525521027265978028e-05
5.562999999999999545e+02	1.645418766257859655e+00	1.524995462636178984e-05
5.566000000000000227e+02	1.645454702203792863e+00	1.524479471216035563e-05
5.568999999999999773e+02	1.645400603318800448e+00	1.523973626014359897e-05
5.572000000000000455e+02	1.645317041697615723e+00	1.523478500832909777e-05
5.575000000000000000e+02	1.645276694881989021e+00	1.522994670278805476e-05
5.577999999999999545e+02	1.645250280850524938e+00	1.522522709776990284e-05
5.581000000000000227e+02	1.645202086206138725e+00	1.522063195582709167e-05
5.583999999999999773e+02	1.645157484994566044e+00	1.521616704794026724e-05
5.587000000000000455e+02	1.645147841078676176e+00	1.521183815364363281e-05
5.590000000000000000e+02	1.645123203759881303e+00	1.520765106115075188e-05
5.592999999999999545e+02	1.645020999715054000e+00	1.520361156748059690e-05
5.596000000000000227e+02	1.644931605896644555e+00	1.519972547858389265e-05
5.598999999999999773e+02	1.644969983660171442e+00	1.519599860946996967e-05
5.602000000000000455e+02	1.644977736664129608e+00	1.519243715628585764e-05
5.605000000000000000e+02	1.644750294617268960e+00	1.518904004271053100e-05
5.607999999999999545e+02	1.644540390662462270e+00	1.518580404208652652e-05
5.611000000000000227e+02	1.644679492834271617e+00	1.518272671688820241e-05
5.613999999999999773e+02	1.644863982977486261e+00	1.517980562582135545e-05
5.617000000000000455e+02	1.644689118648405834e+00	1.517703832381376818e-05
5.620000000000000000e+02	1.644426826348902360e+00	1.517442236200599482e-05
5.622999999999999545e+02	1.644445840026004468e+00	1.517195528774186266e-05
5.626000000000000227e+02	1.644567237403554483e+00	1.516963464455910049e-05
5.628999999999999773e+02	1.644543904697873371e+00	1.516745797217994670e-05
5.632000000000000455e+02	1.644432377473044049e+00	1.516542280650167605e-05
5.635000000000000000e+02	1.644313028125708565e+00	1.516352667958720608e-05
5.637999999999999545e+02	1.644244776126903007e+00	1.516176711965558496e-05
5.641000000000000227e+02	1.644309754833227943e+00	1.516014165107245892e-05
5.643999999999999773e+02	1.644375096804586267e+00	1.515864779434048899e-05
5.647000000000000455e+02	1.644250415923908415e+00	1.515728306608993023e-05
5.650000000000000000e+02	1.644076108361120836e+00	1.515604497906903322e-05
5.652999999999999545e+02	1.644057473559787041e+00	1.515493067465714472e-05
5.656000000000000227e+02	1.644106882326020980e+00	1.515392944336430893e-05
5.658999999999999773e+02	1.644093197956325136e+00	1.515303936310114100e-05
5.662000000000000455e+02	1.643991277799365491e+00	1.515225850826415867e-05
5.665000000000000000e+02	1.643765396864770745e+00	1.515158494975493701e-05
5.667999999999999545e+02	1.643610008096036523e+00	1.515101675499937169e-05
5.671000000000000227e+02	1.643819410444457896e+00	1.515055198796702009e-05
5.673999999999999773e+02	1.644045164305677931e+00	1.515018870919034083e-05
5.677000000000000455e+02	1.643748716935172771e+00	1.514992497578426872e-05
5.680000000000000000e+02	1.643346266384740018e+00	1.514975884146560498e-05
5.682999999999999545e+02	1.643493811514552538e+00	1.514968835657252279e-05
5.686000000000000227e+02	1.643813209200863712e+00	1.514971156808417942e-05
5.688999999999999773e+02	1.643696364120890818e+00	1.514982651964046908e-05
5.692000000000000455e+02	1.643392748207550325e+00	1.515003125156158430e-05
5.695000000000000000e+02	1.643313194592691096e+00	1.515032380086789406e-05
5.697999999999999545e+02	1.643382253755470979e+00	1.515070220129972546e-05
5.701000000000000227e+02	1.643468884248776352e+00	1.515116381268055064e-05
5.703999999999999773e+02	1.643480986669938471e+00	1.515170422856214592e-05
5.707000000000000455e+02	1.643270091402113220e+00	1.515231967195609994e-05
5.710000000000000000e+02	1.643040949770910641e+00	1.515300931502589679e-05
5.712999999999999545e+02	1.643138628776999566e+00	1.515377232858904626e-05
5.716000000000000227e+02	1.643338682957659280e+00	1.515460788213356538e-05
5.718999999999999773e+02	1.643252548989265760e+00	1.515551514383453452e-05
5.722000000000000455e+02	1.643025775971734159e+00	1.515649328057075181e-05
5.725000000000000000e+02	1.642918796059222863e+00	1.515754145794137555e-05
5.727999999999999545e+02	1.642931742419698748e+00	1.515865884028267353e-05
5.731000000000000227e+02	1.643057091926324098e+00	1.515984459068476543e-05
5.733999999999999773e+02	1.643128742811065468e+00	1.516109787100841612e-05
5.737000000000000455e+02	1.642854071191709453e+00	1.516241784190190174e-05
5.740000000000000000e+02	1.642538742560139875e+00	1.516380366281788435e-05
5.742999999999999545e+02	1.642739092152233127e+00	1.516525449203032036e-05
5.746000000000000227e+02	1.643080023587773386e+00	1.516676948665149439e-05
5.748999999999999773e+02	1.642861653470458760e+00	1.516834780264905474e-05
5.752000000000000455e+02	1.642433783232886579e+00	1.516998635660136425e-05
5.755000000000000000e+02	1.642465954287619656e+00	1.517168498747150492e-05
5.757999999999999545e+02	1.642717039950491342e+00	1.517344125333303122e-05
5.761000000000000227e+02	1.642710699181271217e+00	1.517525055537088745e-05
5.763999999999999773e+02	1.642534780879319811e+00	1.517710828820494843e-05
5.767000000000000455e+02	1.642375611692285187e+00	1.517900983986587739e-05
5.770000000000000000e+02	1.642296833054062377e+00	1.518095059177101939e-05
5.772999999999999545e+02	1.642411921119613094e+00	1.518292591870013386e-05
5.776000000000000227e+02	1.642551101191136009e+00	1.518493118877119484e-05
5.778999999999999773e+02	1.642379266255854287e+00	1.518696176341598797e-05
5.782000000000000455e+02	1.642093943097256536e+00	1.518901299735583621e-05
5.785000000000000000e+02	1.642100908470063514e+00	1.519108023857714942e-05
5.787999999999999545e+02	1.642261124003399075e+00	1.519315882830686713e-05
5.791000000000000227e+02	1.642275499676225214e+00	1.519524410098804202e-05
5.793999999999999773e+02	1.642161263320246922e+00	1.519733138425518443e-05
5.797000000000000455e+02	1.641970039701031281e+00	1.519941599890960869e-05
5.800000000000000000e+02	1.641830276868695870e+00	1.520149325889474881e-05
5.802999999999999545e+02	1.642002407467859859e+00	1.520355558871663291e-05
5.806000000000000227e+02	1.642230846025098945e+00	1.520560350736019638e-05
5.808999999999999773e+02	1.641967936894779267e+00	1.520762881256498262e-05
5.812000000000000455e+02	1.641538867410665681e+00	1.520962328919438403e-05
5.815000000000000000e+02	1.641664903470848147e+00	1.521157870906351808e-05
5.817999999999999545e+02	1.642032133094740498e+00	1.521348683076658683e-05
5.821000000000000227e+02	1.641920257015358597e+00	1.521533939950399235e-05
5.823999999999999773e+02	1.641556943195968010e+00	1.521712814690883225e-05
5.827000000000000455e+02	1.641487257446205383e+00	1.521884479087309016e-05
5.830000000000000000e+02	1.641613721737091636e+00	1.522048103537320963e-05
5.832999999999999545e+02	1.641681099959078516e+00	1.522202857029540549e-05
5.836000000000000227e+02	1.641651347112000225e+00	1.522347907126024835e-05
5.838999999999999773e+02	1.641459979087103616e+00	1.522482419944693918e-05
5.842000000000000455e+02	1.641248106089547409e+00	1.522605560141705868e-05
5.845000000000000000e+02	1.641339519393406388e+00	1.522716490893768310e-05
5.847999999999999545e+02	1.641555588758948581e+00	1.522814373880407312e-05
5.851000000000000227e+02	1.641459549515013938e+00	1.522898336819602463e-05
5.853999999999999773e+02	1.641189429370647046e+00	1.522967593088254374e-05
5.857000000000000455e+02	1.641105015434588976e+00	1.523021745186142169e-05
5.860000000000000000e+02	1.641169006982489353e+00	1.523060567040324861e-05
5.862999999999999545e+02	1.641259507632733872e+00	1.523083832089983701e-05
5.866000000000000227e+02	1.641287861216522925e+00	1.523091313282529717e-05
5.868999999999999773e+02	1.641054927552999532e+00	1.523082783069690259e-05
5.872000000000000455e+02	1.640764722189468561e+00	1.523058013403591468e-05
5.875000000000000000e+02	1.640930734313910344e+00	1.523016775732816018e-05
5.877999999999999545e+02	1.641277196598005306e+00	1.522958840998446281e-05
5.881000000000000227e+02	1.641073161607276454e+00	1.522883979630106149e-05
5.883999999999999773e+02	1.640598880120164083e+00	1.522791961541974382e-05
5.887000000000000455e+02	1.640632744526180353e+00	1.522682556128788482e-05
5.890000000000000000e+02	1.640957752404465175e+00	1.522555532261836189e-05
5.892999999999999545e+02	1.640935926566624792e+00	1.522410658284927675e-05
5.896000000000000227e+02	1.640677149003113566e+00	1.522247702010362476e-05
5.898999999999999773e+02	1.640540301003744705e+00	1.522066430714861874e-05
5.902000000000000455e+02	1.640533377599987297e+00	1.521866705916428090e-05
5.905000000000000000e+02	1.640630949666415095e+00	1.521648394924247761e-05
5.907999999999999545e+02	1.640729436308771438e+00	1.521411937017405967e-05
5.911000000000000227e+02	1.640560749048792344e+00	1.521158068975055072e-05
5.913999999999999773e+02	1.640272086642240446e+00	1.520887529020028192e-05
5.917000000000000455e+02	1.640291943742151926e+00	1.520601056809903507e-05
5.920000000000000000e+02	1.640495678904353660e+00	1.520299393428049939e-05
5.922999999999999545e+02	1.640485352668313412e+00	1.519983281374630978e-05
5.926000000000000227e+02	1.640308205079727077e+00	1.519653464557574640e-05
5.928999999999999773e+02	1.640153367646393967e+00	1.519310688283517495e-05
5.932000000000000455e+02	1.640077515788236795e+00	1.518955699248705672e-05
5.935000000000000000e+02	1.640207790429092372e+00	1.518589245529879934e-05
5.937999999999999545e+02	1.640387658373868573e+00	1.518212076575116716e-05
5.941000000000000227e+02	1.640157060690018431e+00	1.517824943194641708e-05
5.943999999999999773e+02	1.639740403700289617e+00	1.517428597551616174e-05
5.947000000000000455e+02	1.639854341518469427e+00	1.517023793152888196e-05
5.950000000000000000e+02	1.640260282950685822e+00	1.516611284839716820e-05
5.952999999999999545e+02	1.640143400056305989e+00	1.516192044816519779e-05
5.956000000000000227e+02	1.639698273961134101e+00	1.515766643872236427e-05
5.958999999999999773e+02	1.639643554730330077e+00	1.515336154247473241e-05
5.962000000000000455e+02	1.639872251602586539e+00	1.514901650054442562e-05
5.965000000000000000e+02	1.639930034100754108e+00	1.514464207244800077e-05
5.967999999999999545e+02	1.639835335096410107e+00	1.514024903577412163e-05
5.971000000000000227e+02	1.639733620177030948e+00	1.513584818586008380e-05
5.973999999999999773e+02	1.639659726122317362e+00	1.513145033546782629e-05
5.977000000000000455e+02	1.639689858297272096e+00	1.512706631445890971e-05
5.980000000000000000e+02	1.639764863977358322e+00	1.512270696946854585e-05
5.982999999999999545e+02	1.639685721279004360e+00	1.511838316357919856e-05
5.986000000000000227e+02	1.639508445591172814e+00	1.511410577599304802e-05
5.988999999999999773e+02	1.639452619072210515e+00	1.510988570170409240e-05
5.992000000000000455e+02	1.639496384522364458e+00	1.510573385116935676e-05
5.995000000000000000e+02	1.639519812618541295e+00	1.510166114997941421e-05
5.997999999999999545e+02	1.639493736288617498e+00	1.509767853852842252e-05
6.001000000000000227e+02	1.639352852513934033e+00	1.509379782229921540e-05
6.003999999999999773e+02	1.639178184412704020e+00	1.509003075329730645e-05
6.007000000000000455e+02	1.639250437723300147e+00	1.508638405541956291e-05
6.010000000000000000e+02	1.639450258884387557e+00	1.508286145964175377e-05
6.012999999999999545e+02	1.639310479543974131e+00	1.507946670099687150e-05
6.016000000000000227e+02	1.638963685572951468e+00	1.507620351849610383e-05
6.018999999999999773e+02	1.638979230125759301e+00	1.507307565504983776e-05
6.022000000000000455e+02	1.639240584139936230e+00	1.507008685738873476e-05
6.025000000000000000e+02	1.639194124169168099e+00	1.506724087598447386e-05
6.027999999999999545e+02	1.638920647271355779e+00	1.506454146497045581e-05
6.031000000000000227e+02	1.638857186449511616e+00	1.506199238206270718e-05
6.033999999999999773e+02	1.638978468022449508e+00	1.505959738848041172e-05
6.037000000000000455e+02	1.639066715783463080e+00	1.505736024886658060e-05
6.040000000000000000e+02	1.639075535443362375e+00	1.505528473120859401e-05
6.042999999999999545e+02	1.638906941732439337e+00	1.505337460675869858e-05
6.046000000000000227e+02	1.638657374206111461e+00	1.505163364995456929e-05
6.048999999999999773e+02	1.638705176398312258e+00	1.505006563833970022e-05
6.052000000000000455e+02	1.638949124671315261e+00	1.504867547640359510e-05
6.055000000000000000e+02	1.638895255998200851e+00	1.504746587694601448e-05
6.057999999999999545e+02	1.638608988691833801e+00	1.504643141963454054e-05
6.061000000000000227e+02	1.638500639508022383e+00	1.504556329821668463e-05
6.063999999999999773e+02	1.638566882102259648e+00	1.504485269574676518e-05
6.067000000000000455e+02	1.638650757502122080e+00	1.504429078461468813e-05
6.070000000000000000e+02	1.638688790282770036e+00	1.504386872657514588e-05
6.072999999999999545e+02	1.638496303796842524e+00	1.504357767277659766e-05
6.076000000000000227e+02	1.638189471908041650e+00	1.504340876379042104e-05
6.078999999999999773e+02	1.638286946568794589e+00	1.504335312964000238e-05
6.082000000000000455e+02	1.638648489391282492e+00	1.504340188982980198e-05
6.085000000000000000e+02	1.638521947159194747e+00	1.504354615337485450e-05
6.087999999999999545e+02	1.638040945366312506e+00	1.504377701882997638e-05
6.091000000000000227e+02	1.638040473674078790e+00	1.504408557431900707e-05
6.093999999999999773e+02	1.638430042103786288e+00	1.504446289756418758e-05
6.097000000000000455e+02	1.638496010834150862e+00	1.504490005591568966e-05
6.100000000000000000e+02	1.638248827040444278e+00	1.504538810638101980e-05
6.102999999999999545e+02	1.638039328782422199e+00	1.504591826271531232e-05
6.106000000000000227e+02	1.637938172990583086e+00	1.504648116689107816e-05
6.108999999999999773e+02	1.638082173201825587e+00	1.504706414084587192e-05
6.112000000000000455e+02	1.638349169977172837e+00	1.504765449210966327e-05
6.115000000000000000e+02	1.638161282987801615e+00	1.504823951362687368e-05
6.117999999999999545e+02	1.637651362472507977e+00	1.504880648357804719e-05
6.121000000000000227e+02	1.637663165327400527e+00	1.504934266520141271e-05
6.123999999999999773e+02	1.638098013673465303e+00	1.504983530661408560e-05
6.127000000000000455e+02	1.638111563552388183e+00	1.505027164063313359e-05
6.130000000000000000e+02	1.637740911371814212e+00	1.505063888459625483e-05
6.132999999999999545e+02	1.637579941036188202e+00	1.505092424018232217e-05
6.136000000000000227e+02	1.637668098486912083e+00	1.505111489323152069e-05
6.138999999999999773e+02	1.637868575731217691e+00	1.505119801356523132e-05
6.142000000000000455e+02	1.638063783154675823e+00	1.505116075480558057e-05
6.145000000000000000e+02	1.637795130913097141e+00	1.505099025419481926e-05
6.147999999999999545e+02	1.637221581441130613e+00	1.505067363241418791e-05
6.151000000000000227e+02	1.637332719810666859e+00	1.505019824240633663e-05
6.153999999999999773e+02	1.637983831127492795e+00	1.504955316437356590e-05
6.157000000000000455e+02	1.637923443076326757e+00	1.504873178433437442e-05
6.160000000000000000e+02	1.637237495904924511e+00	1.504773113672628101e-05
6.162999999999999545e+02	1.637085548755555564e+00	1.504654825051651324e-05
6.166000000000000227e+02	1.637463463137344588e+00	1.504518014910972153e-05
6.168999999999999773e+02	1.637631268328508360e+00	1.504362385025566945e-05
6.172000000000000455e+02	1.637526517396403758e+00	1.504187636595660053e-05
6.175000000000000000e+02	1.637318895701689758e+00	1.503993470237429336e-05
6.177999999999999545e+02	1.637100008072436719e+00	1.503779585973706240e-05
6.181000000000000227e+02	1.637211663485125923e+00	1.503545683224631166e-05
6.183999999999999773e+02	1.637560740064627041e+00	1.503291460798285790e-05
6.187000000000000455e+02	1.637444387853754790e+00	1.503016616881314717e-05
6.190000000000000000e+02	1.636929977535289238e+00	1.502720849029505967e-05
6.192999999999999545e+02	1.636858940106583393e+00	1.502403854158345705e-05
6.196000000000000227e+02	1.637214070365491159e+00	1.502065328533554520e-05
6.198999999999999773e+02	1.637291447537976508e+00	1.501704967761589636e-05
6.202000000000000455e+02	1.637056405401519754e+00	1.501322487855089364e-05
6.205000000000000000e+02	1.636857282575316042e+00	1.500917898125524840e-05
6.207999999999999545e+02	1.636774591884578189e+00	1.500491820072063198e-05
6.211000000000000227e+02	1.636967891367924199e+00	1.500045111302737251e-05
6.213999999999999773e+02	1.637325808519216608e+00	1.499578630421805925e-05
6.217000000000000455e+02	1.637114453100358302e+00	1.499093237040039101e-05
6.220000000000000000e+02	1.636434418858917494e+00	1.498589791785018891e-05
6.222999999999999545e+02	1.636451117342136774e+00	1.498069156311452943e-05
6.226000000000000227e+02	1.637115825122730239e+00	1.497532193311513152e-05
6.228999999999999773e+02	1.637154966320826910e+00	1.496979766525192509e-05
6.232000000000000455e+02	1.636550728068368432e+00	1.496412740750669046e-05
6.235000000000000000e+02	1.636330497675283491e+00	1.495831981854695045e-05
6.237999999999999545e+02	1.636569065901117614e+00	1.495238356783005203e-05
6.241000000000000227e+02	1.636758931857748012e+00	1.494632733570750894e-05
6.243999999999999773e+02	1.636803557869946690e+00	1.494015981352951368e-05
6.247000000000000455e+02	1.636614906474816999e+00	1.493388970374970366e-05
6.250000000000000000e+02	1.636272157499030655e+00	1.492752572002991544e-05
6.252999999999999545e+02	1.636334430871849932e+00	1.492104842599430377e-05
6.256000000000000227e+02	1.636757521613369182e+00	1.491445736298232890e-05
6.258999999999999773e+02	1.636709352965262321e+00	1.490775579142092122e-05
6.262000000000000455e+02	1.636188634910817896e+00	1.490094697730343555e-05
6.265000000000000000e+02	1.636053604293371766e+00	1.489403419216538020e-05
6.267999999999999545e+02	1.636355159501343026e+00	1.488702071306004956e-05
6.271000000000000227e+02	1.636489934012927083e+00	1.487990982253412954e-05
6.273999999999999773e+02	1.636382630158296658e+00	1.487270480860296930e-05
6.277000000000000455e+02	1.636223008092930753e+00	1.486540896472609519e-05
6.280000000000000000e+02	1.636075486239385590e+00	1.485802558978258925e-05
6.282999999999999545e+02	1.636140022294058083e+00	1.485055798804622367e-05
6.286000000000000227e+02	1.636376230006119314e+00	1.484300946916065458e-05
6.288999999999999773e+02	1.636281249895477741e+00	1.483538334811468533e-05
6.292000000000000455e+02	1.635864288802326483e+00	1.482768294521711805e-05
6.295000000000000000e+02	1.635801903324357154e+00	1.481991158607179163e-05
6.297999999999999545e+02	1.636125862287478805e+00	1.481207260155253998e-05
6.301000000000000227e+02	1.636198213352200392e+00	1.480416932777799963e-05
6.303999999999999773e+02	1.635960907757197269e+00	1.479620577674303730e-05
6.307000000000000455e+02	1.635843838674085449e+00	1.478818687806868863e-05
6.310000000000000000e+02	1.635901665819523565e+00	1.478011670733373595e-05
6.312999999999999545e+02	1.635940427947384146e+00	1.477199934631499645e-05
6.316000000000000227e+02	1.635919428126180186e+00	1.476383888295608697e-05
6.318999999999999773e+02	1.635816857812353531e+00	1.475563941133601431e-05
6.322000000000000455e+02	1.635656069093621934e+00	1.474740503163782319e-05
6.325000000000000000e+02	1.635638665898474953e+00	1.473913985011697649e-05
6.327999999999999545e+02	1.635769702996271224e+00	1.473084797906980837e-05
6.331000000000000227e+02	1.635787380793872758e+00	1.472253353680186721e-05
6.333999999999999773e+02	1.635664597078648974e+00	1.471420064759618414e-05
6.337000000000000455e+02	1.635598284052753426e+00	1.470585344168141268e-05
6.340000000000000000e+02	1.635614895678898950e+00	1.469749605519995492e-05
6.342999999999999545e+02	1.635605617774423370e+00	1.468913263017603853e-05
6.346000000000000227e+02	1.635551260483067315e+00	1.468076731448371248e-05
6.348999999999999773e+02	1.635479921002154224e+00	1.467240426181465978e-05
6.352000000000000455e+02	1.635404964299818520e+00	1.466404763164606951e-05
6.355000000000000000e+02	1.635385221136057554e+00	1.465570382747008014e-05
6.357999999999999545e+02	1.635422067957622350e+00	1.464737582975599218e-05
6.361000000000000227e+02	1.635423846968636186e+00	1.463906434625160203e-05
6.363999999999999773e+02	1.635377309932976697e+00	1.463077008563945945e-05
6.367000000000000455e+02	1.635338706202760450e+00	1.462249375753577490e-05
6.370000000000000000e+02	1.635315409033013534e+00	1.461423607248944207e-05
6.372999999999999545e+02	1.635264369889581459e+00	1.460599774198109091e-05
6.376000000000000227e+02	1.635184979680889716e+00	1.459777947842209146e-05
6.378999999999999773e+02	1.635155060916063663e+00	1.458958199515356798e-05
6.382000000000000455e+02	1.635178455756927995e+00	1.458140600644542142e-05
6.385000000000000000e+02	1.635133486378554712e+00	1.457325222749529437e-05
6.387999999999999545e+02	1.635014948386446676e+00	1.456512137442760376e-05
6.391000000000000227e+02	1.635027415959978248e+00	1.455701416429259043e-05
6.393999999999999773e+02	1.635182658764134045e+00	1.454893131506519098e-05
6.397000000000000455e+02	1.635151242043299868e+00	1.454087354564414489e-05
6.400000000000000000e+02	1.634896534168962301e+00	1.453284157585104084e-05
6.402999999999999545e+02	1.634806687379465773e+00	1.452483612642916810e-05
6.406000000000000227e+02	1.634942511512931684e+00	1.451686080159732793e-05
6.408999999999999773e+02	1.634990947903135927e+00	1.450891287752439569e-05
6.412000000000000455e+02	1.634893857531512396e+00	1.450098962666116344e-05
6.415000000000000000e+02	1.634832125162750227e+00	1.449308831772896255e-05
6.417999999999999545e+02	1.634840874259015919e+00	1.448520621570840332e-05
6.421000000000000227e+02	1.634822196792368620e+00	1.447734058182781631e-05
6.423999999999999773e+02	1.634756997015986979e+00	1.446948867355181572e-05
6.427000000000000455e+02	1.634701987792687605e+00	1.446164774456992541e-05
6.430000000000000000e+02	1.634672437215072716e+00	1.445381504478499323e-05
6.432999999999999545e+02	1.634675443332836764e+00	1.444598782030165270e-05
6.436000000000000227e+02	1.634706439512243259e+00	1.443816331341479320e-05
6.438999999999999773e+02	1.634698994910129599e+00	1.443033876259809625e-05
6.442000000000000455e+02	1.634637727088176673e+00	1.442251140249225663e-05
6.445000000000000000e+02	1.634545620301262048e+00	1.441467846389337300e-05
6.447999999999999545e+02	1.634440244032056899e+00	1.440683717374146376e-05
6.451000000000000227e+02	1.634444557576815615e+00	1.439898475510867304e-05
6.453999999999999773e+02	1.634564934693283789e+00	1.439111875165322005e-05
6.457000000000000455e+02	1.634503695913962495e+00	1.438323728431817345e-05
6.460000000000000000e+02	1.634222937951522070e+00	1.437533833433778379e-05
6.462999999999999545e+02	1.634218888515314605e+00	1.436741988013960880e-05
6.466000000000000227e+02	1.634570543811828092e+00	1.435947989733110659e-05
6.468999999999999773e+02	1.634592356663163715e+00	1.435151635868618985e-05
6.472000000000000455e+02	1.634152681350062419e+00	1.434352723413158517e-05
6.475000000000000000e+02	1.633986900436658063e+00	1.433551049073320606e-05
6.477999999999999545e+02	1.634257658899791910e+00	1.432746409268267660e-05
6.481000000000000227e+02	1.634380276705376112e+00	1.431938600128363153e-05
6.483999999999999773e+02	1.634211837625779262e+00	1.431127417493802145e-05
6.487000000000000455e+02	1.634090018195310190e+00	1.430312656913243999e-05
6.490000000000000000e+02	1.634104473826892390e+00	1.429494113642442731e-05
6.492999999999999545e+02	1.634127469207981020e+00	1.428671582642861092e-05
6.496000000000000227e+02	1.634118564674474694e+00	1.427844858580295834e-05
6.498999999999999773e+02	1.634050636867369288e+00	1.427013735823491798e-05
6.502000000000000455e+02	1.633927498319915905e+00	1.426178008442751420e-05
6.505000000000000000e+02	1.633906539098209931e+00	1.425337375427637929e-05
6.507999999999999545e+02	1.634020558490927311e+00	1.424491808415203959e-05
6.511000000000000227e+02	1.634059526313009991e+00	1.423641439331633863e-05
6.513999999999999773e+02	1.633964490798261338e+00	1.422786400299136084e-05
6.517000000000000455e+02	1.633827256247314619e+00	1.421926823636292136e-05
6.520000000000000000e+02	1.633689614975974980e+00	1.421062841858428111e-05
6.522999999999999545e+02	1.633728693723805803e+00	1.420194587677968907e-05
6.526000000000000227e+02	1.633969763962045851e+00	1.419322194004806518e-05
6.528999999999999773e+02	1.633960230992862916e+00	1.418445793946662398e-05
6.532000000000000455e+02	1.633595322423325502e+00	1.417565520809456086e-05
6.535000000000000000e+02	1.633500376356683548e+00	1.416681508097658420e-05
6.537999999999999545e+02	1.633834872594433385e+00	1.415793889514670840e-05
6.541000000000000227e+02	1.633892233648596370e+00	1.414902798963189607e-05
6.543999999999999773e+02	1.633483098955183621e+00	1.414008370545570374e-05
6.547000000000000455e+02	1.633334241112779806e+00	1.413110738564195114e-05
6.550000000000000000e+02	1.633651660741505474e+00	1.412210037521852270e-05
6.552999999999999545e+02	1.633793012813687495e+00	1.411306402122098778e-05
6.556000000000000227e+02	1.633562549894196358e+00	1.410399751231579872e-05
6.558999999999999773e+02	1.633370320243162865e+00	1.409490481236868678e-05
6.562000000000000455e+02	1.633353198951043694e+00	1.408578989106100136e-05
6.565000000000000000e+02	1.633407490613586477e+00	1.407665672386182053e-05
6.567999999999999545e+02	1.633489104815966986e+00	1.406750929200027680e-05
6.570999999999999091e+02	1.633472864472846453e+00	1.405835158243770667e-05
6.573999999999999773e+02	1.633325561495067246e+00	1.404918758783971889e-05
6.577000000000000455e+02	1.633250599904488842e+00	1.404002130654805598e-05
6.580000000000000000e+02	1.633311925892699579e+00	1.403085674255268623e-05
6.582999999999999545e+02	1.633330514047623971e+00	1.402169790546369745e-05
6.585999999999999091e+02	1.633245690371328163e+00	1.401254881048295353e-05
6.588999999999999773e+02	1.633155198446914813e+00	1.400341347837600345e-05
6.592000000000000455e+02	1.633099402069948525e+00	1.399429593544361420e-05
6.595000000000000000e+02	1.633150253171400834e+00	1.398520021349348667e-05
6.597999999999999545e+02	1.633317488045360477e+00	1.397613034981181732e-05
6.600999999999999091e+02	1.633262539416384884e+00	1.396709038713476848e-05
6.603999999999999773e+02	1.632887231947828255e+00	1.395808352300401819e-05
6.607000000000000455e+02	1.632824408914781422e+00	1.394911223963572535e-05
6.610000000000000000e+02	1.633278984177330972e+00	1.394018098815993678e-05
6.612999999999999545e+02	1.633403606107542982e+00	1.393129422539656181e-05
6.615999999999999091e+02	1.632904233437096009e+00	1.392245641379966122e-05
6.618999999999999773e+02	1.632629889047540139e+00	1.391367202140184124e-05
6.622000000000000455e+02	1.632892531177156048e+00	1.390494552175845100e-05
6.625000000000000000e+02	1.633092091094510812e+00	1.389628139389154960e-05
6.627999999999999545e+02	1.632995793527525885e+00	1.388768412223388849e-05
6.630999999999999091e+02	1.632840056182111477e+00	1.387915819657281578e-05
6.633999999999999773e+02	1.632725879187029161e+00	1.387070811199398587e-05
6.637000000000000455e+02	1.632740071931701786e+00	1.386233836882506227e-05
6.640000000000000000e+02	1.632904831864013140e+00	1.385405347257925432e-05
6.642999999999999545e+02	1.632889973821839424e+00	1.384585793389878798e-05
6.645999999999999091e+02	1.632576385737530167e+00	1.383775626849839171e-05
6.648999999999999773e+02	1.632460574671010134e+00	1.382975299710847251e-05
6.652000000000000455e+02	1.632734625150572771e+00	1.382185264541833583e-05
6.655000000000000000e+02	1.632881970275978034e+00	1.381405862009961768e-05
6.657999999999999545e+02	1.632690755575587627e+00	1.380637435408573117e-05
6.660999999999999091e+02	1.632482985875645776e+00	1.379880357651488018e-05
6.663999999999999773e+02	1.632402960846418782e+00	1.379135002052942372e-05
6.667000000000000455e+02	1.632519671233078506e+00	1.378401742324267903e-05
6.670000000000000000e+02	1.632843093162887227e+00	1.377680952570565690e-05
6.672999999999999545e+02	1.632797959104573815e+00	1.376973007287379526e-05
6.675999999999999091e+02	1.632160173309291640e+00	1.376278281357348280e-05
6.678999999999999773e+02	1.631961223719710086e+00	1.375597150046881457e-05
6.682000000000000455e+02	1.632631758077889073e+00	1.374929989002809527e-05
6.685000000000000000e+02	1.632921853270112411e+00	1.374277174249048135e-05
6.687999999999999545e+02	1.632289131528941617e+00	1.373639082183228266e-05
6.690999999999999091e+02	1.631913636449262572e+00	1.373016089573345047e-05
6.693999999999999773e+02	1.632322416183711322e+00	1.372408573554408405e-05
6.697000000000000455e+02	1.632598081400225887e+00	1.371816911625077977e-05
6.700000000000000000e+02	1.632319364260527594e+00	1.371241481644288193e-05
6.702999999999999545e+02	1.632041772018475667e+00	1.371019421668314374e-05
6.705999999999999091e+02	1.632030705357352396e+00	1.370797361692341233e-05
6.708999999999999773e+02	1.632164439402559175e+00	1.370575301716368092e-05
6.712000000000000455e+02	1.632374351070782437e+00	1.370353241740394951e-05
6.715000000000000000e+02	1.632346160547182734e+00	1.370131181764421810e-05
6.717999999999999545e+02	1.631940021733976565e+00	1.369909121788448669e-05
6.720999999999999091e+02	1.631764682432472302e+00	1.369687061812475528e-05
6.723999999999999773e+02	1.632110915481326696e+00	1.369465001836502387e-05
6.727000000000000455e+02	1.632354042025537133e+00	1.369242941860529246e-05
6.730000000000000000e+02	1.632182044487615391e+00	1.369020881884556105e-05
6.732999999999999545e+02	1.631892321027472725e+00	1.368798821908582964e-05
6.735999999999999091e+02	1.631645748715135902e+00	1.368576761932609823e-05
6.738999999999999773e+02	1.631719275047478046e+00	1.368354701956636682e-05
6.742000000000000455e+02	1.632238268975767070e+00	1.368132641980663541e-05
6.745000000000000000e+02	1.632327894008582803e+00	1.367910582004690400e-05
6.747999999999999545e+02	1.631551096023472702e+00	1.367688522028717258e-05
6.750999999999999091e+02	1.631227046586667839e+00	1.367466462052744117e-05
6.753999999999999773e+02	1.632036331923912176e+00	1.367244402076770976e-05
6.757000000000000455e+02	1.632456903528254788e+00	1.367022342100797835e-05
6.760000000000000000e+02	1.631684480569378426e+00	1.366800282124824694e-05
6.762999999999999545e+02	1.631181200561951261e+00	1.366578222148851553e-05
6.765999999999999091e+02	1.631735958385943208e+00	1.366356162172878412e-05
6.768999999999999773e+02	1.632142416405643726e+00	1.366134102196905271e-05
6.772000000000000455e+02	1.631737225038235373e+00	1.365912042220932130e-05
6.775000000000000000e+02	1.631394580415066020e+00	1.365689982244958989e-05
6.777999999999999545e+02	1.631603635778050787e+00	1.365467922268985848e-05
6.780999999999999091e+02	1.631788305872222233e+00	1.365245862293012707e-05
6.783999999999999773e+02	1.631620766399070055e+00	1.365023802317039566e-05
6.787000000000000455e+02	1.631447943522192467e+00	1.364801742341066425e-05
6.790000000000000000e+02	1.631470648585865213e+00	1.364579682365093284e-05
6.792999999999999545e+02	1.631505044049746056e+00	1.364357622389120143e-05
6.795999999999999091e+02	1.631443916919694592e+00	1.364135562413147002e-05
6.798999999999999773e+02	1.631437572881396125e+00	1.363913502437173861e-05
6.802000000000000455e+02	1.631572356491539422e+00	1.363691442461200720e-05
6.805000000000000000e+02	1.631537567021409618e+00	1.363469382485227579e-05
6.807999999999999545e+02	1.631151687173359344e+00	1.363247322509254438e-05
6.810999999999999091e+02	1.631065894320723242e+00	1.363025262533281297e-05
6.813999999999999773e+02	1.631670621543671151e+00	1.362803202557308156e-05
6.817000000000000455e+02	1.631862702052790493e+00	1.362581142581335014e-05
6.820000000000000000e+02	1.630965876895320132e+00	1.362359082605361873e-05
6.822999999999999545e+02	1.630538057791853568e+00	1.362137022629388732e-05
6.825999999999999091e+02	1.631553481598378319e+00	1.361914962653415591e-05
6.828999999999999773e+02	1.632138863733596956e+00	1.361692902677442450e-05
6.832000000000000455e+02	1.631100350735660953e+00	1.361470842701469309e-05
6.835000000000000000e+02	1.630333449817705338e+00	1.361248782725496168e-05
6.837999999999999545e+02	1.631068309010696771e+00	1.361026722749523027e-05
6.840999999999999091e+02	1.631719119219181113e+00	1.360804662773549886e-05
6.843999999999999773e+02	1.631238736510205900e+00	1.360582602797576745e-05
6.847000000000000455e+02	1.630717638335393183e+00	1.360360542821603604e-05
6.850000000000000000e+02	1.630888192899608402e+00	1.360138482845630463e-05
6.852999999999999545e+02	1.631161371871268750e+00	1.359916422869657322e-05
6.855999999999999091e+02	1.631134693472289010e+00	1.359694362893684181e-05
6.858999999999999773e+02	1.631006260157316978e+00	1.359472302917711040e-05
6.862000000000000455e+02	1.630913999947841031e+00	1.359250242941737899e-05
6.865000000000000000e+02	1.630868112190160701e+00	1.359028182965764758e-05
6.867999999999999545e+02	1.630875711875032552e+00	1.358806122989791617e-05
6.870999999999999091e+02	1.630924043840655369e+00	1.358584063013818476e-05
6.873999999999999773e+02	1.631003058135223949e+00	1.358362003037845335e-05
6.877000000000000455e+02	1.630963831572857403e+00	1.358139943061872194e-05
6.880000000000000000e+02	1.630700285702825436e+00	1.357917883085899053e-05
6.882999999999999545e+02	1.630595607757939769e+00	1.357695823109925911e-05
6.885999999999999091e+02	1.630929298280061834e+00	1.357473763133952770e-05
6.888999999999999773e+02	1.631101664305577570e+00	1.357251703157979629e-05
6.892000000000000455e+02	1.630667409100567955e+00	1.357029643182006488e-05
6.895000000000000000e+02	1.630367890892878702e+00	1.356807583206033347e-05
6.897999999999999545e+02	1.630762640201216307e+00	1.356585523230060206e-05
6.900999999999999091e+02	1.631036549534797597e+00	1.356363463254087065e-05
6.903999999999999773e+02	1.630564667915632704e+00	1.356141403278113924e-05
6.907000000000000455e+02	1.630193503266590405e+00	1.355919343302140783e-05
6.910000000000000000e+02	1.630582421115523761e+00	1.355697283326167642e-05
6.912999999999999545e+02	1.630931777050884879e+00	1.355475223350194501e-05
6.915999999999999091e+02	1.630608728611328218e+00	1.355253163374221360e-05
6.918999999999999773e+02	1.630251951668251653e+00	1.355031103398248219e-05
6.922000000000000455e+02	1.630375017256493919e+00	1.354809043422275078e-05
6.925000000000000000e+02	1.630597582575603388e+00	1.354586983446301937e-05
6.927999999999999545e+02	1.630608792840595012e+00	1.354364923470328796e-05
6.930999999999999091e+02	1.630485807958409694e+00	1.354142863494355655e-05
6.933999999999999773e+02	1.630293006680284318e+00	1.353920803518382514e-05
6.937000000000000455e+02	1.630213075263382105e+00	1.353698743542409373e-05
6.940000000000000000e+02	1.630399531203533314e+00	1.353476683566436232e-05
6.942999999999999545e+02	1.630558471698226208e+00	1.353254623590463091e-05
6.945999999999999091e+02	1.630438655104137435e+00	1.353032563614489950e-05
6.948999999999999773e+02	1.630224557350752779e+00	1.352810503638516808e-05
6.952000000000000455e+02	1.630076578156146816e+00	1.352588443662543667e-05
6.955000000000000000e+02	1.630136738253603390e+00	1.352366383686570526e-05
6.957999999999999545e+02	1.630529859647178004e+00	1.352144323710597385e-05
6.960999999999999091e+02	1.630638722753692704e+00	1.351922263734624244e-05
6.963999999999999773e+02	1.629911039071551659e+00	1.351700203758651103e-05
6.967000000000000455e+02	1.629484891820002224e+00	1.351478143782677962e-05
6.970000000000000000e+02	1.630395076963100820e+00	1.351256083806704991e-05
6.972999999999999545e+02	1.631070819707230557e+00	1.351034023830731680e-05
6.975999999999999091e+02	1.630061118847496937e+00	1.350811963854758708e-05
6.978999999999999773e+02	1.629131105471899765e+00	1.350589903878785398e-05
6.982000000000000455e+02	1.629937268344685108e+00	1.350367843902812426e-05
6.985000000000000000e+02	1.630854738383936020e+00	1.350145783926839285e-05
6.987999999999999545e+02	1.630334367486730107e+00	1.349923723950866144e-05
6.990999999999999091e+02	1.629535525394468332e+00	1.349701663974893003e-05
6.993999999999999773e+02	1.629581200526087237e+00	1.349479603998919862e-05
6.997000000000000455e+02	1.629892572648439897e+00	1.349257544022946721e-05
7.000000000000000000e+02	1.629900000000001903e+00	1.349035484046973580e-05
