400	1.69295	0.000136553
400.6012024	1.692546576	0.000136553
401.2024048	1.692201715	0.000136553
401.8036072	1.691960671	0.000136553
402.4048096	1.691482511	0.000136553
403.006012	1.691338901	0.000136553
403.6072144	1.690880015	0.000136553
404.2084168	1.690601468	0.000136553
404.8096192	1.690365753	0.000136553
405.4108216	1.689881794	0.000136553
406.012024	1.689744274	0.000136553
406.6132265	1.689292158	0.000136553
407.2144289	1.689002245	0.000136553
407.8156313	1.688766968	0.000136553
408.4168337	1.688286284	0.000136553
409.0180361	1.688142074	0.000136553
409.6192385	1.687686912	0.000136553
410.2204409	1.687402046	0.000136553
410.8216433	1.687172065	0.000136553
411.4228457	1.686685597	0.000136553
412.0240481	1.686558425	0.000136553
412.6252505	1.686215025	0.000136553
413.2264529	1.685910168	0.000136553
413.8276553	1.68563485	0.000136553
414.4288577	1.685269451	0.000136553
415.0300601	1.685145163	0.000136553
415.6312625	1.684693885	0.000136553
416.2324649	1.684402417	0.000136553
416.8336673	1.68422499	0.000136553
417.4348697	1.68383666	0.000136553
418.0360721	1.683609647	0.000136553
418.6372745	1.683341381	0.000136553
419.238477	1.683018011	0.000136553
419.8396794	1.682748429	0.000136553
420.4408818	1.682534701	0.000136553
421.0420842	1.682122591	0.000136553
421.6432866	1.681993342	0.000136553
422.244489	1.68163785	0.000136553
422.8456914	1.681277479	0.000136553
423.4468938	1.681261434	0.000136553
424.0480962	1.680760722	0.000136553
424.6492986	1.680594984	0.000136553
425.250501	1.680323862	0.000136553
425.8517034	1.680013467	0.000136553
426.4529058	1.679909347	0.000136553
427.0541082	1.679502965	0.000136553
427.6553106	1.679266471	0.000136553
428.256513	1.679013012	0.000136553
428.8577154	1.678747814	0.000136553
429.4589178	1.678557628	0.000136553
430.0601202	1.678260049	0.000136553
430.6613226	1.678064695	0.000136553
431.2625251	1.677809704	0.000136553
431.8637275	1.677545934	0.000136553
432.4649299	1.677321449	0.000136553
433.0661323	1.676910218	0.000136553
433.6673347	1.67679282	0.000136553
434.2685371	1.67650939	0.000136553
434.8697395	1.676210591	0.000136553
435.4709419	1.676094218	0.000136553
436.0721443	1.675704294	0.000136553
436.6733467	1.675593451	0.000136553
437.2745491	1.67539751	0.000136553
437.8757515	1.675140435	0.000136553
438.4769539	1.674943676	0.000136553
439.0781563	1.674649836	0.000136553
439.6793587	1.674454853	0.000136553
440.2805611	1.674194232	0.000136553
440.8817635	1.673936851	0.000136553
441.4829659	1.673734813	0.000136553
442.0841683	1.67346373	0.000136553
442.6853707	1.67338414	0.000136553
443.2865731	1.673079015	0.000136553
443.8877756	1.672807554	0.000136553
444.488978	1.672678342	0.000136553
445.0901804	1.672313159	0.000136553
445.6913828	1.672318026	0.000136553
446.2925852	1.671956315	0.000136553
446.8937876	1.671681993	0.000136553
447.49499	1.671613673	0.000136553
448.0961924	1.671160295	0.000136553
448.6973948	1.671255527	0.000136553
449.2985972	1.670827314	0.000136553
449.8997996	1.670640234	0.000136553
450.501002	1.670689315	0.000136553
451.1022044	1.670034177	0.000136553
451.7034068	1.670204418	0.000136553
452.3046092	1.669808872	0.000136553
452.9058116	1.669568698	0.000136553
453.507014	1.669576244	0.000136553
454.1082164	1.669122486	0.000136553
454.7094188	1.669120805	0.000136553
455.3106212	1.668832994	0.000136553
455.9118236	1.668602388	0.000136553
456.5130261	1.668487657	0.000136553
457.1142285	1.66821808	0.000136553
457.7154309	1.668027421	0.000136553
458.3166333	1.667868211	0.000136553
458.9178357	1.667617512	0.000136553
459.5190381	1.667409229	0.000136553
460.1202405	1.667338692	0.000136553
460.7214429	1.66705962	0.000136553
461.3226453	1.666867335	0.000136553
461.9238477	1.666704699	0.000136553
462.5250501	1.666539283	0.000136553
463.1262525	1.666348774	0.000136553
463.7274549	1.666069683	0.000136553
464.3286573	1.665992348	0.000136553
464.9298597	1.665794657	0.000136553
465.5310621	1.665537547	0.000136553
466.1322645	1.665373987	0.000136553
466.7334669	1.665213312	0.000136553
467.3346693	1.665049691	0.000136553
467.9358717	1.664890466	0.000136553
468.5370741	1.664658693	0.000136553
469.1382766	1.66442307	0.000136553
469.739479	1.664356655	0.000136553
470.3406814	1.664107223	0.000136553
470.9418838	1.663998254	0.000136553
471.5430862	1.663843148	0.000136553
472.1442886	1.663572499	0.000136553
472.745491	1.66339593	0.000136553
473.3466934	1.663238562	0.000136553
473.9478958	1.66307572	0.000136553
474.5490982	1.662913436	0.000136553
475.1503006	1.662753717	0.000136553
475.751503	1.662591566	0.000136553
476.3527054	1.662429256	0.000136553
476.9539078	1.662269951	0.000136553
477.5551102	1.662106911	0.000136553
478.1563126	1.661944816	0.000136553
478.757515	1.661787136	0.000136553
479.3587174	1.661619354	0.000136553
479.9599198	1.66146137	0.000136553
480.5611222	1.661299688	0.000136553
481.1623246	1.661136353	0.000136553
481.7635271	1.660976046	0.000136553
482.3647295	1.660811335	0.000136553
482.9659319	1.660654442	0.000136553
483.5671343	1.66048944	0.000136553
484.1683367	1.660326174	0.000136553
484.7695391	1.660168666	0.000136553
485.3707415	1.660003795	0.000136553
485.9719439	1.659843874	0.000136553
486.5731463	1.659679752	0.000136553
487.1743487	1.659519409	0.000136553
487.7755511	1.659360221	0.000136553
488.3767535	1.65919273	0.000136553
488.9779559	1.659035745	0.000136553
489.5791583	1.658872544	0.000136553
490.1803607	1.658710427	0.000136553
490.7815631	1.658549261	0.000136553
491.3827655	1.658416993	0.000136553
491.9839679	1.658372677	0.000136553
492.5851703	1.65813356	0.000136553
493.1863727	1.658000003	0.000136553
493.7875752	1.657869628	0.000136553
494.3887776	1.657628809	0.000136553
494.98998	1.657581382	0.000136553
495.5911824	1.65745113	0.000136553
496.1923848	1.657291484	0.000136553
496.7935872	1.657129457	0.000136553
497.3947896	1.65696502	0.000136553
497.995992	1.656805198	0.000136553
498.5971944	1.656648741	0.000136553
499.1983968	1.656598291	0.000136553
499.7995992	1.656431741	0.000136553
500.4008016	1.65621332	0.000136553
501.002004	1.656146614	0.000136553
501.6032064	1.655895782	0.000136553
502.2044088	1.655922796	0.000136553
502.8056112	1.65571969	0.000136553
503.4068136	1.655473459	0.000136553
504.008016	1.655515929	0.000136553
504.6092184	1.655268313	0.000136553
505.2104208	1.655192467	0.000136553
505.8116232	1.654988256	0.000136553
506.4128257	1.654874389	0.000136553
507.0140281	1.65486564	0.000136553
507.6152305	1.654508879	0.000136553
508.2164329	1.654533054	0.000136553
508.8176353	1.654369653	0.000136553
509.4188377	1.654201854	0.000136553
510.0200401	1.654151795	0.000136553
510.6212425	1.653995549	0.000136553
511.2224449	1.65383572	0.000136553
511.8236473	1.653673268	0.000136553
512.4248497	1.65359997	0.000136553
513.0260521	1.653483992	0.000136553
513.6272545	1.653267679	0.000136553
514.2284569	1.653318527	0.000136553
514.8296593	1.652994103	0.000136553
515.4308617	1.652902953	0.000136553
516.0320641	1.652860996	0.000136553
516.6332665	1.652624681	0.000136553
517.2344689	1.652580972	0.000136553
517.8356713	1.652445827	0.000136553
518.4368737	1.652282757	0.000136553
519.0380762	1.65220096	0.000136553
519.6392786	1.65209765	0.000136553
520.240481	1.651872506	0.000136553
520.8416834	1.651921712	0.000136553
521.4428858	1.651620129	0.000136553
522.0440882	1.651586613	0.000136553
522.6452906	1.651548309	0.000136553
523.246493	1.651171709	0.000136553
523.8476954	1.651428046	0.000136553
524.4488978	1.651056164	0.000136553
525.0501002	1.651015222	0.000136553
525.6513026	1.650976636	0.000136553
526.252505	1.650679112	0.000136553
526.8537074	1.650725645	0.000136553
527.4549098	1.650501867	0.000136553
528.0561122	1.65039842	0.000136553
528.6573146	1.650315786	0.000136553
529.258517	1.650208483	0.000136553
529.8597194	1.650136614	0.000136553
530.4609218	1.649895715	0.000136553
531.0621242	1.649921726	0.000136553
531.6633267	1.649705303	0.000136553
532.2645291	1.649542015	0.000136553
532.8657315	1.649651637	0.000136553
533.4669339	1.649314389	0.000136553
534.0681363	1.649330384	0.000136553
534.6693387	1.649175016	0.000136553
535.2705411	1.649080807	0.000136553
535.8717435	1.649041897	0.000136553
536.4729459	1.648723448	0.000136553
537.0741483	1.648877506	0.000136553
537.6753507	1.648622764	0.000136553
538.2765531	1.648494246	0.000136553
538.8777555	1.648472311	0.000136553
539.4789579	1.648269651	0.000136553
540.0801603	1.648312603	0.000136553
540.6813627	1.647987901	0.000136553
541.2825651	1.648016627	0.000136553
541.8837675	1.647975808	0.000136553
542.4849699	1.647678879	0.000136553
543.0861723	1.647724095	0.000136553
543.6873747	1.647506622	0.000136553
544.2885772	1.647518968	0.000136553
544.8897796	1.647420697	0.000136553
545.490982	1.647212239	0.000136553
546.0921844	1.647165851	0.000136553
546.6933868	1.647036467	0.000136553
547.2945892	1.646995607	0.000136553
547.8957916	1.646895734	0.000136553
548.496994	1.646731337	0.000136553
549.0981964	1.646610309	0.000136553
549.6993988	1.646578484	0.000136553
550.3006012	1.646447508	0.000136553
550.9018036	1.646399568	0.000136553
551.503006	1.646312959	0.000136553
552.1042084	1.64614812	0.000136553
552.7054108	1.646021928	0.000136553
553.3066132	1.645981706	0.000136553
553.9078156	1.645866249	0.000136553
554.509018	1.645799518	0.000136553
555.1102204	1.645727499	0.000136553
555.7114228	1.645572391	0.000136553
556.3126253	1.645421892	0.000136553
556.9138277	1.645395934	0.000136553
557.5150301	1.645275814	0.000136553
558.1162325	1.645198855	0.000136553
558.7174349	1.645148358	0.000136553
559.3186373	1.645012085	0.000136553
559.9198397	1.64497704	0.000136553
560.5210421	1.644725485	0.000136553
561.1222445	1.644703763	0.000136553
561.7234469	1.644660229	0.000136553
562.3246493	1.644459996	0.000136553
562.9258517	1.644535053	0.000136553
563.5270541	1.644301906	0.000136553
564.1282565	1.64432277	0.000136553
564.7294589	1.644227849	0.000136553
565.3306613	1.644064432	0.000136553
565.9318637	1.64408797	0.000136553
566.5330661	1.643732895	0.000136553
567.1342685	1.643866735	0.000136553
567.7354709	1.643678758	0.000136553
568.3366733	1.643550095	0.000136553
568.9378758	1.643650065	0.000136553
569.5390782	1.643319721	0.000136553
570.1402806	1.643481716	0.000136553
570.741483	1.643223209	0.000136553
571.3426854	1.643179519	0.000136553
571.9438878	1.643215422	0.000136553
572.5450902	1.642913458	0.000136553
573.1462926	1.643086433	0.000136553
573.747495	1.642778325	0.000136553
574.3486974	1.6428213	0.000136553
574.9498998	1.642769673	0.000136553
575.5511022	1.642518736	0.000136553
576.1523046	1.642682137	0.000136553
576.753507	1.642349445	0.000136553
577.3547094	1.642454111	0.000136553
577.9559118	1.642311908	0.000136553
578.5571142	1.64213658	0.000136553
579.1583166	1.642260402	0.000136553
579.759519	1.641923126	0.000136553
580.3607214	1.642076147	0.000136553
580.9619238	1.64185038	0.000136553
581.5631263	1.641765064	0.000136553
582.1643287	1.641830769	0.000136553
582.7655311	1.641513605	0.000136553
583.3667335	1.64168682	0.000136553
583.9679359	1.641393871	0.000136553
584.5691383	1.641405332	0.000136553
585.1703407	1.641389384	0.000136553
585.7715431	1.641114458	0.000136553
586.3727455	1.64128468	0.000136553
586.9739479	1.640956055	0.000136553
587.5751503	1.641047339	0.000136553
588.1763527	1.640928027	0.000136553
588.7775551	1.640730107	0.000136553
589.3787575	1.640867611	0.000136553
589.9799599	1.640527416	0.000136553
590.5811623	1.640675083	0.000136553
591.1823647	1.640465229	0.000136553
591.7835671	1.640356528	0.000136553
592.3847695	1.640439655	0.000136553
592.9859719	1.640115089	0.000136553
593.5871743	1.640285686	0.000136553
594.1883768	1.640005614	0.000136553
594.7895792	1.639999752	0.000136553
595.3907816	1.639994897	0.000136553
595.991984	1.63971425	0.000136553
596.5931864	1.639907092	0.000136553
597.1943888	1.639702199	0.000136553
597.7955912	1.639722421	0.000136553
598.3967936	1.639624289	0.000136553
598.997996	1.639464145	0.000136553
599.5991984	1.63952113	0.000136553
600.2004008	1.639278957	0.000136553
600.8016032	1.639335814	0.000136553
601.4028056	1.639175937	0.000136553
602.004008	1.639079966	0.000136553
602.6052104	1.639094079	0.000136553
603.2064128	1.638894009	0.000136553
603.8076152	1.639085741	0.000136553
604.4088176	1.638799807	0.000136553
605.01002	1.638805763	0.000136553
605.6112224	1.638788084	0.000136553
606.2124248	1.638515772	0.000136553
606.8136273	1.638683211	0.000136553
607.4148297	1.638356855	0.000136553
608.0160321	1.638446915	0.000136553
608.6172345	1.638319123	0.000136553
609.2184369	1.638196372	0.000136553
609.8196393	1.638411069	0.000136553
610.4208417	1.637976244	0.000136553
611.0220441	1.638215196	0.000136553
611.6232465	1.637933577	0.000136553
612.2244489	1.637849323	0.000136553
612.8256513	1.637962995	0.000136553
613.4268537	1.637596031	0.000136553
614.0280561	1.637983349	0.000136553
614.6292585	1.637519099	0.000136553
615.2304609	1.637633122	0.000136553
615.8316633	1.637622186	0.000136553
616.4328657	1.637236689	0.000136553
617.0340681	1.63760691	0.000136553
617.6352705	1.637199047	0.000136553
618.2364729	1.637387223	0.000136553
618.8376754	1.637202635	0.000136553
619.4388778	1.637016281	0.000136553
620.0400802	1.637197947	0.000136553
620.6412826	1.636793511	0.000136553
621.242485	1.637164641	0.000136553
621.8436874	1.636772476	0.000136553
622.4448898	1.636772554	0.000136553
623.0460922	1.636875803	0.000136553
623.6472946	1.636422389	0.000136553
624.248497	1.636804713	0.000136553
624.8496994	1.636428146	0.000136553
625.4509018	1.636553942	0.000136553
626.0521042	1.636451271	0.000136553
626.6533066	1.636190297	0.000136553
627.254509	1.63645329	0.000136553
627.8557114	1.636132766	0.000136553
628.4569138	1.636272554	0.000136553
629.0581162	1.63606098	0.000136553
629.6593186	1.63596391	0.000136553
630.260521	1.636084271	0.000136553
630.8617234	1.635864703	0.000136553
631.4629259	1.635937713	0.000136553
632.0641283	1.635724402	0.000136553
632.6653307	1.635707604	0.000136553
633.2665331	1.635725305	0.000136553
633.8677355	1.635603526	0.000136553
634.4689379	1.635578971	0.000136553
635.0701403	1.635434569	0.000136553
635.6713427	1.635404412	0.000136553
636.2725451	1.635399895	0.000136553
636.8737475	1.635325692	0.000136553
637.4749499	1.635217318	0.000136553
638.0761523	1.635168844	0.000136553
638.6773547	1.635061458	0.000136553
639.2785571	1.635119909	0.000136553
639.8797595	1.635005253	0.000136553
640.4809619	1.634877728	0.000136553
641.0821643	1.634940128	0.000136553
641.6833667	1.634834038	0.000136553
642.2845691	1.634784759	0.000136553
642.8857715	1.634680337	0.000136553
643.4869739	1.634694721	0.000136553
644.0881764	1.634665746	0.000136553
644.6893788	1.634474771	0.000136553
645.2905812	1.634521639	0.000136553
645.8917836	1.63432637	0.000136553
646.492986	1.634435895	0.000136553
647.0941884	1.634326953	0.000136553
647.6953908	1.634139964	0.000136553
648.2965932	1.63428778	0.000136553
648.8977956	1.63408984	0.000136553
649.498998	1.634126297	0.000136553
650.1002004	1.63396788	0.000136553
650.7014028	1.633977025	0.000136553
651.3026052	1.634006229	0.000136553
651.9038076	1.633726557	0.000136553
652.50501	1.633889796	0.000136553
653.1062124	1.633722796	0.000136553
653.7074148	1.633713405	0.000136553
654.3086172	1.63362921	0.000136553
654.9098196	1.633531512	0.000136553
655.511022	1.633654441	0.000136553
656.1122244	1.633343878	0.000136553
656.7134269	1.633467247	0.000136553
657.3146293	1.633373638	0.000136553
657.9158317	1.633287175	0.000136553
658.5170341	1.633276165	0.000136553
659.1182365	1.633108765	0.000136553
659.7194389	1.633272249	0.000136553
660.3206413	1.63299733	0.000136553
660.9218437	1.63313742	0.000136553
661.5230461	1.633065621	0.000136553
662.1242485	1.632793676	0.000136553
662.7254509	1.633040353	0.000136553
663.3266533	1.632747443	0.000136553
663.9278557	1.632860805	0.000136553
664.5290581	1.632663776	0.000136553
665.1302605	1.632650093	0.000136553
665.7314629	1.632755786	0.000136553
666.3326653	1.632408029	0.000136553
666.9338677	1.632768467	0.000136553
667.5350701	1.632323253	0.000136553
668.1362725	1.632446336	0.000136553
668.7374749	1.632469795	0.000136553
669.3386774	1.632195746	0.000136553
669.9398798	1.632407481	0.000136553
670.5410822	1.632014433	0.000136553
671.1422846	1.632334527	0.000136553
671.743487	1.632033259	0.000136553
672.3446894	1.632019952	0.000136553
672.9458918	1.632238182	0.000136553
673.5470942	1.631681086	0.000136553
674.1482966	1.632132343	0.000136553
674.749499	1.631720265	0.000136553
675.3507014	1.631850258	0.000136553
675.9519038	1.631865746	0.000136553
676.5531062	1.631597616	0.000136553
677.1543086	1.631838711	0.000136553
677.755511	1.631545768	0.000136553
678.3567134	1.631662085	0.000136553
678.9579158	1.631458003	0.000136553
679.5591182	1.63145605	0.000136553
680.1603206	1.631550013	0.000136553
680.761523	1.631213664	0.000136553
681.3627255	1.631569405	0.000136553
681.9639279	1.631115933	0.000136553
682.5651303	1.631378806	0.000136553
683.1663327	1.631281111	0.000136553
683.7675351	1.630929452	0.000136553
684.3687375	1.631333121	0.000136553
684.9699399	1.630844206	0.000136553
685.5711423	1.631148951	0.000136553
686.1723447	1.630920927	0.000136553
686.7735471	1.630872966	0.000136553
687.3747495	1.630996027	0.000136553
687.9759519	1.630727787	0.000136553
688.5771543	1.630891176	0.000136553
689.1783567	1.630715998	0.000136553
689.7795591	1.630716725	0.000136553
690.3807615	1.630614493	0.000136553
690.9819639	1.630539932	0.000136553
691.5831663	1.630642994	0.000136553
692.1843687	1.630357623	0.000136553
692.7855711	1.63061294	0.000136553
693.3867735	1.630302672	0.000136553
693.987976	1.630387346	0.000136553
694.5891784	1.630447611	0.000136553
695.1903808	1.630080166	0.000136553
695.7915832	1.630514732	0.000136553
696.3927856	1.629937749	0.000136553
696.993988	1.630364304	0.000136553
697.5951904	1.630090171	0.000136553
698.1963928	1.629917488	0.000136553
698.7975952	1.630344183	0.000136553
699.3987976	1.629579341	0.000136553
700	1.6299	0.000136553
