1538.46	2.46306	0.00003
1539.41	2.46305	0.00003
1540.36	2.46304	0.00003
1541.31	2.46302	0.00003
1542.26	2.46301	0.00003
1543.21	2.463	0.00003
1544.16	2.46299	0.00003
1545.12	2.46297	0.00003
1546.07	2.46296	0.00003
1547.03	2.46295	0.00003
1547.99	2.46293	0.00003
1548.95	2.46292	0.00003
1549.91	2.46291	0.00003
1550.87	2.4629	0.00003
1551.83	2.46288	0.00003
1552.8	2.46287	0.00003
1553.76	2.46286	0.00003
1554.73	2.46284	0.00003
1555.69	2.46283	0.00003
1556.66	2.46282	0.00003
1557.63	2.4628	0.00003
1558.6	2.46279	0.00003
1559.58	2.46278	0.00003
1560.55	2.46276	0.00003
1561.52	2.46275	0.00003
1562.5	2.46274	0.00003
1563.48	2.46272	0.00003
1564.46	2.46271	0.00003
1565.44	2.4627	0.00003
1566.42	2.46268	0.00003
1567.4	2.46267	0.00003
1568.38	2.46266	0.00003
1569.37	2.46264	0.00003
1570.35	2.46263	0.00003
1571.34	2.46262	0.00003
1572.33	2.4626	0.00003
1573.32	2.46259	0.00003
1574.31	2.46258	0.00003
1575.3	2.46256	0.00003
1576.29	2.46255	0.00003
1577.29	2.46253	0.00003
1578.28	2.46252	0.00003
1579.28	2.46251	0.00003
1580.28	2.46249	0.00003
1581.28	2.46248	0.00003
1582.28	2.46246	0.00003
1583.28	2.46245	0.00003
1584.28	2.46244	0.00003
1585.29	2.46242	0.00003
1586.29	2.46241	0.00003
1587.3	2.4624	0.00003
1588.31	2.46238	0.00003
1589.32	2.46237	0.00003
1590.33	2.46235	0.00003
1591.34	2.46234	0.00003
1592.36	2.46232	0.00003
1593.37	2.46231	0.00003
1594.39	2.4623	0.00003
1595.41	2.46228	0.00003
1596.42	2.46227	0.00003
1597.44	2.46225	0.00003
1598.47	2.46224	0.00003
1599.49	2.46223	0.00003
1600.51	2.46221	0.00003
1601.54	2.4622	0.00003
1602.56	2.46218	0.00003
1603.59	2.46217	0.00003
1604.62	2.46215	0.00003
1605.65	2.46214	0.00003
1606.68	2.46212	0.00003
1607.72	2.46211	0.00003
1608.75	2.4621	0.00004
1609.79	2.46208	0.00004
1610.82	2.46207	0.00004
1611.86	2.46205	0.00004
1612.9	2.46204	0.00004
1613.94	2.46202	0.00004
1614.99	2.46201	0.00004
1616.03	2.46199	0.00004
1617.08	2.46198	0.00004
1618.12	2.46196	0.00004
1619.17	2.46195	0.00004
1620.22	2.46193	0.00004
1621.27	2.46192	0.00004
1622.32	2.4619	0.00004
1623.38	2.46189	0.00004
1624.43	2.46187	0.00004
1625.49	2.46186	0.00004
1626.55	2.46184	0.00004
1627.6	2.46183	0.00004
1628.66	2.46181	0.00004
1629.73	2.4618	0.00004
1630.79	2.46178	0.00004
1631.85	2.46177	0.00004
1632.92	2.46175	0.00004
1633.99	2.46174	0.00004
1635.06	2.46172	0.00004
1636.13	2.46171	0.00004
1637.2	2.46169	0.00004
1638.27	2.46167	0.00004
1639.34	2.46166	0.00004
1640.42	2.46164	0.00004
1641.5	2.46163	0.00004
1642.58	2.46161	0.00004
1643.66	2.4616	0.00004
1644.74	2.46158	0.00004
1645.82	2.46157	0.00004
1646.9	2.46155	0.00004
1647.99	2.46153	0.00004
1649.08	2.46152	0.00004
1650.17	2.4615	0.00004
1651.25	2.46149	0.00004
1652.35	2.46147	0.00004
1653.44	2.46146	0.00004
1654.53	2.46144	0.00004
1655.63	2.46142	0.00004
1656.73	2.46141	0.00004
1657.82	2.46139	0.00004
1658.93	2.46138	0.00004
1660.03	2.46136	0.00004
1661.13	2.46134	0.00004
1662.23	2.46133	0.00004
1663.34	2.46131	0.00004
1664.45	2.46129	0.00004
1665.56	2.46128	0.00004
1666.67	2.46126	0.00004
1667.78	2.46125	0.00004
1668.89	2.46123	0.00004
1670.01	2.46121	0.00004
1671.12	2.4612	0.00004
1672.24	2.46118	0.00004
1673.36	2.46116	0.00004
1674.48	2.46115	0.00004
1675.6	2.46113	0.00004
1676.73	2.46111	0.00004
1677.85	2.4611	0.00004
1678.98	2.46108	0.00004
1680.11	2.46106	0.00004
1681.24	2.46105	0.00004
1682.37	2.46103	0.00004
1683.5	2.46101	0.00004
1684.64	2.461	0.00004
1685.77	2.46098	0.00004
1686.91	2.46096	0.00004
1688.05	2.46095	0.00004
1689.19	2.46093	0.00004
1690.33	2.46091	0.00004
1691.47	2.4609	0.00004
1692.62	2.46088	0.00004
1693.77	2.46086	0.00004
1694.92	2.46084	0.00004
1696.07	2.46083	0.00004
1697.22	2.46081	0.00004
1698.37	2.46079	0.00004
1699.52	2.46077	0.00004
1700.68	2.46076	0.00004
1701.84	2.46074	0.00004
1703	2.46072	0.00004
1704.16	2.46071	0.00004
1705.32	2.46069	0.00004
1706.48	2.46067	0.00004
1707.65	2.46065	0.00004
1708.82	2.46063	0.00004
1709.99	2.46062	0.00004
1711.16	2.4606	0.00004
1712.33	2.46058	0.00004
1713.5	2.46056	0.00004
1714.68	2.46055	0.00004
1715.85	2.46053	0.00004
1717.03	2.46051	0.00004
1718.21	2.46049	0.00004
1719.39	2.46047	0.00004
1720.58	2.46046	0.00004
1721.76	2.46044	0.00004
1722.95	2.46042	0.00004
1724.14	2.4604	0.00004
1725.33	2.46038	0.00004
1726.52	2.46037	0.00004
1727.71	2.46035	0.00004
1728.91	2.46033	0.00004
1730.1	2.46031	0.00004
1731.3	2.46029	0.00004
1732.5	2.46027	0.00004
1733.7	2.46026	0.00004
1734.91	2.46024	0.00004
1736.11	2.46022	0.00004
1737.32	2.4602	0.00004
1738.53	2.46018	0.00005
1739.74	2.46016	0.00005
1740.95	2.46015	0.00005
1742.16	2.46013	0.00005
1743.38	2.46011	0.00005
1744.59	2.46009	0.00005
1745.81	2.46007	0.00005
1747.03	2.46005	0.00005
1748.25	2.46003	0.00005
1749.48	2.46001	0.00005
1750.7	2.45999	0.00005
1751.93	2.45998	0.00005
1753.16	2.45996	0.00005
1754.39	2.45994	0.00005
1755.62	2.45992	0.00005
1756.85	2.4599	0.00005
1758.09	2.45988	0.00005
1759.32	2.45986	0.00005
1760.56	2.45984	0.00005
1761.8	2.45982	0.00005
1763.05	2.4598	0.00005
1764.29	2.45978	0.00005
1765.54	2.45976	0.00005
1766.78	2.45974	0.00005
1768.03	2.45972	0.00005
1769.29	2.4597	0.00005
1770.54	2.45969	0.00005
1771.79	2.45967	0.00005
1773.05	2.45965	0.00005
1774.31	2.45963	0.00005
1775.57	2.45961	0.00005
1776.83	2.45959	0.00005
1778.09	2.45957	0.00005
1779.36	2.45955	0.00005
1780.63	2.45953	0.00005
1781.9	2.45951	0.00005
1783.17	2.45949	0.00005
1784.44	2.45947	0.00005
1785.71	2.45945	0.00005
1786.99	2.45943	0.00005
1788.27	2.45941	0.00005
1789.55	2.45938	0.00005
1790.83	2.45936	0.00005
1792.11	2.45934	0.00005
1793.4	2.45932	0.00005
1794.69	2.4593	0.00005
1795.98	2.45928	0.00005
1797.27	2.45926	0.00005
1798.56	2.45924	0.00005
1799.86	2.45922	0.00005
1801.15	2.4592	0.00005
1802.45	2.45918	0.00005
1803.75	2.45916	0.00005
1805.05	2.45914	0.00005
1806.36	2.45912	0.00005
1807.66	2.4591	0.00005
1808.97	2.45907	0.00005
1810.28	2.45905	0.00005
1811.59	2.45903	0.00005
1812.91	2.45901	0.00005
1814.22	2.45899	0.00005
1815.54	2.45897	0.00005
1816.86	2.45895	0.00005
1818.18	2.45893	0.00005
1819.51	2.4589	0.00005
1820.83	2.45888	0.00005
1822.16	2.45886	0.00005
1823.49	2.45884	0.00005
1824.82	2.45882	0.00005
1826.15	2.4588	0.00005
1827.49	2.45877	0.00005
1828.82	2.45875	0.00005
1830.16	2.45873	0.00005
1831.5	2.45871	0.00005
1832.84	2.45869	0.00005
1834.19	2.45867	0.00005
1835.54	2.45864	0.00005
1836.88	2.45862	0.00005
1838.24	2.4586	0.00005
1839.59	2.45858	0.00005
1840.94	2.45856	0.00005
1842.3	2.45853	0.00005
1843.66	2.45851	0.00005
1845.02	2.45849	0.00005
1846.38	2.45847	0.00005
1847.75	2.45844	0.00006
1849.11	2.45842	0.00006
1850.48	2.4584	0.00006
1851.85	2.45838	0.00006
1853.22	2.45835	0.00006
1854.6	2.45833	0.00006
1855.98	2.45831	0.00006
1857.36	2.45828	0.00006
1858.74	2.45826	0.00006
1860.12	2.45824	0.00006
1861.5	2.45822	0.00006
1862.89	2.45819	0.00006
1864.28	2.45817	0.00006
1865.67	2.45815	0.00006
1867.06	2.45812	0.00006
1868.46	2.4581	0.00006
1869.86	2.45808	0.00006
1871.26	2.45805	0.00006
1872.66	2.45803	0.00006
1874.06	2.45801	0.00006
1875.47	2.45798	0.00006
1876.88	2.45796	0.00006
1878.29	2.45794	0.00006
1879.7	2.45791	0.00006
1881.11	2.45789	0.00006
1882.53	2.45786	0.00006
1883.95	2.45784	0.00006
1885.37	2.45782	0.00006
1886.79	2.45779	0.00006
1888.22	2.45777	0.00006
1889.64	2.45774	0.00006
1891.07	2.45772	0.00006
1892.51	2.4577	0.00006
1893.94	2.45767	0.00006
1895.38	2.45765	0.00006
1896.81	2.45762	0.00006
1898.25	2.4576	0.00006
1899.7	2.45757	0.00006
1901.14	2.45755	0.00006
1902.59	2.45752	0.00006
1904.04	2.4575	0.00006
1905.49	2.45747	0.00006
1906.94	2.45745	0.00006
1908.4	2.45742	0.00006
1909.85	2.4574	0.00006
1911.31	2.45738	0.00006
1912.78	2.45735	0.00006
1914.24	2.45732	0.00006
1915.71	2.4573	0.00006
1917.18	2.45727	0.00006
1918.65	2.45725	0.00006
1920.12	2.45722	0.00006
1921.6	2.4572	0.00006
1923.08	2.45717	0.00006
1924.56	2.45715	0.00006
1926.04	2.45712	0.00006
1927.53	2.4571	0.00006
1929.01	2.45707	0.00006
1930.5	2.45704	0.00006
1931.99	2.45702	0.00006
1933.49	2.45699	0.00006
1934.98	2.45697	0.00006
1936.48	2.45694	0.00006
1937.98	2.45691	0.00006
1939.49	2.45689	0.00006
1940.99	2.45686	0.00007
1942.5	2.45684	0.00007
1944.01	2.45681	0.00007
1945.53	2.45678	0.00007
1947.04	2.45676	0.00007
1948.56	2.45673	0.00007
1950.08	2.4567	0.00007
1951.6	2.45668	0.00007
1953.13	2.45665	0.00007
1954.65	2.45662	0.00007
1956.18	2.4566	0.00007
1957.71	2.45657	0.00007
1959.25	2.45654	0.00007
1960.78	2.45651	0.00007
1962.32	2.45649	0.00007
1963.86	2.45646	0.00007
1965.41	2.45643	0.00007
1966.96	2.45641	0.00007
1968.5	2.45638	0.00007
1970.06	2.45635	0.00007
1971.61	2.45632	0.00007
1973.16	2.4563	0.00007
1974.72	2.45627	0.00007
1976.28	2.45624	0.00007
1977.85	2.45621	0.00007
1979.41	2.45618	0.00007
1980.98	2.45616	0.00007
1982.55	2.45613	0.00007
1984.13	2.4561	0.00007
1985.7	2.45607	0.00007
1987.28	2.45604	0.00007
1988.86	2.45602	0.00007
1990.45	2.45599	0.00007
1992.03	2.45596	0.00007
1993.62	2.45593	0.00007
1995.21	2.4559	0.00007
1996.81	2.45587	0.00007
1998.4	2.45584	0.00007
2000	2.45582	0.00007
2001.6	2.45579	0.00007
2003.21	2.45576	0.00007
2004.81	2.45573	0.00007
2006.42	2.4557	0.00007
2008.03	2.45567	0.00007
2009.65	2.45564	0.00007
2011.26	2.45561	0.00007
2012.88	2.45558	0.00007
2014.5	2.45555	0.00007
2016.13	2.45552	0.00007
2017.76	2.45549	0.00007
2019.39	2.45546	0.00007
2021.02	2.45543	0.00007
2022.65	2.4554	0.00007
2024.29	2.45537	0.00008
2025.93	2.45534	0.00008
2027.58	2.45531	0.00008
2029.22	2.45528	0.00008
2030.87	2.45525	0.00008
2032.52	2.45522	0.00008
2034.17	2.45519	0.00008
2035.83	2.45516	0.00008
2037.49	2.45513	0.00008
2039.15	2.4551	0.00008
2040.82	2.45507	0.00008
2042.48	2.45504	0.00008
2044.15	2.45501	0.00008
2045.83	2.45498	0.00008
2047.5	2.45495	0.00008
2049.18	2.45491	0.00008
2050.86	2.45488	0.00008
2052.55	2.45485	0.00008
2054.23	2.45482	0.00008
2055.92	2.45479	0.00008
2057.61	2.45476	0.00008
2059.31	2.45473	0.00008
2061.01	2.45469	0.00008
2062.71	2.45466	0.00008
2064.41	2.45463	0.00008
2066.12	2.4546	0.00008
2067.82	2.45457	0.00008
2069.54	2.45453	0.00008
2071.25	2.4545	0.00008
2072.97	2.45447	0.00008
2074.69	2.45444	0.00008
2076.41	2.4544	0.00008
2078.14	2.45437	0.00008
2079.87	2.45434	0.00008
2081.6	2.45431	0.00008
2083.33	2.45427	0.00008
2085.07	2.45424	0.00008
2086.81	2.45421	0.00008
2088.55	2.45417	0.00008
2090.3	2.45414	0.00008
2092.05	2.45411	0.00008
2093.8	2.45407	0.00008
2095.56	2.45404	0.00008
2097.32	2.45401	0.00008
2099.08	2.45397	0.00009
2100.84	2.45394	0.00009
2102.61	2.45391	0.00009
2104.38	2.45387	0.00009
2106.15	2.45384	0.00009
2107.93	2.4538	0.00009
2109.7	2.45377	0.00009
2111.49	2.45374	0.00009
2113.27	2.4537	0.00009
2115.06	2.45367	0.00009
2116.85	2.45363	0.00009
2118.64	2.4536	0.00009
2120.44	2.45356	0.00009
2122.24	2.45353	0.00009
2124.04	2.45349	0.00009
2125.85	2.45346	0.00009
2127.66	2.45342	0.00009
2129.47	2.45339	0.00009
2131.29	2.45335	0.00009
2133.11	2.45332	0.00009
2134.93	2.45328	0.00009
2136.75	2.45325	0.00009
2138.58	2.45321	0.00009
2140.41	2.45317	0.00009
2142.25	2.45314	0.00009
2144.08	2.4531	0.00009
2145.92	2.45307	0.00009
2147.77	2.45303	0.00009
2149.61	2.45299	0.00009
2151.46	2.45296	0.00009
2153.32	2.45292	0.00009
2155.17	2.45288	0.00009
2157.03	2.45285	0.00009
2158.89	2.45281	0.00009
2160.76	2.45277	0.00009
2162.63	2.45274	0.00009
2164.5	2.4527	0.00009
2166.38	2.45266	0.00009
2168.26	2.45263	0.0001
2170.14	2.45259	0.0001
2172.02	2.45255	0.0001
2173.91	2.45251	0.0001
2175.81	2.45248	0.0001
2177.7	2.45244	0.0001
2179.6	2.4524	0.0001
2181.5	2.45236	0.0001
2183.41	2.45232	0.0001
2185.31	2.45229	0.0001
2187.23	2.45225	0.0001
2189.14	2.45221	0.0001
2191.06	2.45217	0.0001
2192.98	2.45213	0.0001
2194.91	2.45209	0.0001
2196.84	2.45205	0.0001
2198.77	2.45201	0.0001
2200.7	2.45198	0.0001
2202.64	2.45194	0.0001
2204.59	2.4519	0.0001
2206.53	2.45186	0.0001
2208.48	2.45182	0.0001
2210.43	2.45178	0.0001
2212.39	2.45174	0.0001
2214.35	2.4517	0.0001
2216.31	2.45166	0.0001
2218.28	2.45162	0.0001
2220.25	2.45158	0.0001
2222.22	2.45154	0.0001
2224.2	2.4515	0.0001
2226.18	2.45146	0.0001
2228.16	2.45142	0.0001
2230.15	2.45138	0.00011
2232.14	2.45133	0.00011
2234.14	2.45129	0.00011
2236.14	2.45125	0.00011
2238.14	2.45121	0.00011
2240.14	2.45117	0.00011
2242.15	2.45113	0.00011
2244.17	2.45109	0.00011
2246.18	2.45104	0.00011
2248.2	2.451	0.00011
2250.23	2.45096	0.00011
2252.25	2.45092	0.00011
2254.28	2.45088	0.00011
2256.32	2.45083	0.00011
2258.36	2.45079	0.00011
2260.4	2.45075	0.00011
2262.44	2.45071	0.00011
2264.49	2.45066	0.00011
2266.55	2.45062	0.00011
2268.6	2.45058	0.00011
2270.66	2.45053	0.00011
2272.73	2.45049	0.00011
2274.8	2.45045	0.00011
2276.87	2.4504	0.00011
2278.94	2.45036	0.00011
2281.02	2.45032	0.00011
2283.11	2.45027	0.00011
2285.19	2.45023	0.00011
2287.28	2.45018	0.00012
2289.38	2.45014	0.00012
2291.48	2.45009	0.00012
2293.58	2.45005	0.00012
2295.68	2.45	0.00012
2297.79	2.44996	0.00012
2299.91	2.44991	0.00012
2302.03	2.44987	0.00012
2304.15	2.44982	0.00012
2306.27	2.44978	0.00012
2308.4	2.44973	0.00012
2310.54	2.44969	0.00012
2312.67	2.44964	0.00012
2314.81	2.44959	0.00012
2316.96	2.44955	0.00012
2319.11	2.4495	0.00012
2321.26	2.44946	0.00012
2323.42	2.44941	0.00012
2325.58	2.44936	0.00012
2327.75	2.44932	0.00012
2329.92	2.44927	0.00012
2332.09	2.44922	0.00012
2334.27	2.44917	0.00012
2336.45	2.44913	0.00012
2338.63	2.44908	0.00012
2340.82	2.44903	0.00013
2343.02	2.44898	0.00013
2345.22	2.44894	0.00013
2347.42	2.44889	0.00013
2349.62	2.44884	0.00013
2351.83	2.44879	0.00013
2354.05	2.44874	0.00013
2356.27	2.44869	0.00013
2358.49	2.44864	0.00013
2360.72	2.4486	0.00013
2362.95	2.44855	0.00013
2365.18	2.4485	0.00013
2367.42	2.44845	0.00013
2369.67	2.4484	0.00013
2371.92	2.44835	0.00013
2374.17	2.4483	0.00013
2376.43	2.44825	0.00013
2378.69	2.4482	0.00013
2380.95	2.44815	0.00013
2383.22	2.4481	0.00013
2385.5	2.44805	0.00013
2387.77	2.44799	0.00013
2390.06	2.44794	0.00014
2392.34	2.44789	0.00014
2394.64	2.44784	0.00014
2396.93	2.44779	0.00014
2399.23	2.44774	0.00014
2401.54	2.44769	0.00014
2403.85	2.44763	0.00014
2406.16	2.44758	0.00014
2408.48	2.44753	0.00014
2410.8	2.44748	0.00014
2413.13	2.44742	0.00014
2415.46	2.44737	0.00014
2417.79	2.44732	0.00014
2420.14	2.44727	0.00014
2422.48	2.44721	0.00014
2424.83	2.44716	0.00014
2427.18	2.44711	0.00014
2429.54	2.44705	0.00014
2431.91	2.447	0.00014
2434.27	2.44694	0.00014
2436.65	2.44689	0.00015
2439.02	2.44683	0.00015
2441.41	2.44678	0.00015
2443.79	2.44672	0.00015
2446.18	2.44667	0.00015
2448.58	2.44661	0.00015
2450.98	2.44656	0.00015
2453.39	2.4465	0.00015
2455.8	2.44645	0.00015
2458.21	2.44639	0.00015
2460.63	2.44634	0.00015
2463.05	2.44628	0.00015
2465.48	2.44622	0.00015
2467.92	2.44617	0.00015
2470.36	2.44611	0.00015
2472.8	2.44605	0.00015
2475.25	2.44599	0.00015
2477.7	2.44594	0.00015
2480.16	2.44588	0.00015
2482.62	2.44582	0.00016
2485.09	2.44576	0.00016
2487.56	2.44571	0.00016
2490.04	2.44565	0.00016
2492.52	2.44559	0.00016
2495.01	2.44553	0.00016
2497.5	2.44547	0.00016
2500	2.44541	0.00016
2502.5	2.44535	0.00016
2505.01	2.44529	0.00016
2507.52	2.44523	0.00016
2510.04	2.44517	0.00016
2512.56	2.44511	0.00016
2515.09	2.44505	0.00016
2517.62	2.44499	0.00016
2520.16	2.44493	0.00016
2522.7	2.44487	0.00016
2525.25	2.44481	0.00017
2527.81	2.44475	0.00017
2530.36	2.44469	0.00017
2532.93	2.44463	0.00017
2535.5	2.44456	0.00017
2538.07	2.4445	0.00017
2540.65	2.44444	0.00017
2543.23	2.44438	0.00017
2545.82	2.44431	0.00017
2548.42	2.44425	0.00017
2551.02	2.44419	0.00017
2553.63	2.44413	0.00017
2556.24	2.44406	0.00017
2558.85	2.444	0.00017
2561.48	2.44393	0.00017
2564.1	2.44387	0.00018
2566.74	2.44381	0.00018
2569.37	2.44374	0.00018
2572.02	2.44368	0.00018
2574.67	2.44361	0.00018
2577.32	2.44355	0.00018
2579.98	2.44348	0.00018
2582.64	2.44341	0.00018
2585.32	2.44335	0.00018
2587.99	2.44328	0.00018
2590.67	2.44322	0.00018
2593.36	2.44315	0.00018
2596.05	2.44308	0.00018
2598.75	2.44301	0.00018
2601.46	2.44295	0.00019
2604.17	2.44288	0.00019
2606.88	2.44281	0.00019
2609.6	2.44274	0.00019
2612.33	2.44268	0.00019
2615.06	2.44261	0.00019
2617.8	2.44254	0.00019
2620.55	2.44247	0.00019
2623.29	2.4424	0.00019
2626.05	2.44233	0.00019
2628.81	2.44226	0.00019
2631.58	2.44219	0.00019
2634.35	2.44212	0.00019
2637.13	2.44205	0.00019
2639.92	2.44198	0.0002
2642.71	2.44191	0.0002
2645.5	2.44184	0.0002
2648.31	2.44177	0.0002
2651.11	2.44169	0.0002
2653.93	2.44162	0.0002
2656.75	2.44155	0.0002
2659.57	2.44148	0.0002
2662.41	2.44141	0.0002
2665.25	2.44133	0.0002
2668.09	2.44126	0.0002
2670.94	2.44119	0.0002
2673.8	2.44111	0.00021
2676.66	2.44104	0.00021
2679.53	2.44096	0.00021
2682.4	2.44089	0.00021
2685.28	2.44081	0.00021
2688.17	2.44074	0.00021
2691.07	2.44066	0.00021
2693.97	2.44059	0.00021
2696.87	2.44051	0.00021
2699.78	2.44044	0.00021
2702.7	2.44036	0.00021
2705.63	2.44028	0.00021
2708.56	2.44021	0.00022
2711.5	2.44013	0.00022
2714.44	2.44005	0.00022
2717.39	2.43997	0.00022
2720.35	2.4399	0.00022
2723.31	2.43982	0.00022
2726.28	2.43974	0.00022
2729.26	2.43966	0.00022
2732.24	2.43958	0.00022
2735.23	2.4395	0.00022
2738.23	2.43942	0.00022
2741.23	2.43934	0.00023
2744.24	2.43926	0.00023
2747.25	2.43918	0.00023
2750.28	2.4391	0.00023
2753.3	2.43902	0.00023
2756.34	2.43894	0.00023
2759.38	2.43885	0.00023
2762.43	2.43877	0.00023
2765.49	2.43869	0.00023
2768.55	2.43861	0.00023
2771.62	2.43852	0.00024
2774.69	2.43844	0.00024
2777.78	2.43836	0.00024
2780.87	2.43827	0.00024
2783.96	2.43819	0.00024
2787.07	2.4381	0.00024
2790.18	2.43802	0.00024
2793.3	2.43793	0.00024
2796.42	2.43785	0.00024
2799.55	2.43776	0.00024
2802.69	2.43768	0.00025
2805.84	2.43759	0.00025
2808.99	2.4375	0.00025
2812.15	2.43742	0.00025
2815.32	2.43733	0.00025
2818.49	2.43724	0.00025
2821.67	2.43715	0.00025
2824.86	2.43706	0.00025
2828.05	2.43697	0.00025
2831.26	2.43688	0.00026
2834.47	2.4368	0.00026
2837.68	2.43671	0.00026
2840.91	2.43662	0.00026
2844.14	2.43652	0.00026
2847.38	2.43643	0.00026
2850.63	2.43634	0.00026
2853.88	2.43625	0.00026
2857.14	2.43616	0.00026
2860.41	2.43607	0.00027
2863.69	2.43597	0.00027
2866.97	2.43588	0.00027
2870.26	2.43579	0.00027
2873.56	2.43569	0.00027
2876.87	2.4356	0.00027
2880.18	2.4355	0.00027
2883.51	2.43541	0.00027
2886.84	2.43531	0.00028
2890.17	2.43522	0.00028
2893.52	2.43512	0.00028
2896.87	2.43503	0.00028
2900.23	2.43493	0.00028
2903.6	2.43483	0.00028
2906.98	2.43473	0.00028
2910.36	2.43464	0.00028
2913.75	2.43454	0.00029
2917.15	2.43444	0.00029
2920.56	2.43434	0.00029
2923.98	2.43424	0.00029
2927.4	2.43414	0.00029
2930.83	2.43404	0.00029
2934.27	2.43394	0.00029
2937.72	2.43384	0.00029
2941.18	2.43374	0.0003
2944.64	2.43364	0.0003
2948.11	2.43353	0.0003
2951.59	2.43343	0.0003
2955.08	2.43333	0.0003
2958.58	2.43322	0.0003
2962.09	2.43312	0.0003
2965.6	2.43302	0.00031
2969.12	2.43291	0.00031
2972.65	2.43281	0.00031
2976.19	2.4327	0.00031
2979.74	2.43259	0.00031
2983.29	2.43249	0.00031
2986.86	2.43238	0.00031
2990.43	2.43227	0.00032
2994.01	2.43217	0.00032
2997.6	2.43206	0.00032
3001.2	2.43195	0.00032
3004.81	2.43184	0.00032
3008.42	2.43173	0.00032
3012.05	2.43162	0.00032
3015.68	2.43151	0.00033
3019.32	2.4314	0.00033
3022.97	2.43129	0.00033
3026.63	2.43118	0.00033
3030.3	2.43106	0.00033
3033.98	2.43095	0.00033
3037.67	2.43084	0.00033
3041.36	2.43072	0.00034
3045.07	2.43061	0.00034
3048.78	2.43049	0.00034
3052.5	2.43038	0.00034
3056.23	2.43026	0.00034
3059.98	2.43015	0.00034
3063.73	2.43003	0.00035
3067.48	2.42991	0.00035
3071.25	2.4298	0.00035
3075.03	2.42968	0.00035
3078.82	2.42956	0.00035
3082.61	2.42944	0.00035
3086.42	2.42932	0.00036
3090.23	2.4292	0.00036
3094.06	2.42908	0.00036
3097.89	2.42896	0.00036
3101.74	2.42884	0.00036
3105.59	2.42871	0.00036
3109.45	2.42859	0.00037
3113.33	2.42847	0.00037
3117.21	2.42834	0.00037
3121.1	2.42822	0.00037
3125	2.4281	0.00037
3128.91	2.42797	0.00038
3132.83	2.42784	0.00038
3136.76	2.42772	0.00038
3140.7	2.42759	0.00038
3144.65	2.42746	0.00038
3148.61	2.42733	0.00039
3152.59	2.42721	0.00039
3156.57	2.42708	0.00039
3160.56	2.42695	0.00039
3164.56	2.42682	0.00039
3168.57	2.42668	0.00039
3172.59	2.42655	0.0004
3176.62	2.42642	0.0004
3180.66	2.42629	0.0004
3184.71	2.42615	0.0004
3188.78	2.42602	0.0004
3192.85	2.42589	0.00041
3196.93	2.42575	0.00041
3201.02	2.42562	0.00041
3205.13	2.42548	0.00041
3209.24	2.42534	0.00042
3213.37	2.4252	0.00042
3217.5	2.42507	0.00042
3221.65	2.42493	0.00042
3225.81	2.42479	0.00042
3229.97	2.42465	0.00043
3234.15	2.42451	0.00043
3238.34	2.42437	0.00043
3242.54	2.42422	0.00043
3246.75	2.42408	0.00043
3250.98	2.42394	0.00044
3255.21	2.42379	0.00044
3259.45	2.42365	0.00044
3263.71	2.4235	0.00044
3267.97	2.42336	0.00045
3272.25	2.42321	0.00045
3276.54	2.42306	0.00045
3280.84	2.42292	0.00045
3285.15	2.42277	0.00046
3289.47	2.42262	0.00046
3293.81	2.42247	0.00046
3298.15	2.42232	0.00046
3302.51	2.42217	0.00047
3306.88	2.42201	0.00047
3311.26	2.42186	0.00047
3315.65	2.42171	0.00047
3320.05	2.42155	0.00048
3324.47	2.4214	0.00048
3328.89	2.42124	0.00048
3333.33	2.42108	0.00048
3337.78	2.42093	0.00049
3342.25	2.42077	0.00049
3346.72	2.42061	0.00049
3351.21	2.42045	0.00049
3355.7	2.42029	0.0005
3360.22	2.42013	0.0005
3364.74	2.41997	0.0005
3369.27	2.41981	0.0005
3373.82	2.41964	0.00051
3378.38	2.41948	0.00051
3382.95	2.41931	0.00051
3387.53	2.41915	0.00052
3392.13	2.41898	0.00052
3396.74	2.41881	0.00052
3401.36	2.41865	0.00052
3405.99	2.41848	0.00053
3410.64	2.41831	0.00053
3415.3	2.41814	0.00053
3419.97	2.41796	0.00054
3424.66	2.41779	0.00054
3429.36	2.41762	0.00054
3434.07	2.41744	0.00055
3438.79	2.41727	0.00055
3443.53	2.41709	0.00055
3448.28	2.41692	0.00055
3453.04	2.41674	0.00056
3457.81	2.41656	0.00056
3462.6	2.41638	0.00056
3467.41	2.4162	0.00057
3472.22	2.41602	0.00057
3477.05	2.41584	0.00057
3481.89	2.41566	0.00058
3486.75	2.41547	0.00058
3491.62	2.41529	0.00058
3496.5	2.4151	0.00059
3501.4	2.41491	0.00059
3506.31	2.41473	0.00059
3511.24	2.41454	0.0006
3516.17	2.41435	0.0006
3521.13	2.41416	0.00061
3526.09	2.41397	0.00061
3531.07	2.41377	0.00061
3536.07	2.41358	0.00062
3541.08	2.41339	0.00062
3546.1	2.41319	0.00062
3551.14	2.41299	0.00063
3556.19	2.4128	0.00063
3561.25	2.4126	0.00063
3566.33	2.4124	0.00064
3571.43	2.4122	0.00064
3576.54	2.412	0.00065
3581.66	2.41179	0.00065
3586.8	2.41159	0.00065
3591.95	2.41138	0.00066
3597.12	2.41118	0.00066
3602.31	2.41097	0.00067
3607.5	2.41076	0.00067
3612.72	2.41055	0.00067
3617.95	2.41034	0.00068
3623.19	2.41013	0.00068
3628.45	2.40992	0.00069
3633.72	2.40971	0.00069
3639.01	2.40949	0.0007
3644.31	2.40927	0.0007
3649.64	2.40906	0.00071
3654.97	2.40884	0.00071
3660.32	2.40862	0.00071
3665.69	2.4084	0.00072
3671.07	2.40818	0.00072
3676.47	2.40795	0.00073
3681.89	2.40773	0.00073
3687.32	2.4075	0.00074
3692.76	2.40728	0.00074
3698.22	2.40705	0.00075
3703.7	2.40682	0.00075
3709.2	2.40659	0.00076
3714.71	2.40636	0.00076
3720.24	2.40612	0.00077
3725.78	2.40589	0.00077
3731.34	2.40565	0.00078
3736.92	2.40542	0.00078
3742.51	2.40518	0.00079
3748.13	2.40494	0.00079
3753.75	2.4047	0.0008
3759.4	2.40445	0.0008
3765.06	2.40421	0.00081
3770.74	2.40396	0.00081
3776.44	2.40372	0.00082
3782.15	2.40347	0.00083
3787.88	2.40322	0.00083
3793.63	2.40297	0.00084
3799.39	2.40272	0.00084
3805.18	2.40246	0.00085
3810.98	2.40221	0.00085
3816.79	2.40195	0.00086
3822.63	2.40169	0.00087
3828.48	2.40143	0.00087
3834.36	2.40117	0.00088
3840.25	2.40091	0.00089
3846.15	2.40064	0.00089
3852.08	2.40038	0.0009
3858.02	2.40011	0.0009
3863.99	2.39984	0.00091
3869.97	2.39957	0.00092
3875.97	2.3993	0.00092
3881.99	2.39902	0.00093
3888.02	2.39875	0.00094
3894.08	2.39847	0.00094
3900.16	2.39819	0.00095
3906.25	2.39791	0.00096
3912.36	2.39763	0.00097
3918.5	2.39734	0.00097
3924.65	2.39706	0.00098
3930.82	2.39677	0.00099
3937.01	2.39648	0.001
3943.22	2.39619	0.001
3949.45	2.3959	0.00101
3955.7	2.3956	0.00102
3961.97	2.39531	0.00103
3968.25	2.39501	0.00103
3974.56	2.39471	0.00104
3980.89	2.39441	0.00105
3987.24	2.3941	0.00106
3993.61	2.3938	0.00107
4000	2.39349	0.00107
4006.41	2.39318	0.00108
4012.84	2.39287	0.00109
4019.29	2.39256	0.0011
4025.76	2.39224	0.00111
4032.26	2.39192	0.00112
4038.77	2.3916	0.00113
4045.31	2.39128	0.00114
4051.86	2.39096	0.00115
4058.44	2.39063	0.00115
4065.04	2.3903	0.00116
4071.66	2.38997	0.00117
4078.3	2.38964	0.00118
4084.97	2.38931	0.00119
4091.65	2.38897	0.0012
4098.36	2.38863	0.00121
4105.09	2.38829	0.00122
4111.84	2.38795	0.00123
4118.62	2.3876	0.00124
4125.41	2.38726	0.00126
4132.23	2.38691	0.00127
4139.07	2.38655	0.00128
4145.94	2.3862	0.00129
4152.82	2.38584	0.0013
4159.73	2.38548	0.00131
4166.67	2.38512	0.00132
4173.62	2.38476	0.00133
4180.6	2.38439	0.00135
4187.6	2.38402	0.00136
4194.63	2.38365	0.00137
4201.68	2.38328	0.00138
4208.75	2.3829	0.0014
4215.85	2.38252	0.00141
4222.97	2.38214	0.00142
4230.12	2.38175	0.00143
4237.29	2.38137	0.00145
4244.48	2.38098	0.00146
4251.7	2.38058	0.00147
4258.94	2.38019	0.00149
4266.21	2.37979	0.0015
4273.5	2.37939	0.00152
4280.82	2.37898	0.00153
4288.16	2.37858	0.00155
4295.53	2.37817	0.00156
4302.93	2.37776	0.00158
4310.34	2.37734	0.00159
4317.79	2.37692	0.00161
4325.26	2.3765	0.00162
4332.76	2.37608	0.00164
4340.28	2.37565	0.00166
4347.83	2.37522	0.00167
4355.4	2.37478	0.00169
4363	2.37435	0.00171
4370.63	2.37391	0.00172
4378.28	2.37346	0.00174
4385.96	2.37302	0.00176
4393.67	2.37256	0.00178
4401.41	2.37211	0.0018
4409.17	2.37165	0.00182
4416.96	2.37119	0.00183
4424.78	2.37073	0.00185
4432.62	2.37026	0.00187
4440.5	2.36979	0.00189
4448.4	2.36932	0.00192
4456.33	2.36884	0.00194
4464.29	2.36836	0.00196
4472.27	2.36787	0.00198
4480.29	2.36738	0.002
4488.33	2.36689	0.00202
4496.4	2.36639	0.00205
4504.5	2.36589	0.00207
4512.64	2.36539	0.00209
4520.8	2.36488	0.00212
4528.99	2.36436	0.00214
4537.21	2.36385	0.00217
4545.45	2.36333	0.00219
4553.73	2.3628	0.00222
4562.04	2.36227	0.00225
4570.38	2.36174	0.00227
4578.75	2.3612	0.0023
4587.16	2.36066	0.00233
4595.59	2.36011	0.00236
4604.05	2.35956	0.00238
4612.55	2.359	0.00241
4621.07	2.35844	0.00244
4629.63	2.35788	0.00248
4638.22	2.35731	0.00251
4646.84	2.35673	0.00254
4655.49	2.35615	0.00257
4664.18	2.35557	0.0026
4672.9	2.35498	0.00264
4681.65	2.35439	0.00267
4690.43	2.35379	0.00271
4699.25	2.35318	0.00274
4708.1	2.35257	0.00278
4716.98	2.35196	0.00282
4725.9	2.35134	0.00286
4734.85	2.35071	0.0029
4743.83	2.35008	0.00294
4752.85	2.34945	0.00298
4761.9	2.3488	0.00302
4770.99	2.34816	0.00306
4780.11	2.3475	0.00311
4789.27	2.34684	0.00315
4798.46	2.34618	0.0032
4807.69	2.34551	0.00324
4816.96	2.34483	0.00329
4826.25	2.34415	0.00334
4835.59	2.34346	0.00339
4844.96	2.34276	0.00344
4854.37	2.34206	0.00349
4863.81	2.34135	0.00355
4873.29	2.34064	0.0036
4882.81	2.33991	0.00366
4892.37	2.33919	0.00372
4901.96	2.33845	0.00377
4911.59	2.33771	0.00383
4921.26	2.33696	0.0039
4930.97	2.3362	0.00396
4940.71	2.33544	0.00402
4950.5	2.33467	0.00409
4960.32	2.33389	0.00416
4970.18	2.3331	0.00423
4980.08	2.33231	0.0043
4990.02	2.33151	0.00437
5000	2.3307	0.00445
5010.02	2.32988	0.00452
5020.08	2.32906	0.0046
5030.18	2.32822	0.00469
5040.32	2.32738	0.00477
5050.51	2.32653	0.00485
5060.73	2.32567	0.00494
5070.99	2.32481	0.00503
5081.3	2.32393	0.00512
5091.65	2.32305	0.00522
5102.04	2.32215	0.00532
5112.47	2.32125	0.00542
5122.95	2.32034	0.00552
5133.47	2.31942	0.00563
5144.03	2.31849	0.00574
5154.64	2.31755	0.00585
5165.29	2.3166	0.00596
5175.98	2.31564	0.00608
5186.72	2.31466	0.0062
5197.51	2.31368	0.00633
5208.33	2.31269	0.00646
5219.21	2.31169	0.00659
5230.13	2.31068	0.00673
5241.09	2.30966	0.00687
5252.1	2.30862	0.00701
5263.16	2.30758	0.00716
5274.26	2.30652	0.00732
5285.41	2.30546	0.00748
5296.61	2.30438	0.00764
5307.86	2.30329	0.00781
5319.15	2.30219	0.00798
5330.49	2.30107	0.00816
5341.88	2.29995	0.00834
5353.32	2.29881	0.00853
5364.81	2.29766	0.00873
5376.34	2.2965	0.00893
5387.93	2.29532	0.00914
5399.57	2.29413	0.00935
5411.26	2.29293	0.00958
5422.99	2.29171	0.0098
5434.78	2.29049	0.01004
5446.62	2.28924	0.01028
5458.52	2.28799	0.01054
5470.46	2.28672	0.01079
5482.46	2.28544	0.01106
5494.51	2.28414	0.01134
5506.61	2.28283	0.01162
5518.76	2.28151	0.01192
5530.97	2.28017	0.01222
5543.24	2.27881	0.01254
5555.56	2.27745	0.01286
5567.93	2.27606	0.0132
5580.36	2.27467	0.01354
5592.84	2.27325	0.0139
5605.38	2.27183	0.01427
5617.98	2.27038	0.01465
5630.63	2.26893	0.01504
5643.34	2.26746	0.01545
5656.11	2.26597	0.01587
5668.93	2.26447	0.01631
5681.82	2.26295	0.01675
5694.76	2.26142	0.01722
5707.76	2.25987	0.01769
5720.82	2.25831	0.01819
5733.94	2.25673	0.0187
5747.13	2.25514	0.01922
5760.37	2.25354	0.01976
5773.67	2.25191	0.02032
5787.04	2.25028	0.0209
5800.46	2.24863	0.0215
5813.95	2.24697	0.02211
5827.51	2.24529	0.02275
5841.12	2.2436	0.0234
5854.8	2.2419	0.02407
5868.54	2.24018	0.02477
5882.35	2.23845	0.02549
5896.23	2.23671	0.02622
5910.17	2.23495	0.02698
5924.17	2.23318	0.02776
5938.24	2.23141	0.02857
5952.38	2.22962	0.02939
5966.59	2.22782	0.03024
5980.86	2.22601	0.03112
5995.2	2.22419	0.03202
6009.62	2.22236	0.03294
6024.1	2.22053	0.03389
6038.65	2.21868	0.03486
6053.27	2.21683	0.03585
6067.96	2.21497	0.03687
6082.73	2.2131	0.03792
6097.56	2.21123	0.03899
6112.47	2.20936	0.04009
6127.45	2.20747	0.04121
6142.51	2.20559	0.04236
6157.64	2.2037	0.04353
6172.84	2.2018	0.04473
6188.12	2.19991	0.04595
6203.47	2.19801	0.04719
6218.91	2.19611	0.04846
6234.41	2.1942	0.04976
6250	2.1923	0.05108
6265.66	2.19039	0.05242
6281.41	2.18849	0.05378
6297.23	2.18658	0.05517
6313.13	2.18467	0.05658
6329.11	2.18277	0.05801
6345.18	2.18086	0.05946
6361.32	2.17895	0.06093
6377.55	2.17704	0.06243
6393.86	2.17513	0.06394
6410.26	2.17322	0.06548
6426.74	2.17131	0.06703
6443.3	2.1694	0.0686
6459.95	2.16749	0.0702
6476.68	2.16558	0.07181
6493.51	2.16366	0.07344
6510.42	2.16174	0.07509
6527.42	2.15982	0.07676
6544.5	2.1579	0.07844
6561.68	2.15597	0.08015
6578.95	2.15404	0.08187
6596.31	2.15211	0.08361
6613.76	2.15017	0.08538
6631.3	2.14823	0.08716
6648.94	2.14628	0.08896
6666.67	2.14433	0.09078
6684.49	2.14237	0.09262
6702.41	2.1404	0.09449
6720.43	2.13843	0.09637
6738.54	2.13646	0.09828
6756.76	2.13448	0.10021
6775.07	2.13249	0.10216
6793.48	2.1305	0.10413
6811.99	2.1285	0.10613
6830.6	2.1265	0.10815
6849.32	2.12449	0.1102
6868.13	2.12248	0.11227
6887.05	2.12047	0.11437
6906.08	2.11845	0.11649
6925.21	2.11644	0.11863
6944.44	2.11442	0.1208
6963.79	2.1124	0.123
6983.24	2.11038	0.12522
7002.8	2.10836	0.12746
7022.47	2.10634	0.12972
7042.25	2.10433	0.13201
7062.15	2.10231	0.13432
7082.15	2.1003	0.13665
7102.27	2.0983	0.13899
7122.51	2.09629	0.14135
7142.86	2.09429	0.14373
7163.32	2.09229	0.14613
7183.91	2.0903	0.14853
7204.61	2.0883	0.15095
7225.43	2.08631	0.15337
7246.38	2.08432	0.1558
7267.44	2.08233	0.15824
7288.63	2.08033	0.16068
7309.94	2.07833	0.16312
7331.38	2.07632	0.16556
7352.94	2.0743	0.168
7374.63	2.07227	0.17043
7396.45	2.07023	0.17286
7418.4	2.06816	0.17529
7440.48	2.06608	0.1777
7462.69	2.06397	0.18011
7485.03	2.06184	0.18251
7507.51	2.05967	0.18491
7530.12	2.05746	0.18729
7552.87	2.05521	0.18967
7575.76	2.05292	0.19203
7598.78	2.05058	0.1944
7621.95	2.04819	0.19676
7645.26	2.04574	0.19911
7668.71	2.04323	0.20146
7692.31	2.04065	0.20381
7716.05	2.03801	0.20617
7739.94	2.03529	0.20853
7763.98	2.03249	0.2109
7788.16	2.02961	0.21327
7812.5	2.02665	0.21566
7836.99	2.0236	0.21807
7861.64	2.02046	0.22049
7886.44	2.01722	0.22294
7911.39	2.01389	0.22541
7936.51	2.01045	0.22791
7961.78	2.00691	0.23044
7987.22	2.00326	0.233
8012.82	1.99949	0.2356
8038.59	1.99561	0.23824
8064.52	1.99161	0.24092
8090.61	1.98748	0.24365
8116.88	1.98322	0.24642
8143.32	1.97882	0.24924
8169.93	1.97427	0.25212
8196.72	1.96958	0.25505
8223.68	1.96473	0.25805
8250.83	1.95971	0.26111
8278.15	1.95451	0.26424
8305.65	1.94912	0.26744
8333.33	1.94354	0.27073
8361.2	1.93774	0.27412
8389.26	1.93172	0.2776
8417.51	1.92547	0.2812
8445.95	1.91896	0.28492
8474.58	1.91219	0.28879
8503.4	1.90514	0.29281
8532.42	1.8978	0.29702
8561.64	1.89016	0.30142
8591.07	1.88219	0.30605
8620.69	1.8739	0.31093
8650.52	1.86525	0.31608
8680.56	1.85626	0.32156
8710.8	1.8469	0.32737
8741.26	1.83716	0.33358
8771.93	1.82705	0.34021
8802.82	1.81655	0.34731
8833.92	1.80567	0.35493
8865.25	1.79441	0.36312
8896.8	1.78276	0.37193
8928.57	1.77075	0.38143
8960.57	1.75839	0.39168
8992.81	1.74569	0.40274
9025.27	1.7327	0.41468
9057.97	1.71943	0.42758
9090.91	1.70594	0.44152
9124.09	1.69229	0.45656
9157.51	1.67854	0.4728
9191.18	1.66479	0.49029
9225.09	1.65112	0.50913
9259.26	1.63766	0.52936
9293.68	1.62453	0.55105
9328.36	1.61188	0.57424
9363.3	1.59987	0.59895
9398.5	1.58868	0.62517
9433.96	1.57849	0.6529
9469.7	1.56947	0.68206
9505.7	1.56183	0.71258
9541.98	1.55572	0.74433
9578.54	1.5513	0.77717
9615.38	1.54871	0.81092
9652.51	1.54803	0.84537
9689.92	1.54934	0.88033
9727.63	1.55267	0.91556
9765.63	1.55799	0.95085
9803.92	1.56525	0.986
9842.52	1.57438	1.02082
9881.42	1.58525	1.05515
9920.63	1.59774	1.08885
9960.16	1.6117	1.12184
10000	1.62698	1.15405
10040.16	1.64343	1.18546
10080.65	1.66091	1.21607
10121.46	1.67931	1.24592
10162.6	1.69853	1.27506
10204.08	1.7185	1.30357
10245.9	1.73918	1.33154
10288.07	1.76058	1.35904
10330.58	1.78272	1.38615
10373.44	1.80566	1.41293
10416.67	1.82949	1.43942
10460.25	1.85429	1.46563
10504.2	1.88019	1.49152
10548.52	1.9073	1.51704
10593.22	1.93573	1.54208
10638.3	1.96556	1.56651
10683.76	1.99684	1.59014
10729.61	2.0296	1.61279
10775.86	2.06381	1.63423
10822.51	2.09938	1.65427
10869.57	2.13619	1.6727
10917.03	2.17407	1.68934
10964.91	2.21278	1.70406
11013.22	2.25209	1.71678
11061.95	2.29173	1.72747
11111.11	2.33144	1.73617
11160.71	2.37097	1.74297
11210.76	2.41012	1.74803
11261.26	2.44871	1.75152
11312.22	2.48665	1.75369
11363.64	2.5239	1.75474
11415.53	2.56046	1.75493
11467.89	2.59644	1.75446
11520.74	2.63198	1.7535
11574.07	2.66729	1.75215
11627.91	2.70261	1.75047
11682.24	2.73817	1.74838
11737.09	2.77423	1.74574
11792.45	2.81094	1.74228
11848.34	2.84838	1.73768
11904.76	2.8865	1.73153
11961.72	2.92505	1.72348
12019.23	2.96365	1.71324
12077.29	3.00181	1.70071
12135.92	3.03902	1.68596
12195.12	3.07481	1.6693
12254.9	3.1089	1.65114
12315.27	3.14118	1.63198
12376.24	3.17172	1.61228
12437.81	3.20077	1.59239
12500	3.22861	1.57254
12562.81	3.25559	1.55282
12626.26	3.282	1.53319
12690.36	3.30807	1.51353
12755.1	3.33397	1.49365
12820.51	3.35978	1.47334
12886.6	3.38549	1.45239
12953.37	3.41104	1.4306
13020.83	3.4363	1.40781
13089.01	3.46109	1.3839
13157.89	3.48521	1.35881
13227.51	3.50845	1.33254
13297.87	3.53059	1.30513
13368.98	3.55143	1.27671
13440.86	3.57081	1.24742
13513.51	3.58862	1.21746
13586.96	3.60476	1.18704
13661.2	3.61924	1.15637
13736.26	3.63206	1.12568
13812.15	3.64331	1.09516
13888.89	3.65309	1.06498
13966.48	3.66155	1.03527
14044.94	3.66883	1.00613
14124.29	3.67509	0.9776
14204.55	3.68049	0.94972
14285.71	3.68517	0.92245
