0.3	1.48779	0
0.300987	1.48752	0.00E+00
0.30198	1.48724	0.00E+00
0.302979	1.48698	0.00E+00
0.303985	1.48672	0.00E+00
0.304998	1.48646	0.00E+00
0.306018	1.4862	0.00E+00
0.307045	1.48594	0
0.308078	1.48569	0
0.309118	1.48543	0
0.310166	1.48517	0.00E+00
0.311221	1.48491	0.00E+00
0.312282	1.48465	0.00E+00
0.313351	1.4844	0.00E+00
0.314428	1.48414	0.00E+00
0.315512	1.48388	0.00E+00
0.316603	1.48362	0.00E+00
0.317702	1.48336	0
0.318809	1.4831	0
0.319923	1.48285	0
0.321045	1.48259	0
0.322175	1.48233	0
0.323313	1.48207	0
0.324459	1.48181	0
0.325613	1.48155	0
0.326776	1.48129	0.00E+00
0.327947	1.48104	0.00E+00
0.329126	1.48078	0.00E+00
0.330314	1.48052	0.00E+00
0.33151	1.48028	0.00E+00
0.332715	1.48004	0.00E+00
0.333929	1.4798	0
0.335152	1.47957	0
0.336383	1.47933	0
0.337624	1.47909	0
0.338874	1.47886	0
0.340133	1.47862	0
0.341402	1.47839	0
0.34268	1.47816	0
0.343968	1.47793	0
0.345266	1.4777	0
0.346573	1.47747	0
0.34789	1.47725	0
0.349217	1.47702	0
0.350555	1.4768	0
0.351903	1.47658	0
0.353261	1.47636	0
0.35463	1.47614	0
0.356009	1.47592	0
0.357399	1.47569	0
0.3588	1.47547	0
0.360212	1.47525	0
0.361635	1.47503	0
0.36307	1.47482	0
0.364516	1.4746	0
0.365973	1.4744	0
0.367442	1.4742	0
0.368923	1.474	0
0.370416	1.4738	0
0.371921	1.4736	0
0.373439	1.4734	0
0.374969	1.4732	0
0.376511	1.473	0
0.378066	1.4728	0
0.379634	1.4726	0
0.381215	1.4724	0
0.38281	1.4722	0
0.384418	1.472	0
0.386039	1.4718	0
0.387674	1.4716	0
0.389323	1.4714	0
0.390986	1.4712	0
0.392663	1.471	0
0.394355	1.47079	0
0.396061	1.47059	0.00E+00
0.397783	1.47039	0.00E+00
0.399519	1.47019	0.00E+00
0.40127	1.46999	0.00E+00
0.403037	1.46979	0.00E+00
0.40482	1.46959	0.00E+00
0.406618	1.46941	0
0.408433	1.46923	0
0.410263	1.46905	0
0.412111	1.46887	0
0.413975	1.46869	0
0.415855	1.46851	0
0.417753	1.46833	0
0.419669	1.46815	0
0.421602	1.46797	0
0.423553	1.46779	0
0.425522	1.46761	0
0.427509	1.46743	0
0.429515	1.46725	0
0.43154	1.46707	0
0.433585	1.46689	0
0.435648	1.46671	0
0.437732	1.46654	0
0.439835	1.46637	0
0.441959	1.4662	0
0.444103	1.46604	0
0.446269	1.46587	0
0.448455	1.4657	0
0.450663	1.46554	0
0.452893	1.46537	0
0.455145	1.4652	0
0.45742	1.46503	0
0.459717	1.46487	0
0.462038	1.4647	0
0.464382	1.46453	0
0.46675	1.46436	0
0.469142	1.4642	0
0.471559	1.46405	0
0.474001	1.46389	0
0.476469	1.46373	0
0.478962	1.46357	0
0.481481	1.46342	0
0.484028	1.46326	0
0.486601	1.4631	0
0.489202	1.46295	0
0.49183	1.4628	0
0.494487	1.46265	0
0.497173	1.4625	0
0.499889	1.46234	0
0.502634	1.46219	0
0.505409	1.46204	0
0.508215	1.46189	0
0.511053	1.46174	0
0.513922	1.4616	0
0.516824	1.46145	0
0.519759	1.46131	0
0.522727	1.46116	0
0.52573	1.46102	0
0.528767	1.46088	0
0.531839	1.46073	0
0.534948	1.46059	0
0.538092	1.46044	0
0.541274	1.4603	0
0.544494	1.46015	0
0.547753	1.46001	0
0.55105	1.45987	0
0.554388	1.45974	0
0.557766	1.4596	0
0.561186	1.45946	0
0.564648	1.45932	0
0.568153	1.45919	0
0.571702	1.45905	0
0.575295	1.45891	0
0.578934	1.45877	0
0.582619	1.45864	0
0.586351	1.45851	0
0.590132	1.45838	0
0.593961	1.45825	0
0.597841	1.45812	0
0.601771	1.45799	0
0.605754	1.45786	0
0.609789	1.45774	0
0.613879	1.45761	0
0.618024	1.45748	0
0.622225	1.45735	0
0.626484	1.45722	0
0.630802	1.45709	0
0.635179	1.45696	0
0.639618	1.45683	0
0.644119	1.4567	0
0.648684	1.45658	0
0.653314	1.45645	0
0.658011	1.45633	0
0.662775	1.45621	0
0.667609	1.45609	0
0.672515	1.45596	0
0.677492	1.45584	0
0.682545	1.45571	0
0.687672	1.45559	0
0.692878	1.45547	0
0.698163	1.45534	0
0.703529	1.45522	0
0.708979	1.4551	0
0.714513	1.45498	0
0.720135	1.45485	0
0.725846	1.45473	0
0.731648	1.45461	0
0.737543	1.45449	0
0.743534	1.45437	0
0.749624	1.45425	0
0.755814	1.45413	0
0.762107	1.45401	0
0.768506	1.45389	0
0.775013	1.45377	0
0.781631	1.45365	0
0.788364	1.45353	0
0.795213	1.45341	0
0.802182	1.45329	0
0.809275	1.45317	0
0.816494	1.45305	0
0.823843	1.45292	0
0.831325	1.4528	0
0.838945	1.45268	0
0.846706	1.45256	0
0.854611	1.45244	0
0.862666	1.45232	0
0.870874	1.45219	0
0.879239	1.45207	0
0.887767	1.45194	0
0.896462	1.45182	0
0.905329	1.45169	0
0.914373	1.45155	0
0.9236	1.45142	0
0.933014	1.45129	0
0.942623	1.45116	0
0.952432	1.45102	0
0.962446	1.45089	0
0.972674	1.45076	0
0.983121	1.45063	0
0.993796	1.45049	0
1.0047	1.45036	0
1.01586	1.45023	0
1.02726	1.45008	0
1.03892	1.44993	0
1.05084	1.44979	0
1.06305	1.44964	0
1.07554	1.4495	0
1.08833	1.44935	0
1.10142	1.44919	0
1.11484	1.44904	0
1.12859	1.44888	0
1.14268	1.44869	0
1.15712	1.4485	0
1.17194	1.44831	0
1.18714	1.44811	0
1.20274	1.44792	0
1.21875	1.44773	0
1.2352	1.44754	0
1.25209	1.44735	0
1.26946	1.44715	0
1.28731	1.44696	0
1.30568	1.44677	0
1.32457	1.44658	0
1.34402	1.44638	0
1.36405	1.44619	0
1.38469	1.44595	0
1.40596	1.44571	0
1.42789	1.44545	0
1.45052	1.44518	0
1.47387	1.44492	0
1.498	1.44463	0
1.52292	1.44434	0
1.54869	1.44402	0
1.57534	1.44368	0
1.60293	1.44334	0
1.6315	1.443	0
1.66111	1.44266	0
1.69181	1.44228	0
1.72367	1.44185	0
1.75676	1.44141	0
1.79113	1.44096	0
1.82688	1.44048	0
1.86409	1.43994	0
1.90284	1.4394	0
1.94324	1.43886	0
1.98539	1.43828	0
2.02941	1.43763	0
2.07543	1.43694	0
2.12358	1.43619	0
2.17402	1.43538	0
2.22691	1.43449	0
2.28244	1.43359	0
2.34081	1.43264	0
2.40225	1.43155	0
2.467	1.4301	0
2.53533	1.4282	0
2.60756	1.4263	0
2.68402	1.42439	0
2.7651	1.42249	0
2.85124	1.42058	0
2.94291	1.41867	0
3.04068	1.41676	0
3.14516	1.41484	0
3.25708	1.41279	0
3.37726	1.40942	0
3.50665	1.40569	0
3.64634	1.40125	0
3.79763	1.39648	3.28E-05
3.96201	1.39045	7.13E-05
4.14127	1.3839	0.000102693
4.33752	1.37452	0.000176942
4.5533	1.36454	0.000329359
4.79167	1.35204	0.002347
5.05637	1.33804	0.00415927
5.35203	1.31845	0.00505393
5.68441	1.29466	0.00575441
6.06081	1.25861	0.00622538
6.49059	1.20526	0.00667559
6.98598	1.09713	0
7.56324	0.866699	0
8.24449	0.446963	0.683967
9.06061	0.886866	2.44515
10.0561	2.6401	0.452259
11.2972	1.80531	0.0706095
12.8879	1.81045	0.255695
15	1.58341	0.172688
