199.9744952	1.473062882	3.99873E-07
200.1358951	1.473062822	4.01206E-07
200.2975557	1.473062762	4.02545E-07
200.4594778	1.473062702	4.0389E-07
200.6216618	1.473062641	4.05242E-07
200.7841085	1.47306258	4.066E-07
200.9468185	1.473062519	4.07964E-07
201.1097924	1.473062458	4.09335E-07
201.2730308	1.473062396	4.10713E-07
201.4365345	1.473062335	4.12097E-07
201.6003041	1.473062273	4.13488E-07
201.7643401	1.473062211	4.14885E-07
201.9286433	1.473062148	4.1629E-07
202.0932143	1.473062086	4.17701E-07
202.2580538	1.473062023	4.19118E-07
202.4231624	1.47306196	4.20543E-07
202.5885408	1.473061897	4.21974E-07
202.7541897	1.473061834	4.23413E-07
202.9201097	1.47306177	4.24858E-07
203.0863014	1.473061706	4.2631E-07
203.2527656	1.473061642	4.2777E-07
203.4195029	1.473061578	4.29236E-07
203.586514	1.473061514	4.3071E-07
203.7537995	1.473061449	4.3219E-07
203.9213602	1.473061384	4.33678E-07
204.0891967	1.473061319	4.35174E-07
204.2573097	1.473061254	4.36676E-07
204.4256999	1.473061188	4.38186E-07
204.594368	1.473061122	4.39704E-07
204.7633146	1.473061056	4.41228E-07
204.9325405	1.47306099	4.42761E-07
205.1020463	1.473060923	4.44301E-07
205.2718328	1.473060857	4.45848E-07
205.4419006	1.47306079	4.47404E-07
205.6122504	1.473060723	4.48967E-07
205.782883	1.473060655	4.50537E-07
205.953799	1.473060588	4.52116E-07
206.1249992	1.47306052	4.53702E-07
206.2964842	1.473060452	4.55297E-07
206.4682548	1.473060383	4.56899E-07
206.6403117	1.473060315	4.58509E-07
206.8126555	1.473060246	4.60128E-07
206.9852871	1.473060177	4.61754E-07
207.1582072	1.473060107	4.63389E-07
207.3314164	1.473060038	4.65032E-07
207.5049155	1.473059968	4.66683E-07
207.6787052	1.473059898	4.68343E-07
207.8527863	1.473059828	4.70011E-07
208.0271594	1.473059757	4.71687E-07
208.2018254	1.473059686	4.73372E-07
208.3767849	1.473059615	4.75066E-07
208.5520387	1.473059544	4.76768E-07
208.7275875	1.473059472	4.78479E-07
208.9034322	1.4730594	4.80198E-07
209.0795734	1.473059328	4.81927E-07
209.2560118	1.473059256	4.83664E-07
209.4327483	1.473059183	4.8541E-07
209.6097836	1.47305911	4.87166E-07
209.7871184	1.473059037	4.8893E-07
209.9647536	1.473058964	4.90703E-07
210.1426898	1.47305889	4.92486E-07
210.3209279	1.473058816	4.94278E-07
210.4994686	1.473058742	4.96079E-07
210.6783127	1.473058668	4.97889E-07
210.8574609	1.473058593	4.99709E-07
211.036914	1.473058518	5.01538E-07
211.2166729	1.473058443	5.03377E-07
211.3967383	1.473058367	5.05226E-07
211.5771109	1.473058291	5.07084E-07
211.7577916	1.473058215	5.08952E-07
211.9387812	1.473058139	5.1083E-07
212.1200804	1.473058062	5.12717E-07
212.3016901	1.473057985	5.14615E-07
212.483611	1.473057908	5.16523E-07
212.6658439	1.47305783	5.1844E-07
212.8483897	1.473057752	5.20368E-07
213.0312491	1.473057674	5.22307E-07
213.214423	1.473057596	5.24255E-07
213.3979122	1.473057517	5.26214E-07
213.5817175	1.473057438	5.28183E-07
213.7658397	1.473057359	5.30163E-07
213.9502796	1.473057279	5.32154E-07
214.135038	1.473057199	5.34155E-07
214.3201158	1.473057119	5.36167E-07
214.5055138	1.473057039	5.38189E-07
214.6912329	1.473056958	5.40223E-07
214.8772738	1.473056877	5.42268E-07
215.0636375	1.473056796	5.44323E-07
215.2503247	1.473056714	5.4639E-07
215.4373362	1.473056632	5.48468E-07
215.624673	1.47305655	5.50558E-07
215.8123359	1.473056467	5.52659E-07
216.0003258	1.473056384	5.54771E-07
216.1886434	1.473056301	5.56895E-07
216.3772897	1.473056217	5.5903E-07
216.5662655	1.473056133	5.61177E-07
216.7555717	1.473056049	5.63336E-07
216.9452091	1.473055964	5.65507E-07
217.1351786	1.47305588	5.6769E-07
217.3254812	1.473055794	5.69885E-07
217.5161175	1.473055709	5.72092E-07
217.7070887	1.473055623	5.74311E-07
217.8983954	1.473055537	5.76543E-07
218.0900387	1.47305545	5.78787E-07
218.2820194	1.473055363	5.81043E-07
218.4743383	1.473055276	5.83313E-07
218.6669965	1.473055189	5.85594E-07
218.8599947	1.473055101	5.87889E-07
219.0533339	1.473055012	5.90197E-07
219.247015	1.473054924	5.92517E-07
219.4410389	1.473054835	5.94851E-07
219.6354066	1.473054746	5.97198E-07
219.8301188	1.473054656	5.99558E-07
220.0251766	1.473054566	6.01931E-07
220.2205808	1.473054476	6.04318E-07
220.4163324	1.473054385	6.06719E-07
220.6124324	1.473054294	6.09133E-07
220.8088816	1.473054203	6.11561E-07
221.0056809	1.473054111	6.14003E-07
221.2028314	1.473054019	6.16459E-07
221.4003339	1.473053926	6.18929E-07
221.5981895	1.473053833	6.21413E-07
221.7963989	1.47305374	6.23912E-07
221.9949633	1.473053646	6.26425E-07
222.1938835	1.473053552	6.28952E-07
222.3931605	1.473053458	6.31494E-07
222.5927953	1.473053363	6.34051E-07
222.7927889	1.473053268	6.36623E-07
222.9931421	1.473053173	6.3921E-07
223.193856	1.473053077	6.41812E-07
223.3949315	1.47305298	6.44429E-07
223.5963697	1.473052884	6.47061E-07
223.7981715	1.473052787	6.49709E-07
224.0003379	1.473052689	6.52373E-07
224.2028698	1.473052591	6.55052E-07
224.4057683	1.473052493	6.57747E-07
224.6090344	1.473052394	6.60458E-07
224.8126691	1.473052295	6.63185E-07
225.0166733	1.473052196	6.65929E-07
225.2210481	1.473052096	6.68688E-07
225.4257945	1.473051995	6.71464E-07
225.6309136	1.473051895	6.74257E-07
225.8364062	1.473051793	6.77067E-07
226.0422735	1.473051692	6.79893E-07
226.2485164	1.47305159	6.82736E-07
226.4551361	1.473051487	6.85596E-07
226.6621335	1.473051384	6.88474E-07
226.8695096	1.473051281	6.91369E-07
227.0772656	1.473051177	6.94282E-07
227.2854024	1.473051073	6.97212E-07
227.4939211	1.473050969	7.0016E-07
227.7028228	1.473050864	7.03126E-07
227.9121085	1.473050758	7.06111E-07
228.1217792	1.473050652	7.09113E-07
228.3318361	1.473050546	7.12134E-07
228.5422802	1.473050439	7.15173E-07
228.7531125	1.473050332	7.18232E-07
228.9643343	1.473050224	7.21309E-07
229.1759464	1.473050116	7.24405E-07
229.38795	1.473050007	7.2752E-07
229.6003463	1.473049898	7.30655E-07
229.8131362	1.473049788	7.33809E-07
230.026321	1.473049678	7.36983E-07
230.2399016	1.473049568	7.40176E-07
230.4538792	1.473049457	7.4339E-07
230.6682549	1.473049345	7.46624E-07
230.8830298	1.473049233	7.49878E-07
231.098205	1.473049121	7.53152E-07
231.3137817	1.473049008	7.56448E-07
231.529761	1.473048894	7.59764E-07
231.7461439	1.47304878	7.63101E-07
231.9629317	1.473048666	7.66459E-07
232.1801255	1.473048551	7.69839E-07
232.3977263	1.473048435	7.7324E-07
232.6157355	1.473048319	7.76663E-07
232.834154	1.473048203	7.80108E-07
233.0529831	1.473048086	7.83575E-07
233.2722239	1.473047968	7.87064E-07
233.4918776	1.47304785	7.90576E-07
233.7119453	1.473047732	7.94111E-07
233.9324283	1.473047613	7.97668E-07
234.1533277	1.473047493	8.01248E-07
234.3746446	1.473047373	8.04852E-07
234.5963803	1.473047252	8.08479E-07
234.818536	1.473047131	8.1213E-07
235.0411128	1.473047009	8.15805E-07
235.264112	1.473046887	8.19504E-07
235.4875347	1.473046764	8.23227E-07
235.7113821	1.47304664	8.26975E-07
235.9356556	1.473046516	8.30748E-07
236.1603562	1.473046392	8.34545E-07
236.3854852	1.473046267	8.38368E-07
236.6110439	1.473046141	8.42216E-07
236.8370334	1.473046015	8.4609E-07
237.0634551	1.473045888	8.49989E-07
237.29031	1.47304576	8.53915E-07
237.5175996	1.473045632	8.57867E-07
237.745325	1.473045503	8.61846E-07
237.9734875	1.473045374	8.65851E-07
238.2020884	1.473045244	8.69884E-07
238.4311288	1.473045114	8.73943E-07
238.6606102	1.473044983	8.78031E-07
238.8905337	1.473044851	8.82146E-07
239.1209007	1.473044719	8.86289E-07
239.3517124	1.473044586	8.9046E-07
239.58297	1.473044453	8.9466E-07
239.814675	1.473044318	8.98889E-07
240.0468287	1.473044184	9.03147E-07
240.2794322	1.473044048	9.07434E-07
240.5124869	1.473043912	9.11751E-07
240.7459942	1.473043776	9.16097E-07
240.9799553	1.473043638	9.20474E-07
241.2143716	1.4730435	9.24882E-07
241.4492444	1.473043362	9.2932E-07
241.684575	1.473043222	9.33789E-07
241.9203649	1.473043082	9.38289E-07
242.1566152	1.473042942	9.42822E-07
242.3933275	1.4730428	9.47386E-07
242.6305029	1.473042658	9.51982E-07
242.868143	1.473042515	9.5661E-07
243.106249	1.473042372	9.61272E-07
243.3448224	1.473042228	9.65967E-07
243.5838644	1.473042083	9.70695E-07
243.8233766	1.473041938	9.75457E-07
244.0633602	1.473041791	9.80253E-07
244.3038167	1.473041645	9.85083E-07
244.5447475	1.473041497	9.89949E-07
244.786154	1.473041348	9.94849E-07
245.0280375	1.473041199	9.99785E-07
245.2703996	1.47304105	1.00476E-06
245.5132416	1.473040899	1.00976E-06
245.7565649	1.473040748	1.01481E-06
246.000371	1.473040595	1.01989E-06
246.2446614	1.473040443	1.02501E-06
246.4894374	1.473040289	1.03016E-06
246.7347005	1.473040135	1.03536E-06
246.9804522	1.473039979	1.04059E-06
247.2266939	1.473039823	1.04586E-06
247.4734271	1.473039667	1.05117E-06
247.7206533	1.473039509	1.05652E-06
247.968374	1.473039351	1.06191E-06
248.2165906	1.473039192	1.06734E-06
248.4653046	1.473039032	1.07281E-06
248.7145176	1.473038871	1.07832E-06
248.9642309	1.473038709	1.08387E-06
249.2144462	1.473038547	1.08947E-06
249.465165	1.473038384	1.09511E-06
249.7163887	1.47303822	1.10079E-06
249.968119	1.473038055	1.10651E-06
250.2203572	1.473037889	1.11228E-06
250.4731051	1.473037722	1.11809E-06
250.726364	1.473037555	1.12394E-06
250.9801356	1.473037386	1.12984E-06
251.2344215	1.473037217	1.13579E-06
251.4892231	1.473037047	1.14178E-06
251.7445421	1.473036876	1.14782E-06
252.0003801	1.473036704	1.15391E-06
252.2567386	1.473036531	1.16004E-06
252.5136191	1.473036357	1.16622E-06
252.7710234	1.473036183	1.17245E-06
253.0289531	1.473036007	1.17873E-06
253.2874096	1.47303583	1.18506E-06
253.5463947	1.473035653	1.19144E-06
253.8059099	1.473035474	1.19787E-06
254.065957	1.473035295	1.20435E-06
254.3265374	1.473035115	1.21088E-06
254.587653	1.473034933	1.21746E-06
254.8493052	1.473034751	1.2241E-06
255.1114959	1.473034568	1.23079E-06
255.3742266	1.473034383	1.23753E-06
255.637499	1.473034198	1.24433E-06
255.9013148	1.473034012	1.25119E-06
256.1656756	1.473033824	1.2581E-06
256.4305832	1.473033636	1.26506E-06
256.6960393	1.473033446	1.27209E-06
256.9620456	1.473033256	1.27917E-06
257.2286037	1.473033064	1.28631E-06
257.4957155	1.473032872	1.2935E-06
257.7633825	1.473032678	1.30076E-06
258.0316067	1.473032483	1.30808E-06
258.3003896	1.473032287	1.31546E-06
258.5697331	1.47303209	1.3229E-06
258.8396388	1.473031892	1.3304E-06
259.1101087	1.473031693	1.33797E-06
259.3811444	1.473031493	1.3456E-06
259.6527476	1.473031291	1.35329E-06
259.9249203	1.473031089	1.36105E-06
260.1976642	1.473030885	1.36888E-06
260.4709811	1.47303068	1.37677E-06
260.7448728	1.473030474	1.38473E-06
261.0193411	1.473030267	1.39276E-06
261.2943878	1.473030058	1.40086E-06
261.5700148	1.473029849	1.40902E-06
261.8462239	1.473029638	1.41726E-06
262.1230169	1.473029426	1.42557E-06
262.4003958	1.473029212	1.43396E-06
262.6783623	1.473028998	1.44241E-06
262.9569183	1.473028782	1.45094E-06
263.2360658	1.473028565	1.45955E-06
263.5158066	1.473028346	1.46823E-06
263.7961426	1.473028126	1.47699E-06
264.0770756	1.473027905	1.48583E-06
264.3586077	1.473027683	1.49474E-06
264.6407407	1.473027459	1.50374E-06
264.9234765	1.473027234	1.51281E-06
265.2068171	1.473027008	1.52197E-06
265.4907645	1.47302678	1.53121E-06
265.7753205	1.473026551	1.54054E-06
266.0604871	1.473026321	1.54995E-06
266.3462664	1.473026089	1.55944E-06
266.6326602	1.473025856	1.56903E-06
266.9196706	1.473025621	1.5787E-06
267.2072996	1.473025385	1.58846E-06
267.4955491	1.473025147	1.59831E-06
267.7844212	1.473024908	1.60825E-06
268.0739178	1.473024668	1.61829E-06
268.3640411	1.473024426	1.62842E-06
268.6547931	1.473024182	1.63864E-06
268.9461757	1.473023937	1.64897E-06
269.2381911	1.47302369	1.65938E-06
269.5308413	1.473023442	1.6699E-06
269.8241284	1.473023192	1.68052E-06
270.1180545	1.473022941	1.69124E-06
270.4126216	1.473022688	1.70207E-06
270.7078319	1.473022434	1.71299E-06
271.0036874	1.473022178	1.72403E-06
271.3001904	1.47302192	1.73517E-06
271.5973428	1.473021661	1.74642E-06
271.8951469	1.473021399	1.75778E-06
272.1936048	1.473021137	1.76925E-06
272.4927187	1.473020872	1.78083E-06
272.7924906	1.473020606	1.79253E-06
273.0929229	1.473020338	1.80434E-06
273.3940176	1.473020068	1.81628E-06
273.695777	1.473019797	1.82833E-06
273.9982033	1.473019524	1.8405E-06
274.3012987	1.473019249	1.8528E-06
274.6050653	1.473018972	1.86522E-06
274.9095055	1.473018693	1.87777E-06
275.2146215	1.473018413	1.89045E-06
275.5204156	1.47301813	1.90325E-06
275.8268899	1.473017846	1.91619E-06
276.1340468	1.47301756	1.92926E-06
276.4418885	1.473017271	1.94247E-06
276.7504174	1.473016981	1.95582E-06
277.0596358	1.473016689	1.9693E-06
277.3695459	1.473016395	1.98293E-06
277.6801501	1.473016099	1.9967E-06
277.9914507	1.4730158	2.01062E-06
278.3034501	1.4730155	2.02469E-06
278.6161506	1.473015198	2.0389E-06
278.9295546	1.473014893	2.05327E-06
279.2436644	1.473014587	2.0678E-06
279.5584825	1.473014278	2.08248E-06
279.8740113	1.473013967	2.09732E-06
280.1902531	1.473013654	2.11233E-06
280.5072104	1.473013339	2.1275E-06
280.8248856	1.473013021	2.14284E-06
281.1432812	1.473012701	2.15834E-06
281.4623995	1.473012379	2.17403E-06
281.7822432	1.473012055	2.18988E-06
282.1028146	1.473011728	2.20592E-06
282.4241162	1.473011399	2.22213E-06
282.7461505	1.473011067	2.23853E-06
283.0689201	1.473010733	2.25512E-06
283.3924274	1.473010397	2.2719E-06
283.7166751	1.473010058	2.28887E-06
284.0416655	1.473009716	2.30604E-06
284.3674014	1.473009372	2.32341E-06
284.6938852	1.473009026	2.34098E-06
285.0211195	1.473008677	2.35875E-06
285.349107	1.473008325	2.37674E-06
285.6778502	1.47300797	2.39494E-06
286.0073518	1.473007613	2.41336E-06
286.3376143	1.473007254	2.432E-06
286.6686405	1.473006891	2.45087E-06
287.0004329	1.473006526	2.46996E-06
287.3329942	1.473006157	2.48929E-06
287.6663271	1.473005786	2.50885E-06
288.0004344	1.473005413	2.52866E-06
288.3353186	1.473005036	2.54871E-06
288.6709825	1.473004656	2.56901E-06
289.0074289	1.473004273	2.58957E-06
289.3446604	1.473003887	2.61038E-06
289.6826799	1.473003498	2.63146E-06
290.0214901	1.473003106	2.65281E-06
290.3610937	1.473002711	2.67443E-06
290.7014936	1.473002313	2.69633E-06
291.0426925	1.473001912	2.71852E-06
291.3846933	1.473001507	2.74099E-06
291.7274988	1.473001099	2.76377E-06
292.0711119	1.473000687	2.78684E-06
292.4155354	1.473000272	2.81022E-06
292.7607721	1.472999854	2.83391E-06
293.1068251	1.472999432	2.85792E-06
293.453697	1.472999007	2.88226E-06
293.801391	1.472998578	2.90693E-06
294.1499098	1.472998146	2.93193E-06
294.4992565	1.47299771	2.95729E-06
294.849434	1.47299727	2.983E-06
295.2004452	1.472996826	3.00906E-06
295.5522932	1.472996379	3.0355E-06
295.9049809	1.472995927	3.06231E-06
296.2585114	1.472995472	3.08951E-06
296.6128876	1.472995013	3.11709E-06
296.9681126	1.472994549	3.14508E-06
297.3241894	1.472994082	3.17348E-06
297.6811212	1.472993611	3.20229E-06
298.0389111	1.472993135	3.23153E-06
298.397562	1.472992655	3.26121E-06
298.7570771	1.47299217	3.29134E-06
299.1174596	1.472991682	3.32192E-06
299.4787126	1.472991188	3.35298E-06
299.8408392	1.47299069	3.38451E-06
300.2038426	1.472990188	3.41653E-06
300.5677261	1.472989681	3.44905E-06
300.9324927	1.472989169	3.48209E-06
301.2981458	1.472988653	3.51565E-06
301.6646886	1.472988131	3.54975E-06
302.0321242	1.472987605	3.5844E-06
302.4004561	1.472987073	3.61962E-06
302.7696874	1.472986536	3.65542E-06
303.1398215	1.472985994	3.69182E-06
303.5108617	1.472985447	3.72882E-06
303.8828113	1.472984895	3.76646E-06
304.2556736	1.472984337	3.80473E-06
304.6294521	1.472983773	3.84367E-06
305.0041501	1.472983204	3.88329E-06
305.3797709	1.472982629	3.9236E-06
305.7563181	1.472982048	3.96462E-06
306.1337951	1.472981461	4.00639E-06
306.5122052	1.472980868	4.0489E-06
306.891552	1.472980269	4.0922E-06
307.2718389	1.472979664	4.1363E-06
307.6530695	1.472979053	4.18122E-06
308.0352472	1.472978434	4.22699E-06
308.4183756	1.47297781	4.27363E-06
308.8024583	1.472977178	4.32118E-06
309.1874988	1.47297654	4.36965E-06
309.5735006	1.472975895	4.41908E-06
309.9604675	1.472975242	4.4695E-06
310.348403	1.472974582	4.52093E-06
310.7373108	1.472973915	4.57342E-06
311.1271945	1.472973241	4.62699E-06
311.5180578	1.472972558	4.68169E-06
311.9099044	1.472971868	4.73754E-06
312.302738	1.47297117	4.7946E-06
312.6965624	1.472970464	4.8529E-06
313.0913813	1.472969749	4.91248E-06
313.4871985	1.472969026	4.9734E-06
313.8840177	1.472968294	5.0357E-06
314.2818428	1.472967553	5.09942E-06
314.6806777	1.472966803	5.16464E-06
315.080526	1.472966044	5.23139E-06
315.4813919	1.472965275	5.29974E-06
315.883279	1.472964496	5.36976E-06
316.2861913	1.472963708	5.44151E-06
316.6901328	1.472962909	5.51505E-06
317.0951074	1.4729621	5.59047E-06
317.5011191	1.472961281	5.66784E-06
317.9081718	1.47296045	5.74725E-06
318.3162696	1.472959608	5.82878E-06
318.7254165	1.472958755	5.91253E-06
319.1356165	1.47295789	5.99859E-06
319.5468737	1.472957013	6.08708E-06
319.9591923	1.472956123	6.17809E-06
320.3725762	1.472955221	6.27176E-06
320.7870298	1.472954305	6.36821E-06
321.202557	1.472953376	6.46758E-06
321.6191621	1.472952433	6.57001E-06
322.0368494	1.472951476	6.67566E-06
322.4556229	1.472950504	6.78469E-06
322.875487	1.472949517	6.89728E-06
323.2964459	1.472948515	7.01363E-06
323.7185039	1.472947496	7.13394E-06
324.1416654	1.472946461	7.25843E-06
324.5659346	1.472945408	7.38734E-06
324.9913159	1.472944338	7.52093E-06
325.4178136	1.47294325	7.65947E-06
325.8454323	1.472942142	7.80327E-06
326.2741763	1.472941015	7.95266E-06
326.7040501	1.472939868	8.10798E-06
327.135058	1.4729387	8.26962E-06
327.5672048	1.47293751	8.438E-06
328.0004947	1.472936297	8.61357E-06
328.4349325	1.472935061	8.79683E-06
328.8705225	1.4729338	8.98832E-06
329.3072696	1.472932513	9.18864E-06
329.7451782	1.4729312	9.39844E-06
330.184253	1.472929859	9.61844E-06
330.6244987	1.47292849	9.84942E-06
331.0659199	1.47292709	1.00923E-05
331.5085214	1.472925658	1.03479E-05
331.9523079	1.472924193	1.06175E-05
332.3972842	1.472922694	1.09021E-05
332.843455	1.472921158	1.12032E-05
333.2908253	1.472919584	1.15221E-05
333.7393997	1.472917969	1.18605E-05
334.1891833	1.472916312	1.22203E-05
334.6401808	1.47291461	1.26035E-05
335.0923973	1.472912861	1.30125E-05
335.5458376	1.472911062	1.34499E-05
336.0005068	1.47290921	1.39187E-05
336.4564098	1.472907302	1.44224E-05
336.9135516	1.472905335	1.49647E-05
337.3719374	1.472903304	1.55502E-05
337.8315722	1.472901206	1.61839E-05
338.2924611	1.472899037	1.68717E-05
338.7546093	1.472896792	1.76204E-05
339.2180219	1.472894465	1.84378E-05
339.6827041	1.472892052	1.93332E-05
340.1486612	1.472889546	2.03172E-05
340.6158984	1.472886942	2.14023E-05
341.0844209	1.472884234	2.26035E-05
341.5542342	1.472881414	2.39381E-05
342.0253434	1.472878476	2.54271E-05
342.4977541	1.472875414	2.70951E-05
342.9714716	1.472872222	2.89718E-05
343.4465014	1.472868896	3.1093E-05
343.9228488	1.472865433	3.35013E-05
344.4005194	1.472861834	3.62487E-05
344.8795188	1.472858107	3.93973E-05
345.3598524	1.472854268	4.30227E-05
345.8415258	1.472850344	4.72149E-05
346.3245447	1.472846386	5.20814E-05
346.8089147	1.472842472	5.7748E-05
347.2946415	1.472838723	6.43574E-05
347.7817307	1.472835323	7.20643E-05
348.2701882	1.47283254	8.10201E-05
348.7600197	1.472830756	9.1343E-05
349.251231	1.47283049	0.000103063
349.7438279	1.472832401	0.000116035
350.2378164	1.472837241	0.000129814
350.7332023	1.472845713	0.000143537
351.2299915	1.472858208	0.000155864
351.7281901	1.472874458	0.000165138
352.227804	1.472893311	0.000169801
352.7288393	1.472912849	0.000168979
353.231302	1.472930924	0.000162867
353.7351983	1.472945843	0.000152642
354.2405343	1.472956773	0.000139959
354.7473162	1.472963714	0.0001264
355.2555501	1.472967201	0.000113141
355.7652425	1.47296798	0.000100888
356.2763994	1.47296678	8.99666E-05
356.7890273	1.472964213	8.0448E-05
357.3031326	1.472960747	7.22635E-05
357.8187215	1.472956721	6.52787E-05
358.3358006	1.472952371	5.93389E-05
358.8543763	1.472947856	5.42928E-05
359.3744551	1.47294328	5.00032E-05
359.8960435	1.472938709	4.63512E-05
360.4191483	1.472934184	4.32359E-05
360.9437758	1.472929728	4.05726E-05
361.4699329	1.472925353	3.82911E-05
361.9976263	1.472921063	3.63333E-05
362.5268626	1.472916858	3.46509E-05
363.0576486	1.472912733	3.32041E-05
363.5899912	1.472908683	3.19597E-05
364.1238972	1.472904701	3.08901E-05
364.6593735	1.47290078	2.99724E-05
365.1964271	1.472896913	2.91873E-05
365.7350649	1.472893092	2.85185E-05
366.2752939	1.47288931	2.79525E-05
366.8171213	1.47288556	2.74777E-05
367.3605541	1.472881836	2.70843E-05
367.9055994	1.472878131	2.6764E-05
368.4522645	1.472874439	2.65096E-05
369.0005565	1.472870755	2.63152E-05
369.5504829	1.472867074	2.61756E-05
370.1020507	1.472863389	2.60863E-05
370.6552676	1.472859696	2.60435E-05
371.2101407	1.472855991	2.6044E-05
371.7666777	1.472852269	2.60849E-05
372.3248859	1.472848525	2.61641E-05
372.8847729	1.472844755	2.62793E-05
373.4463464	1.472840956	2.6429E-05
374.0096139	1.472837123	2.66118E-05
374.5745831	1.472833252	2.68263E-05
375.1412617	1.472829339	2.70718E-05
375.7096576	1.472825381	2.73475E-05
376.2797785	1.472821374	2.76527E-05
376.8516322	1.472817313	2.79871E-05
377.4252268	1.472813196	2.83505E-05
378.0005701	1.472809018	2.87426E-05
378.5776702	1.472804776	2.91636E-05
379.1565352	1.472800465	2.96136E-05
379.737173	1.472796081	3.00928E-05
380.319592	1.472791621	3.06016E-05
380.9038003	1.472787081	3.11406E-05
381.4898062	1.472782456	3.17103E-05
382.0776179	1.472777742	3.23115E-05
382.6672438	1.472772934	3.2945E-05
383.2586924	1.472768029	3.36118E-05
383.8519721	1.47276302	3.43129E-05
384.4470915	1.472757904	3.50495E-05
385.044059	1.472752675	3.5823E-05
385.6428834	1.472747328	3.66348E-05
386.2435732	1.472741858	3.74865E-05
386.8461373	1.472736258	3.83798E-05
387.4505844	1.472730522	3.93167E-05
388.0569233	1.472724645	4.0299E-05
388.665163	1.47271862	4.13292E-05
389.2753124	1.472712439	4.24095E-05
389.8873805	1.472706096	4.35426E-05
390.5013764	1.472699583	4.47314E-05
391.1173091	1.472692892	4.59788E-05
391.735188	1.472686014	4.72882E-05
392.3550222	1.472678941	4.86631E-05
392.9768209	1.472671662	5.01075E-05
393.6005937	1.472664169	5.16256E-05
394.2263498	1.47265645	5.32219E-05
394.8540987	1.472648494	5.49013E-05
395.4838501	1.472640289	5.66693E-05
396.1156134	1.472631823	5.85317E-05
396.7493984	1.472623082	6.04949E-05
397.3852147	1.472614051	6.25658E-05
398.0230722	1.472604716	6.4752E-05
398.6629807	1.47259506	6.70616E-05
399.3049501	1.472585065	6.95039E-05
399.9489903	1.472574713	7.20886E-05
400.5951115	1.472563984	7.48267E-05
401.2433236	1.472552857	7.773E-05
401.893637	1.472541307	8.08117E-05
402.5460617	1.472529312	8.40863E-05
403.2006081	1.472516843	8.75696E-05
403.8572866	1.472503873	9.12795E-05
404.5161077	1.472490369	9.52353E-05
405.1770817	1.4724763	9.9459E-05
405.8402193	1.472461629	0.000103975
406.5055311	1.472446315	0.000108809
407.1730279	1.472430318	0.000113993
407.8427204	1.472413591	0.00011956
408.5146194	1.472396084	0.000125547
409.188736	1.472377742	0.000131998
409.865081	1.472358506	0.000138961
410.5436656	1.472338311	0.000146491
411.2245008	1.472317085	0.000154649
411.907598	1.472294752	0.000163506
412.5929684	1.472271225	0.000173143
413.2806233	1.472246413	0.000183652
413.9705743	1.472220212	0.00019514
414.6628328	1.472192511	0.000207731
415.3574104	1.472163185	0.000221566
416.0543188	1.4721321	0.000236811
416.7535697	1.472099106	0.00025366
417.4551751	1.47206404	0.00027234
418.1591467	1.472026723	0.000293119
418.8654966	1.471986961	0.000316315
419.5742369	1.471944541	0.000342305
420.2853797	1.471899236	0.00037154
420.9989372	1.471850804	0.000404562
421.7149218	1.471798988	0.000442027
422.4333458	1.471743532	0.00048473
423.1542218	1.471684183	0.000533641
423.8775624	1.471620715	0.00058995
424.6033801	1.471552959	0.000655122
425.3316878	1.471480856	0.000730968
426.0624983	1.471404532	0.000819728
426.7958244	1.471324428	0.00092418
427.5316793	1.471241493	0.001047749
428.270076	1.471157487	0.001194625
429.0110277	1.471075444	0.001369843
429.7545477	1.471000358	0.00157924
430.5006493	1.470940161	0.001829153
431.2493461	1.470907019	0.002125536
432.0006516	1.470918755	0.002472042
432.7545794	1.470999781	0.00286643
433.5111434	1.471179976	0.003294919
434.2703573	1.471488896	0.003725506
435.0322351	1.471942986	0.004104516
435.7967909	1.472528155	0.004364132
436.5640387	1.473189402	0.004445629
437.3339929	1.473842484	0.004328396
438.1066678	1.474406486	0.004041745
438.8820779	1.474833836	0.003648354
439.6602376	1.475117266	0.003214741
440.4411616	1.475276898	0.002790725
441.2248648	1.475343084	0.002404517
442.0113619	1.475344956	0.002067275
442.8006679	1.475305707	0.001779793
443.5927979	1.475242024	0.001537784
444.387767	1.475165187	0.001335118
445.1855907	1.475082499	0.001165508
445.9862842	1.474998532	0.00102325
446.7898631	1.474916039	0.000903468
447.596343	1.474836604	0.00080212
448.4057396	1.474761063	0.000715907
449.2180688	1.474689787	0.00064216
450.0333466	1.474622862	0.000578724
450.8515891	1.474560201	0.000523859
451.6728124	1.474501623	0.000476153
452.4970328	1.474446896	0.000434463
453.3242669	1.474395764	0.000397852
454.1545311	1.474347969	0.000365554
454.9878422	1.474303259	0.000336936
455.8242169	1.474261394	0.000311473
456.6636722	1.474222148	0.000288729
457.5062251	1.474185313	0.000268339
458.3518928	1.474150697	0.000249996
459.2006926	1.474118124	0.000233439
460.0526419	1.474087434	0.000218447
460.9077584	1.474058481	0.000204833
461.7660596	1.474031131	0.000192435
462.6275634	1.474005263	0.000181115
463.4922879	1.473980766	0.000170753
464.3602509	1.47395754	0.000161244
465.2314709	1.473935494	0.0001525
466.1059662	1.473914544	0.000144441
466.9837552	1.473894613	0.000136997
467.8648566	1.473875632	0.000130109
468.7492892	1.473857537	0.000123723
469.637072	1.473840269	0.000117792
470.5282239	1.473823775	0.000112274
471.4227643	1.473808006	0.000107131
472.3207124	1.473792916	0.000102332
473.2220878	1.473778463	9.78448E-05
474.1269101	1.47376461	9.36448E-05
475.0351992	1.47375132	8.97076E-05
475.946975	1.47373856	8.6012E-05
476.8622577	1.4737263	8.25387E-05
477.7810674	1.473714513	7.92702E-05
478.7034247	1.473703171	7.6191E-05
479.6293501	1.47369225	7.32866E-05
480.5588643	1.473681728	7.05443E-05
481.4919883	1.473671584	6.79521E-05
482.4287432	1.473661799	6.54995E-05
483.3691501	1.473652353	6.31765E-05
484.3132305	1.473643229	6.09743E-05
485.2610059	1.473634413	5.88847E-05
486.212498	1.473625888	5.69001E-05
487.1677289	1.473617641	5.50136E-05
488.1267205	1.473609658	5.32189E-05
489.0894951	1.473601928	5.15102E-05
490.0560751	1.473594438	4.9882E-05
491.0264832	1.473587178	4.83294E-05
492.0007421	1.473580138	4.68479E-05
492.9788748	1.473573307	4.5433E-05
493.9609044	1.473566677	4.4081E-05
494.9468543	1.473560239	4.27881E-05
495.936748	1.473553985	4.1551E-05
496.9306092	1.473547907	4.03665E-05
497.9284618	1.473541998	3.92316E-05
498.93033	1.473536252	3.81437E-05
499.9362379	1.473530661	3.71002E-05
500.9462101	1.473525219	3.60986E-05
501.9602713	1.473519921	3.51369E-05
502.9784462	1.473514761	3.42129E-05
504.0007602	1.473509734	3.33246E-05
505.0272383	1.473504835	3.24703E-05
506.0579061	1.473500059	3.16482E-05
507.0927894	1.473495402	3.08567E-05
508.1319139	1.473490858	3.00944E-05
509.175306	1.473486425	2.93599E-05
510.2229918	1.473482098	2.86517E-05
511.2749979	1.473477873	2.79686E-05
512.3313512	1.473473748	2.73096E-05
513.3920787	1.473469718	2.66734E-05
514.4572075	1.47346578	2.6059E-05
515.5267651	1.473461931	2.54654E-05
516.6007792	1.473458169	2.48918E-05
517.6792777	1.47345449	2.43372E-05
518.7622887	1.473450891	2.38007E-05
519.8498407	1.473447371	2.32817E-05
520.9419622	1.473443927	2.27793E-05
522.0386821	1.473440555	2.22929E-05
523.1400295	1.473437255	2.18218E-05
524.2460338	1.473434023	2.13653E-05
525.3567246	1.473430858	2.09229E-05
526.4721316	1.473427758	2.04939E-05
527.5922851	1.47342472	2.00779E-05
528.7172154	1.473421743	1.96743E-05
529.846953	1.473418825	1.92826E-05
530.9815289	1.473415965	1.89024E-05
532.1209742	1.47341316	1.85332E-05
533.2653204	1.47341041	1.81746E-05
534.4145991	1.473407711	1.78262E-05
535.5688423	1.473405065	1.74877E-05
536.7280823	1.473402467	1.71585E-05
537.8923514	1.473399918	1.68385E-05
539.0616826	1.473397416	1.65273E-05
540.2361089	1.47339496	1.62244E-05
541.4156638	1.473392548	1.59298E-05
542.6003807	1.47339018	1.5643E-05
543.7902939	1.473387854	1.53637E-05
544.9854374	1.473385569	1.50918E-05
546.1858458	1.473383324	1.48269E-05
547.3915541	1.473381117	1.45689E-05
548.6025973	1.473378949	1.43174E-05
549.8190111	1.473376818	1.40723E-05
551.0408311	1.473374724	1.38334E-05
552.2680935	1.473372664	1.36004E-05
553.5008348	1.473370639	1.33731E-05
554.7390917	1.473368647	1.31514E-05
555.9829013	1.473366688	1.29351E-05
557.2323011	1.473364761	1.2724E-05
558.4873288	1.473362865	1.25179E-05
559.7480226	1.473360999	1.23167E-05
561.0144208	1.473359163	1.21203E-05
562.2865624	1.473357357	1.19284E-05
563.5644864	1.473355578	1.17409E-05
564.8482323	1.473353828	1.15578E-05
566.1378402	1.473352104	1.13788E-05
567.4333501	1.473350407	1.12039E-05
568.7348028	1.473348736	1.10329E-05
570.0422391	1.47334709	1.08657E-05
571.3557005	1.473345469	1.07022E-05
572.6752286	1.473343872	1.05423E-05
574.0008657	1.473342298	1.03858E-05
575.3326543	1.473340748	1.02328E-05
576.6706372	1.473339221	1.0083E-05
578.0148578	1.473337716	9.93644E-06
579.3653598	1.473336232	9.79296E-06
580.7221874	1.47333477	9.65249E-06
582.085385	1.473333329	9.51495E-06
583.4549976	1.473331908	9.38026E-06
584.8310708	1.473330507	9.24833E-06
586.2136501	1.473329125	9.1191E-06
587.602782	1.473327763	8.99249E-06
588.9985131	1.473326419	8.86842E-06
590.4008905	1.473325094	8.74684E-06
591.8099618	1.473323787	8.62767E-06
593.2257751	1.473322498	8.51086E-06
594.6483789	1.473321226	8.39633E-06
596.0778221	1.473319971	8.28403E-06
597.5141542	1.473318733	8.1739E-06
598.9574251	1.473317511	8.06589E-06
600.4076852	1.473316305	7.95994E-06
601.8649854	1.473315115	7.856E-06
603.3293771	1.47331394	7.75402E-06
604.8009122	1.473312781	7.65394E-06
606.279643	1.473311636	7.55573E-06
607.7656225	1.473310506	7.45933E-06
609.2589042	1.473309391	7.36471E-06
610.7595419	1.473308289	7.27181E-06
612.2675901	1.473307201	7.18059E-06
613.783104	1.473306127	7.09102E-06
615.306139	1.473305066	7.00306E-06
616.8367512	1.473304019	6.91666E-06
618.3749975	1.473302984	6.83178E-06
619.920935	1.473301961	6.74841E-06
621.4746216	1.473300951	6.66649E-06
623.0361156	1.473299954	6.58599E-06
624.6054761	1.473298968	6.50688E-06
626.1827626	1.473297994	6.42913E-06
627.7680354	1.473297032	6.35271E-06
629.3613553	1.473296081	6.27759E-06
630.9627837	1.473295141	6.20373E-06
632.5723827	1.473294213	6.13111E-06
634.1902148	1.473293295	6.05971E-06
635.8163436	1.473292387	5.98948E-06
637.4508329	1.473291491	5.92042E-06
639.0937474	1.473290604	5.85249E-06
640.7451525	1.473289728	5.78566E-06
642.405114	1.473288861	5.71992E-06
644.0736987	1.473288005	5.65524E-06
645.750974	1.473287158	5.59159E-06
647.4370078	1.47328632	5.52896E-06
649.1318691	1.473285492	5.46732E-06
650.8356273	1.473284673	5.40665E-06
652.5483526	1.473283863	5.34693E-06
654.2701161	1.473283062	5.28815E-06
656.0009894	1.47328227	5.23027E-06
657.7410451	1.473281487	5.17329E-06
659.4903564	1.473280712	5.11718E-06
661.2489973	1.473279945	5.06193E-06
663.0170428	1.473279187	5.00752E-06
664.7945684	1.473278436	4.95392E-06
666.5816505	1.473277694	4.90114E-06
668.3783666	1.47327696	4.84914E-06
670.1847946	1.473276233	4.79791E-06
672.0010136	1.473275514	4.74744E-06
673.8271033	1.473274802	4.69771E-06
675.6631444	1.473274098	4.64871E-06
677.5092186	1.473273402	4.60042E-06
679.3654082	1.473272712	4.55283E-06
681.2317967	1.47327203	4.50593E-06
683.1084683	1.473271354	4.4597E-06
684.9955083	1.473270686	4.41413E-06
686.8930028	1.473270024	4.3692E-06
688.8010389	1.473269369	4.32491E-06
690.7197047	1.473268721	4.28124E-06
692.6490894	1.473268079	4.23818E-06
694.5892829	1.473267444	4.19572E-06
696.5403764	1.473266814	4.15384E-06
698.502462	1.473266192	4.11254E-06
700.4756328	1.473265575	4.07181E-06
702.459983	1.473264965	4.03163E-06
704.455608	1.47326436	3.992E-06
706.462604	1.473263761	3.9529E-06
708.4810686	1.473263169	3.91433E-06
710.5111003	1.473262582	3.87627E-06
712.5527989	1.473262	3.83872E-06
714.6062651	1.473261425	3.80167E-06
716.6716012	1.473260855	3.7651E-06
718.7489101	1.47326029	3.72902E-06
720.8382965	1.473259731	3.6934E-06
722.9398659	1.473259177	3.65825E-06
725.0537251	1.473258628	3.62355E-06
727.1799824	1.473258085	3.58929E-06
729.3187471	1.473257546	3.55548E-06
731.4701298	1.473257013	3.52209E-06
733.6342426	1.473256485	3.48913E-06
735.8111988	1.473255961	3.45659E-06
738.0011131	1.473255443	3.42445E-06
740.2041015	1.473254929	3.39272E-06
742.4202814	1.47325442	3.36138E-06
744.6497718	1.473253916	3.33043E-06
746.8926928	1.473253416	3.29986E-06
749.1491662	1.473252921	3.26967E-06
751.4193152	1.473252431	3.23984E-06
753.7032644	1.473251944	3.21038E-06
756.0011402	1.473251463	3.18127E-06
758.3130703	1.473250986	3.15252E-06
760.639184	1.473250513	3.12411E-06
762.9796123	1.473250044	3.09604E-06
765.3344877	1.473249579	3.0683E-06
767.7039443	1.473249119	3.04089E-06
770.088118	1.473248663	3.01381E-06
772.4871464	1.47324821	2.98704E-06
774.9011688	1.473247762	2.96059E-06
777.330326	1.473247318	2.93444E-06
779.774761	1.473246877	2.90859E-06
782.2346183	1.473246441	2.88305E-06
784.7100443	1.473246008	2.85779E-06
787.2011873	1.473245579	2.83283E-06
789.7081975	1.473245154	2.80814E-06
792.2312268	1.473244733	2.78374E-06
794.7704295	1.473244315	2.75962E-06
797.3259614	1.473243901	2.73576E-06
799.8979806	1.47324349	2.71217E-06
802.4866472	1.473243083	2.68884E-06
805.0921234	1.47324268	2.66577E-06
807.7145733	1.47324228	2.64296E-06
810.3541634	1.473241883	2.62039E-06
813.0110623	1.47324149	2.59807E-06
815.6854408	1.4732411	2.576E-06
818.3774719	1.473240713	2.55416E-06
821.0873311	1.47324033	2.53256E-06
823.815196	1.47323995	2.51119E-06
826.5612467	1.473239573	2.49005E-06
829.3256656	1.473239199	2.46914E-06
832.1086376	1.473238828	2.44845E-06
834.9103502	1.473238461	2.42797E-06
837.7309932	1.473238096	2.40771E-06
840.5707593	1.473237735	2.38767E-06
843.4298435	1.473237376	2.36783E-06
846.3084437	1.473237021	2.34819E-06
849.2067603	1.473236668	2.32877E-06
852.1249966	1.473236319	2.30954E-06
855.0633586	1.473235972	2.2905E-06
858.0220554	1.473235628	2.27167E-06
861.0012986	1.473235287	2.25302E-06
864.0013031	1.473234949	2.23456E-06
867.0222867	1.473234613	2.21629E-06
870.0644702	1.473234281	2.1982E-06
873.1280775	1.473233951	2.18029E-06
876.2133357	1.473233623	2.16256E-06
879.3204752	1.473233299	2.14501E-06
882.4497295	1.473232977	2.12762E-06
885.6013357	1.473232657	2.11041E-06
888.7755341	1.47323234	2.09337E-06
891.9725683	1.473232026	2.07649E-06
895.1926859	1.473231714	2.05978E-06
898.4361377	1.473231405	2.04323E-06
901.7031782	1.473231098	2.02684E-06
904.9940657	1.473230794	2.0106E-06
908.3090623	1.473230492	1.99452E-06
911.6484338	1.473230193	1.97859E-06
915.0124502	1.473229896	1.96282E-06
918.4013852	1.473229601	1.94719E-06
921.8155167	1.473229308	1.9317E-06
925.2551269	1.473229018	1.91637E-06
928.7205019	1.473228731	1.90117E-06
932.2119323	1.473228445	1.88612E-06
935.7297132	1.473228162	1.8712E-06
939.2741439	1.473227881	1.85642E-06
942.8455285	1.473227602	1.84178E-06
946.4441756	1.473227326	1.82727E-06
950.0703985	1.473227051	1.81289E-06
953.7245154	1.473226779	1.79864E-06
957.4068494	1.473226509	1.78452E-06
961.1177287	1.473226241	1.77052E-06
964.8574864	1.473225975	1.75665E-06
968.6264609	1.473225711	1.7429E-06
972.4249961	1.47322545	1.72928E-06
976.2534409	1.47322519	1.71577E-06
980.1121502	1.473224932	1.70238E-06
984.0014841	1.473224677	1.68911E-06
987.9218088	1.473224423	1.67596E-06
991.873496	1.473224171	1.66291E-06
995.8569237	1.473223922	1.64998E-06
999.8724758	1.473223674	1.63716E-06
1003.920543	1.473223428	1.62446E-06
1008.00152	1.473223184	1.61185E-06
1012.115812	1.473222942	1.59936E-06
1016.263828	1.473222702	1.58697E-06
1020.445984	1.473222463	1.57468E-06
1024.662702	1.473222227	1.5625E-06
1028.914415	1.473221992	1.55042E-06
1033.201558	1.473221759	1.53844E-06
1037.524577	1.473221528	1.52656E-06
1041.883924	1.473221299	1.51477E-06
1046.280059	1.473221072	1.50308E-06
1050.713449	1.473220846	1.49149E-06
1055.18457	1.473220622	1.47999E-06
1059.693906	1.4732204	1.46858E-06
1064.241948	1.473220179	1.45727E-06
1068.829198	1.47321996	1.44604E-06
1073.456165	1.473219743	1.43491E-06
1078.123365	1.473219528	1.42386E-06
1082.831328	1.473219314	1.4129E-06
1087.580588	1.473219102	1.40203E-06
1092.371692	1.473218891	1.39124E-06
1097.205195	1.473218682	1.38054E-06
1102.081662	1.473218475	1.36992E-06
1107.00167	1.473218269	1.35938E-06
1111.965803	1.473218065	1.34892E-06
1116.974658	1.473217862	1.33854E-06
1122.028842	1.473217661	1.32824E-06
1127.128973	1.473217462	1.31802E-06
1132.27568	1.473217264	1.30788E-06
1137.469606	1.473217067	1.29781E-06
1142.711401	1.473216873	1.28782E-06
1148.001731	1.473216679	1.2779E-06
1153.341274	1.473216487	1.26806E-06
1158.73072	1.473216297	1.25829E-06
1164.17077	1.473216108	1.24859E-06
1169.662142	1.47321592	1.23896E-06
1175.205564	1.473215734	1.2294E-06
1180.801781	1.47321555	1.21991E-06
1186.45155	1.473215366	1.21049E-06
1192.155644	1.473215185	1.20114E-06
1197.91485	1.473215004	1.19185E-06
1203.729971	1.473214825	1.18263E-06
1209.601824	1.473214648	1.17348E-06
1215.531245	1.473214471	1.16439E-06
1221.519084	1.473214296	1.15536E-06
1227.566208	1.473214123	1.1464E-06
1233.673502	1.473213951	1.1375E-06
1239.84187	1.47321378	1.12866E-06
1246.072231	1.47321361	1.11988E-06
1252.365525	1.473213442	1.11116E-06
1258.722711	1.473213275	1.1025E-06
1265.144765	1.47321311	1.0939E-06
1271.632687	1.473212946	1.08536E-06
1278.187495	1.473212783	1.07688E-06
1284.810228	1.473212621	1.06845E-06
1291.501948	1.47321246	1.06008E-06
1298.263738	1.473212301	1.05176E-06
1305.096705	1.473212143	1.0435E-06
1312.001979	1.473211987	1.03529E-06
1318.980713	1.473211831	1.02714E-06
1326.034086	1.473211677	1.01904E-06
1333.163301	1.473211524	1.01099E-06
1340.369589	1.473211372	1.00299E-06
1347.654207	1.473211221	9.95043E-07
1355.018437	1.473211072	9.87147E-07
1362.463593	1.473210924	9.79302E-07
1369.991017	1.473210777	9.71505E-07
1377.602078	1.473210631	9.63758E-07
1385.298179	1.473210486	9.56058E-07
1393.080753	1.473210343	9.48407E-07
1400.951266	1.4732102	9.40802E-07
1408.911216	1.473210059	9.33245E-07
1416.962137	1.473209919	9.25733E-07
1425.105598	1.47320978	9.18267E-07
1433.343202	1.473209642	9.10845E-07
1441.676593	1.473209505	9.03469E-07
1450.10745	1.473209369	8.96136E-07
1458.637494	1.473209235	8.88847E-07
1467.268485	1.473209101	8.81601E-07
1476.002226	1.473208969	8.74397E-07
1484.840563	1.473208838	8.67236E-07
1493.785386	1.473208708	8.60116E-07
1502.83863	1.473208578	8.53037E-07
1512.00228	1.47320845	8.45999E-07
1521.278368	1.473208323	8.39001E-07
1530.668975	1.473208197	8.32043E-07
1540.176236	1.473208072	8.25123E-07
1549.802338	1.473207949	8.18243E-07
1559.549522	1.473207826	8.11401E-07
1569.420089	1.473207704	8.04597E-07
1579.416395	1.473207583	7.97831E-07
1589.540859	1.473207463	7.91101E-07
1599.795961	1.473207345	7.84409E-07
1610.184247	1.473207227	7.77752E-07
1620.708327	1.47320711	7.71131E-07
1631.370882	1.473206994	7.64546E-07
1642.174662	1.473206879	7.57996E-07
1653.122493	1.473206766	7.5148E-07
1664.217275	1.473206653	7.44999E-07
1675.461986	1.473206541	7.38551E-07
1686.859687	1.47320643	7.32137E-07
1698.413521	1.47320632	7.25756E-07
1710.126717	1.473206211	7.19407E-07
1722.002597	1.473206103	7.13091E-07
1734.044573	1.473205996	7.06806E-07
1746.256155	1.47320589	7.00554E-07
1758.64095	1.473205785	6.94332E-07
1771.202671	1.473205681	6.88141E-07
1783.945137	1.473205578	6.81981E-07
1796.872275	1.473205475	6.75851E-07
1809.988131	1.473205374	6.69751E-07
1823.296868	1.473205273	6.6368E-07
1836.80277	1.473205174	6.57638E-07
1850.510254	1.473205075	6.51625E-07
1864.423865	1.473204977	6.4564E-07
1878.548288	1.47320488	6.39683E-07
1892.888351	1.473204784	6.33755E-07
1907.449031	1.473204689	6.27853E-07
1922.235457	1.473204595	6.21979E-07
1937.252922	1.473204502	6.16131E-07
1952.506882	1.473204409	6.1031E-07
1968.002968	1.473204318	6.04515E-07
1983.746992	1.473204227	5.98746E-07
1999.744952	1.473204137	5.93003E-07
2016.003041	1.473204048	5.87284E-07
2032.527656	1.47320396	5.81591E-07
2049.325405	1.473203873	5.75922E-07
2066.403117	1.473203786	5.70278E-07
2083.767849	1.473203701	5.64657E-07
2101.426898	1.473203616	5.59061E-07
2119.387812	1.473203532	5.53488E-07
2137.658397	1.473203449	5.47938E-07
2156.24673	1.473203367	5.42411E-07
2175.161175	1.473203286	5.36906E-07
2194.410389	1.473203205	5.31424E-07
2214.003339	1.473203125	5.25964E-07
2233.949315	1.473203047	5.20526E-07
2254.257945	1.473202968	5.15109E-07
2274.939211	1.473202891	5.09713E-07
2296.003463	1.473202815	5.04339E-07
2317.461439	1.473202739	4.98985E-07
2339.324283	1.473202664	4.93652E-07
2361.603562	1.47320259	4.88339E-07
2384.311288	1.473202517	4.83046E-07
2407.459942	1.473202445	4.77772E-07
2431.06249	1.473202373	4.72518E-07
2455.132416	1.473202302	4.67283E-07
2479.68374	1.473202232	4.62067E-07
2504.731051	1.473202163	4.5687E-07
2530.289531	1.473202094	4.51691E-07
2556.37499	1.473202027	4.46531E-07
2583.003896	1.47320196	4.41388E-07
2610.193411	1.473201894	4.36263E-07
2637.961426	1.473201828	4.31156E-07
2666.326602	1.473201764	4.26066E-07
2695.308413	1.4732017	4.20993E-07
2724.927187	1.473201637	4.15936E-07
2755.204156	1.473201574	4.10897E-07
2786.161506	1.473201513	4.05873E-07
2817.822432	1.473201452	4.00866E-07
2850.211195	1.473201392	3.95874E-07
2883.353186	1.473201333	3.90899E-07
2917.274988	1.473201274	3.85938E-07
2952.004452	1.473201216	3.80993E-07
2987.570771	1.473201159	3.76063E-07
3024.004561	1.473201103	3.71147E-07
3061.337951	1.473201047	3.66247E-07
3099.604675	1.473200992	3.6136E-07
3138.840177	1.473200938	3.56488E-07
3179.081718	1.473200885	3.51629E-07
3220.368494	1.473200832	3.46785E-07
3262.741763	1.47320078	3.41954E-07
3306.244987	1.473200729	3.37136E-07
3350.923973	1.473200679	3.32331E-07
3396.827041	1.473200629	3.27539E-07
3444.005194	1.47320058	3.2276E-07
3492.51231	1.473200532	3.17993E-07
3542.405343	1.473200484	3.13239E-07
3593.744551	1.473200437	3.08496E-07
3646.593735	1.473200391	3.03766E-07
3701.020507	1.473200345	2.99047E-07
3757.096576	1.473200301	2.9434E-07
3814.898062	1.473200257	2.89644E-07
3874.505844	1.473200213	2.84959E-07
3936.005937	1.473200171	2.80285E-07
3999.489903	1.473200129	2.75621E-07
4065.055311	1.473200088	2.70969E-07
4132.806233	1.473200047	2.66326E-07
4202.853797	1.473200007	2.61694E-07
4275.316793	1.473199968	2.57072E-07
4350.322351	1.47319993	2.52459E-07
4428.006679	1.473199892	2.47856E-07
4508.515891	1.473199855	2.43263E-07
4592.006926	1.473199819	2.38678E-07
4678.648566	1.473199783	2.34103E-07
4768.622577	1.473199748	2.29537E-07
4862.12498	1.473199714	2.24979E-07
4959.36748	1.47319968	2.2043E-07
5060.579061	1.473199648	2.15889E-07
5166.007792	1.473199615	2.11356E-07
5275.922851	1.473199584	2.06831E-07
5390.616826	1.473199553	2.02314E-07
5510.408311	1.473199523	1.97805E-07
5635.644864	1.473199493	1.93303E-07
5766.706372	1.473199464	1.88808E-07
5904.008905	1.473199436	1.8432E-07
6048.009122	1.473199409	1.79839E-07
6199.20935	1.473199382	1.75365E-07
