                                                                                           300.00000                                                                                              3.38050                                                                                              0.72666 
                                                                                           304.01337                                                                                              3.40484                                                                                              0.69352 
                                                                                           308.02676                                                                                              3.42866                                                                                              0.65213 
                                                                                           312.04013                                                                                              3.44969                                                                                              0.60253 
                                                                                           316.05350                                                                                              3.46535                                                                                              0.54609 
                                                                                           320.06689                                                                                              3.47262                                                                                              0.48454 
                                                                                           324.08026                                                                                              3.47126                                                                                              0.42006 
                                                                                           328.09366                                                                                              3.46015                                                                                              0.35518 
                                                                                           332.10703                                                                                              3.43981                                                                                              0.29232 
                                                                                           336.12039                                                                                              3.41065                                                                                              0.23386 
                                                                                           340.13379                                                                                              3.37455                                                                                              0.18181 
                                                                                           344.14716                                                                                              3.33239                                                                                              0.13781 
                                                                                           348.16052                                                                                              3.28830                                                                                              0.10300 
                                                                                           352.17392                                                                                              3.24384                                                                                              0.07736 
                                                                                           356.18729                                                                                              3.20215                                                                                              0.05885 
                                                                                           360.20068                                                                                              3.16482                                                                                              0.04528 
                                                                                           364.21405                                                                                              3.13057                                                                                              0.03492 
                                                                                           368.22742                                                                                              3.09877                                                                                              0.02696 
                                                                                           372.24081                                                                                              3.06960                                                                                              0.02078 
                                                                                           376.25418                                                                                              3.04328                                                                                              0.01604 
                                                                                           380.26755                                                                                              3.01900                                                                                              0.01237 
                                                                                           384.28094                                                                                              2.99651                                                                                              0.00954 
                                                                                           388.29431                                                                                              2.97556                                                                                              0.00738 
                                                                                           392.30768                                                                                              2.95609                                                                                              0.00572 
                                                                                           396.32108                                                                                              2.93793                                                                                              0.00444 
                                                                                           400.33444                                                                                              2.92103                                                                                              0.00345 
                                                                                           404.34784                                                                                              2.90526                                                                                              0.00269 
                                                                                           408.36121                                                                                              2.89055                                                                                              0.00211 
                                                                                           412.37457                                                                                              2.87672                                                                                              0.00166 
                                                                                           416.38797                                                                                              2.86376                                                                                              0.00131 
                                                                                           420.40134                                                                                              2.85156                                                                                              0.00104 
                                                                                           424.41470                                                                                              2.84011                                                                                              0.00083 
                                                                                           428.42810                                                                                              2.82908                                                                                              0.00066 
                                                                                           432.44147                                                                                              2.81839                                                                                              0.00053 
                                                                                           436.45486                                                                                              2.80826                                                                                              0.00043 
                                                                                           440.46823                                                                                              2.79857                                                                                              0.00035 
                                                                                           444.48160                                                                                              2.78966                                                                                              0.00029 
                                                                                           448.49500                                                                                              2.78128                                                                                              0.00024 
                                                                                           452.50836                                                                                              2.77330                                                                                              0.00020 
                                                                                           456.52173                                                                                              2.76522                                                                                              0.00017 
                                                                                           460.53513                                                                                              2.75736                                                                                              0.00014 
                                                                                           464.54849                                                                                              2.75021                                                                                              0.00012 
                                                                                           468.56186                                                                                              2.74358                                                                                              0.00011 
                                                                                           472.57526                                                                                              2.73687                                                                                              0.00009 
                                                                                           476.58862                                                                                              2.73006                                                                                              0.00008 
                                                                                           480.60202                                                                                              2.72399                                                                                              0.00007 
                                                                                           484.61539                                                                                              2.71848                                                                                              0.00007 
                                                                                           488.62875                                                                                              2.71237                                                                                              0.00006 
                                                                                           492.64215                                                                                              2.70664                                                                                              0.00005 
                                                                                           496.65552                                                                                              2.70178                                                                                              0.00005 
                                                                                           500.66888                                                                                              2.69634                                                                                              0.00005 
                                                                                           504.68228                                                                                              2.69119                                                                                              0.00004 
                                                                                           508.69565                                                                                              2.68693                                                                                              0.00004 
                                                                                           512.70905                                                                                              2.68181                                                                                              0.00004 
                                                                                           516.72241                                                                                              2.67735                                                                                              0.00004 
                                                                                           520.73578                                                                                              2.67317                                                                                              0.00004 
                                                                                           524.74915                                                                                              2.66839                                                                                              0.00003 
                                                                                           528.76251                                                                                              2.66486                                                                                              0.00003 
                                                                                           532.77594                                                                                              2.66047                                                                                              0.00003 
                                                                                           536.78931                                                                                              2.65679                                                                                              0.00003 
                                                                                           540.80267                                                                                              2.65307                                                                                              0.00003 
                                                                                           544.81604                                                                                              2.64917                                                                                              0.00003 
                                                                                           548.82941                                                                                              2.64601                                                                                              0.00003 
                                                                                           552.84283                                                                                              2.64205                                                                                              0.00003 
                                                                                           556.85620                                                                                              2.63933                                                                                              0.00003 
                                                                                           560.86957                                                                                              2.63536                                                                                              0.00003 
                                                                                           564.88293                                                                                              2.63292                                                                                              0.00003 
                                                                                           568.89630                                                                                              2.62922                                                                                              0.00003 
                                                                                           572.90973                                                                                              2.62681                                                                                              0.00002 
                                                                                           576.92310                                                                                              2.62323                                                                                              0.00002 
                                                                                           580.93646                                                                                              2.62103                                                                                              0.00002 
                                                                                           584.94983                                                                                              2.61757                                                                                              0.00002 
                                                                                           588.96320                                                                                              2.61557                                                                                              0.00002 
                                                                                           592.97656                                                                                              2.61226                                                                                              0.00002 
                                                                                           596.98999                                                                                              2.61027                                                                                              0.00002 
                                                                                           601.00336                                                                                              2.60733                                                                                              0.00002 
                                                                                           605.01672                                                                                              2.60520                                                                                              0.00002 
                                                                                           609.03009                                                                                              2.60263                                                                                              0.00002 
                                                                                           613.04346                                                                                              2.60029                                                                                              0.00002 
                                                                                           617.05688                                                                                              2.59822                                                                                              0.00002 
                                                                                           621.07025                                                                                              2.59561                                                                                              0.00002 
                                                                                           625.08362                                                                                              2.59406                                                                                              0.00002 
                                                                                           629.09698                                                                                              2.59132                                                                                              0.00002 
                                                                                           633.11035                                                                                              2.58968                                                                                              0.00002 
                                                                                           637.12372                                                                                              2.58759                                                                                              0.00002 
                                                                                           641.13715                                                                                              2.58546                                                                                              0.00002 
                                                                                           645.15051                                                                                              2.58393                                                                                              0.00002 
                                                                                           649.16388                                                                                              2.58138                                                                                              0.00002 
                                                                                           653.17725                                                                                              2.57990                                                                                              0.00002 
                                                                                           657.19061                                                                                              2.57803                                                                                              0.00002 
                                                                                           661.20404                                                                                              2.57593                                                                                              0.00002 
                                                                                           665.21741                                                                                              2.57473                                                                                              0.00002 
                                                                                           669.23077                                                                                              2.57260                                                                                              0.00002 
                                                                                           673.24414                                                                                              2.57095                                                                                              0.00002 
                                                                                           677.25751                                                                                              2.56972                                                                                              0.00002 
                                                                                           681.27087                                                                                              2.56759                                                                                              0.00002 
                                                                                           685.28430                                                                                              2.56626                                                                                              0.00002 
                                                                                           689.29767                                                                                              2.56491                                                                                              0.00002 
                                                                                           693.31104                                                                                              2.56287                                                                                              0.00002 
                                                                                           697.32440                                                                                              2.56176                                                                                              0.00002 
                                                                                           701.33777                                                                                              2.56044                                                                                              0.00002 
                                                                                           705.35120                                                                                              2.55853                                                                                              0.00002 
                                                                                           709.36456                                                                                              2.55750                                                                                              0.00002 
                                                                                           713.37793                                                                                              2.55629                                                                                              0.00002 
                                                                                           717.39130                                                                                              2.55446                                                                                              0.00002 
                                                                                           721.40466                                                                                              2.55344                                                                                              0.00002 
                                                                                           725.41803                                                                                              2.55245                                                                                              0.00002 
                                                                                           729.43146                                                                                              2.55074                                                                                              0.00002 
                                                                                           733.44482                                                                                              2.54958                                                                                              0.00002 
                                                                                           737.45819                                                                                              2.54879                                                                                              0.00002 
                                                                                           741.47156                                                                                              2.54717                                                                                              0.00002 
                                                                                           745.48492                                                                                              2.54578                                                                                              0.00002 
                                                                                           749.49835                                                                                              2.54508                                                                                              0.00002 
                                                                                           753.51172                                                                                              2.54388                                                                                              0.00002 
                                                                                           757.52509                                                                                              2.54233                                                                                              0.00002 
                                                                                           761.53845                                                                                              2.54154                                                                                              0.00002 
                                                                                           765.55182                                                                                              2.54081                                                                                              0.00002 
                                                                                           769.56525                                                                                              2.53933                                                                                              0.00002 
                                                                                           773.57861                                                                                              2.53811                                                                                              0.00002 
                                                                                           777.59198                                                                                              2.53752                                                                                              0.00001 
                                                                                           781.60535                                                                                              2.53657                                                                                              0.00001 
                                                                                           785.61871                                                                                              2.53519                                                                                              0.00001 
                                                                                           789.63208                                                                                              2.53429                                                                                              0.00001 
                                                                                           793.64551                                                                                              2.53372                                                                                              0.00001 
                                                                                           797.65887                                                                                              2.53264                                                                                              0.00001 
                                                                                           801.67224                                                                                              2.53132                                                                                              0.00001 
                                                                                           805.68561                                                                                              2.53060                                                                                              0.00001 
                                                                                           809.69897                                                                                              2.53010                                                                                              0.00001 
                                                                                           813.71240                                                                                              2.52904                                                                                              0.00001 
                                                                                           817.72577                                                                                              2.52781                                                                                              0.00001 
                                                                                           821.73914                                                                                              2.52714                                                                                              0.00001 
                                                                                           825.75250                                                                                              2.52667                                                                                              0.00001 
                                                                                           829.76587                                                                                              2.52572                                                                                              0.00001 
                                                                                           833.77924                                                                                              2.52456                                                                                              0.00001 
                                                                                           837.79266                                                                                              2.52382                                                                                              0.00001 
                                                                                           841.80603                                                                                              2.52342                                                                                              0.00001 
                                                                                           845.81940                                                                                              2.52272                                                                                              0.00001 
                                                                                           849.83276                                                                                              2.52164                                                                                              0.00001 
                                                                                           853.84613                                                                                              2.52071                                                                                              0.00001 
                                                                                           857.85956                                                                                              2.52030                                                                                              0.00001 
                                                                                           861.87292                                                                                              2.51989                                                                                              0.00001 
                                                                                           865.88629                                                                                              2.51883                                                                                              0.00001 
                                                                                           869.89966                                                                                              2.51778                                                                                              0.00001 
                                                                                           873.91302                                                                                              2.51722                                                                                              0.00001 
                                                                                           877.92639                                                                                              2.51686                                                                                              0.00001 
                                                                                           881.93982                                                                                              2.51627                                                                                              0.00001 
                                                                                           885.95319                                                                                              2.51529                                                                                              0.00001 
                                                                                           889.96655                                                                                              2.51432                                                                                              0.00001 
                                                                                           893.97992                                                                                              2.51398                                                                                              0.00001 
                                                                                           897.99329                                                                                              2.51365                                                                                              0.00001 
                                                                                           902.00671                                                                                              2.51299                                                                                              0.00001 
                                                                                           906.02008                                                                                              2.51207                                                                                              0.00001 
                                                                                           910.03345                                                                                              2.51119                                                                                              0.00001 
                                                                                           914.04681                                                                                              2.51090                                                                                              0.00001 
                                                                                           918.06018                                                                                              2.51061                                                                                              0.00001 
                                                                                           922.07361                                                                                              2.51003                                                                                              0.00001 
                                                                                           926.08698                                                                                              2.50917                                                                                              0.00001 
                                                                                           930.10034                                                                                              2.50832                                                                                              0.00001 
                                                                                           934.11371                                                                                              2.50799                                                                                              0.00001 
                                                                                           938.12708                                                                                              2.50772                                                                                              0.00001 
                                                                                           942.14044                                                                                              2.50731                                                                                              0.00001 
                                                                                           946.15387                                                                                              2.50649                                                                                              0.00001 
                                                                                           950.16724                                                                                              2.50567                                                                                              0.00002 
                                                                                           954.18060                                                                                              2.50516                                                                                              0.00002 
                                                                                           958.19397                                                                                              2.50492                                                                                              0.00003 
                                                                                           962.20734                                                                                              2.50468                                                                                              0.00003 
                                                                                           966.22076                                                                                              2.50407                                                                                              0.00004 
                                                                                           970.23413                                                                                              2.50332                                                                                              0.00005 
                                                                                           974.24750                                                                                              2.50258                                                                                              0.00006 
                                                                                           978.26086                                                                                              2.50231                                                                                              0.00005 
                                                                                           982.27423                                                                                              2.50210                                                                                              0.00005 
                                                                                           986.28760                                                                                              2.50190                                                                                              0.00004 
                                                                                           990.30103                                                                                              2.50121                                                                                              0.00004 
                                                                                           994.31439                                                                                              2.50050                                                                                              0.00003 
                                                                                           998.32776                                                                                              2.49979                                                                                              0.00003 
                                                                                          1002.34113                                                                                              2.49958                                                                                              0.00003 
                                                                                          1006.35449                                                                                              2.49941                                                                                              0.00002 
                                                                                          1010.36792                                                                                              2.49923                                                                                              0.00002 
                                                                                          1014.38129                                                                                              2.49863                                                                                              0.00002 
                                                                                          1018.39465                                                                                              2.49797                                                                                              0.00002 
                                                                                          1022.40802                                                                                              2.49732                                                                                              0.00002 
                                                                                          1026.42139                                                                                              2.49702                                                                                              0.00002 
                                                                                          1030.43481                                                                                              2.49684                                                                                              0.00001 
                                                                                          1034.44812                                                                                              2.49666                                                                                              0.00001 
                                                                                          1038.46155                                                                                              2.49625                                                                                              0.00001 
                                                                                          1042.47498                                                                                              2.49562                                                                                              0.00001 
                                                                                          1046.48828                                                                                              2.49499                                                                                              0.00001 
                                                                                          1050.50171                                                                                              2.49446                                                                                              0.00001 
                                                                                          1054.51501                                                                                              2.49431                                                                                              0.00001 
                                                                                          1058.52844                                                                                              2.49416                                                                                              0.00001 
                                                                                          1062.54175                                                                                              2.49401                                                                                              0.00001 
                                                                                          1066.55518                                                                                              2.49352                                                                                              0.00001 
                                                                                          1070.56860                                                                                              2.49295                                                                                              0.00001 
                                                                                          1074.58191                                                                                              2.49237                                                                                              0.00001 
                                                                                          1078.59534                                                                                              2.49194                                                                                              0.00001 
                                                                                          1082.60864                                                                                              2.49180                                                                                              0.00001 
                                                                                          1086.62207                                                                                              2.49167                                                                                              0.00001 
                                                                                          1090.63550                                                                                              2.49154                                                                                              0.00001 
                                                                                          1094.64880                                                                                              2.49111                                                                                              0.00001 
                                                                                          1098.66223                                                                                              2.49057                                                                                              0.00001 
                                                                                          1102.67554                                                                                              2.49003                                                                                              0.00001 
                                                                                          1106.68896                                                                                              2.48952                                                                                              0.00001 
                                                                                          1110.70239                                                                                              2.48941                                                                                              0.00001 
                                                                                          1114.71570                                                                                              2.48930                                                                                              0.00001 
                                                                                          1118.72913                                                                                              2.48919                                                                                              0.00001 
                                                                                          1122.74243                                                                                              2.48898                                                                                              0.00001 
                                                                                          1126.75586                                                                                              2.48848                                                                                              0.00001 
                                                                                          1130.76929                                                                                              2.48798                                                                                              0.00001 
                                                                                          1134.78259                                                                                              2.48749                                                                                              0.00001 
                                                                                          1138.79602                                                                                              2.48715                                                                                              0.00001 
                                                                                          1142.80933                                                                                              2.48705                                                                                              0.00001 
                                                                                          1146.82275                                                                                              2.48695                                                                                              0.00001 
                                                                                          1150.83606                                                                                              2.48685                                                                                              0.00001 
                                                                                          1154.84949                                                                                              2.48660                                                                                              0.00001 
                                                                                          1158.86292                                                                                              2.48613                                                                                              0.00001 
                                                                                          1162.87622                                                                                              2.48566                                                                                              0.00001 
                                                                                          1166.88965                                                                                              2.48520                                                                                              0.00001 
                                                                                          1170.90295                                                                                              2.48485                                                                                              0.00001 
                                                                                          1174.91638                                                                                              2.48477                                                                                              0.00001 
                                                                                          1178.92981                                                                                              2.48469                                                                                              0.00001 
                                                                                          1182.94312                                                                                              2.48461                                                                                              0.00001 
                                                                                          1186.95654                                                                                              2.48450                                                                                              0.00001 
                                                                                          1190.96985                                                                                              2.48407                                                                                              0.00001 
                                                                                          1194.98328                                                                                              2.48365                                                                                              0.00001 
                                                                                          1198.99670                                                                                              2.48322                                                                                              0.00001 
                                                                                          1203.01001                                                                                              2.48280                                                                                              0.00001 
                                                                                          1207.02344                                                                                              2.48263                                                                                              0.00001 
                                                                                          1211.03674                                                                                              2.48256                                                                                              0.00001 
                                                                                          1215.05017                                                                                              2.48249                                                                                              0.00001 
                                                                                          1219.06360                                                                                              2.48242                                                                                              0.00001 
                                                                                          1223.07690                                                                                              2.48227                                                                                              0.00001 
                                                                                          1227.09033                                                                                              2.48187                                                                                              0.00001 
                                                                                          1231.10364                                                                                              2.48148                                                                                              0.00001 
                                                                                          1235.11707                                                                                              2.48108                                                                                              0.00001 
                                                                                          1239.13049                                                                                              2.48069                                                                                              0.00001 
                                                                                          1243.14380                                                                                              2.48052                                                                                              0.00001 
                                                                                          1247.15723                                                                                              2.48047                                                                                              0.00001 
                                                                                          1251.17053                                                                                              2.48043                                                                                              0.00001 
                                                                                          1255.18396                                                                                              2.48038                                                                                              0.00001 
                                                                                          1259.19727                                                                                              2.48033                                                                                              0.00001 
                                                                                          1263.21069                                                                                              2.48001                                                                                              0.00001 
                                                                                          1267.22412                                                                                              2.47966                                                                                              0.00001 
                                                                                          1271.23743                                                                                              2.47930                                                                                              0.00001 
                                                                                          1275.25085                                                                                              2.47895                                                                                              0.00001 
                                                                                          1279.26416                                                                                              2.47860                                                                                              0.00001 
                                                                                          1283.27759                                                                                              2.47853                                                                                              0.00001 
                                                                                          1287.29102                                                                                              2.47847                                                                                              0.00001 
                                                                                          1291.30432                                                                                              2.47841                                                                                              0.00001 
                                                                                          1295.31775                                                                                              2.47836                                                                                              0.00001 
                                                                                          1299.33105                                                                                              2.47830                                                                                              0.00001 
                                                                                          1303.34448                                                                                              2.47797                                                                                              0.00001 
                                                                                          1307.35791                                                                                              2.47762                                                                                              0.00001 
                                                                                          1311.37122                                                                                              2.47727                                                                                              0.00001 
                                                                                          1315.38464                                                                                              2.47693                                                                                              0.00001 
                                                                                          1319.39795                                                                                              2.47658                                                                                              0.00001 
                                                                                          1323.41138                                                                                              2.47645                                                                                              0.00001 
                                                                                          1327.42480                                                                                              2.47641                                                                                              0.00001 
                                                                                          1331.43811                                                                                              2.47637                                                                                              0.00001 
                                                                                          1335.45154                                                                                              2.47633                                                                                              0.00001 
                                                                                          1339.46484                                                                                              2.47629                                                                                              0.00001 
                                                                                          1343.47827                                                                                              2.47617                                                                                              0.00001 
                                                                                          1347.49170                                                                                              2.47586                                                                                              0.00001 
                                                                                          1351.50500                                                                                              2.47554                                                                                              0.00001 
                                                                                          1355.51843                                                                                              2.47524                                                                                              0.00001 
                                                                                          1359.53174                                                                                              2.47493                                                                                              0.00001 
                                                                                          1363.54517                                                                                              2.47462                                                                                              0.00001 
                                                                                          1367.55847                                                                                              2.47451                                                                                              0.00001 
                                                                                          1371.57190                                                                                              2.47448                                                                                              0.00001 
                                                                                          1375.58533                                                                                              2.47445                                                                                              0.00001 
                                                                                          1379.59863                                                                                              2.47441                                                                                              0.00001 
                                                                                          1383.61206                                                                                              2.47438                                                                                              0.00001 
                                                                                          1387.62537                                                                                              2.47435                                                                                              0.00001 
                                                                                          1391.63879                                                                                              2.47407                                                                                              0.00001 
                                                                                          1395.65222                                                                                              2.47378                                                                                              0.00001 
                                                                                          1399.66553                                                                                              2.47350                                                                                              0.00001 
                                                                                          1403.67896                                                                                              2.47321                                                                                              0.00001 
                                                                                          1407.69226                                                                                              2.47293                                                                                              0.00001 
                                                                                          1411.70569                                                                                              2.47265                                                                                              0.00001 
                                                                                          1415.71912                                                                                              2.47263                                                                                              0.00001 
                                                                                          1419.73242                                                                                              2.47261                                                                                              0.00001 
                                                                                          1423.74585                                                                                              2.47259                                                                                              0.00001 
                                                                                          1427.75916                                                                                              2.47257                                                                                              0.00001 
                                                                                          1431.77258                                                                                              2.47255                                                                                              0.00001 
                                                                                          1435.78601                                                                                              2.47253                                                                                              0.00001 
                                                                                          1439.79932                                                                                              2.47231                                                                                              0.00001 
                                                                                          1443.81274                                                                                              2.47205                                                                                              0.00001 
                                                                                          1447.82605                                                                                              2.47180                                                                                              0.00001 
                                                                                          1451.83948                                                                                              2.47154                                                                                              0.00001 
                                                                                          1455.85278                                                                                              2.47129                                                                                              0.00001 
                                                                                          1459.86621                                                                                              2.47103                                                                                              0.00001 
                                                                                          1463.87964                                                                                              2.47088                                                                                              0.00001 
                                                                                          1467.89294                                                                                              2.47086                                                                                              0.00001 
                                                                                          1471.90637                                                                                              2.47084                                                                                              0.00001 
                                                                                          1475.91968                                                                                              2.47082                                                                                              0.00001 
                                                                                          1479.93311                                                                                              2.47080                                                                                              0.00001 
                                                                                          1483.94653                                                                                              2.47078                                                                                              0.00001 
                                                                                          1487.95984                                                                                              2.47076                                                                                              0.00001 
                                                                                          1491.97327                                                                                              2.47056                                                                                              0.00001 
                                                                                          1495.98657                                                                                              2.47032                                                                                              0.00001 
                                                                                          1500.00000                                                                                              2.47008                                                                                              0.00001 
